# Constructed from biom file
#OTU ID	s0	s1	s2	s3	s4	s5	s6	s7	s8	s9	s10	s11	s12	s13	s14	s15	s16	s17	s18	s19	s20	s21	s22	s23	s24	s25	s26	s27	s28	s29	s30	s31	s32	s33	s34	s35	s36	s37	s38	s39	s40	s41	s42	s43	s44	s45	s46	s47	s48	s49	s50	s51	s52	s53	s54	s55	s56	s57	s58	s59	s60	s61	s62	s63	s64	s65	s66	s67	s68	s69	s70	s71	s72	s73	s74	s75	s76	s77	s78	s79
o0	4	0	0	0	0	0	0	0	0	0	0	0	0	0	5	0	0	0	0	0	0	0	0	0	0	0	0	4	4	0	0	0	1	0	0	0	0	5	0	0	2	0	0	0	0	0	6	0	0	1	0	0	0	1	0	0	7	0	0	0	3	0	0	0	0	0	0	0	0	0	0	0	5	0	0	1	5	0	0	1
o1	0	3	0	0	0	0	0	4	0	0	2	0	5	3	0	0	5	0	0	4	3	3	0	0	0	0	4	2	5	0	0	0	0	0	0	3	1	0	7	0	0	0	0	5	0	0	0	0	0	0	6	2	0	0	0	0	0	2	0	3	0	0	0	0	0	2	0	3	0	0	0	0	0	0	5	0	2	0	0	0
o2	0	0	0	0	0	4	0	0	6	3	0	0	0	3	0	0	4	0	4	0	0	3	0	0	0	1	0	2	5	0	0	0	6	0	0	0	1	0	0	0	1	0	0	1	0	0	5	3	0	0	0	0	5	0	0	1	0	0	0	0	0	6	0	0	8	1	0	0	1	0	0	0	0	0	0	0	0	6	0	9
o3	0	0	0	0	0	0	0	0	0	0	0	0	0	0	0	0	0	0	9	2	0	0	0	0	2	0	0	0	0	5	0	0	4	0	0	0	4	3	0	0	0	4	3	0	0	0	0	1	0	0	0	0	0	0	5	0	0	0	0	0	1	0	7	0	4	0	2	12	0	0	0	1	0	0	0	0	0	0	5	0
o4	0	4	0	0	0	0	2	4	0	0	0	0	0	4	0	0	0	0	3	0	0	3	2	0	5	4	0	0	6	0	0	0	0	0	0	0	0	0	0	2	0	0	0	0	2	0	0	0	0	0	0	0	0	0	0	2	5	3	0	1	0	1	0	1	1	0	0	0	0	0	0	0	3	0	0	0	2	0	0	0
o5	0	0	0	0	4	6	5	0	0	3	0	3	3	6	0	0	0	4	0	1	0	0	0	0	0	3	4	0	0	2	0	4	0	0	0	0	0	0	4	0	0	3	0	0	5	0	0	0	0	0	1	0	0	4	0	0	0	0	0	0	0	0	0	3	0	0	2	0	8	1	2	0	4	2	0	0	0	5	0	0
o6	0	3	0	0	0	0	0	0	0	0	3	0	0	4	6	0	0	0	0	0	0	0	0	0	4	0	0	0	0	0	0	0	2	5	2	0	0	0	3	0	0	0	0	0	0	0	0	0	0	6	1	0	0	4	0	0	0	0	0	0	1	0	0	0	0	0	0	0	0	0	0	1	0	0	0	3	1	5	0	0
o7	0	0	0	0	0	0	0	0	0	3	0	0	0	0	0	0	0	0	4	0	0	6	3	0	0	3	0	2	0	0	3	0	0	5	1	0	0	0	3	1	4	1	0	0	0	0	0	0	2	0	0	4	7	0	3	0	0	0	0	0	0	1	0	2	0	0	0	1	0	6	0	3	4	0	0	0	0	0	0	0
o8	5	0	0	0	3	3	0	0	3	3	0	0	0	0	0	0	0	0	0	0	0	0	0	0	3	0	0	0	0	0	0	1	0	0	0	5	3	0	2	0	0	0	5	0	2	0	0	0	0	0	3	0	2	0	0	3	0	0	0	0	0	0	0	0	0	0	0	0	3	0	0	0	5	1	3	5	0	0	0	0
o9	0	1	0	0	0	0	0	5	0	0	5	0	0	0	0	0	0	5	0	0	0	0	2	0	0	0	0	3	0	0	4	0	0	0	4	0	0	0	0	0	0	0	0	4	0	0	0	0	0	5	2	2	0	0	0	0	2	0	6	0	0	0	0	2	0	5	5	0	1	0	0	0	0	0	5	2	0	0	0	0
o10	0	5	4	0	0	0	0	0	0	0	0	0	0	0	3	5	0	0	0	4	0	0	0	0	0	0	0	4	0	0	6	0	2	0	0	4	1	0	0	0	0	0	0	0	0	0	0	0	0	3	0	3	3	0	0	0	0	0	0	0	0	5	0	0	0	5	0	0	4	0	0	3	7	0	0	0	0	0	0	0
o11	0	0	0	1	0	0	0	0	0	0	5	5	0	0	0	0	0	0	0	0	0	0	0	0	3	0	1	2	0	0	0	0	0	0	0	0	0	5	0	0	3	0	0	2	0	4	0	0	0	0	0	4	0	0	0	0	0	0	1	0	0	0	0	0	0	0	0	0	2	0	3	0	0	0	4	0	5	0	10	0
o12	0	0	0	7	3	0	0	0	1	0	5	0	2	0	0	0	0	0	0	0	5	0	0	0	6	0	4	1	2	0	0	0	0	0	0	0	0	0	0	0	0	0	0	0	0	0	0	0	0	0	0	0	0	0	0	4	0	0	1	0	0	0	0	0	0	0	5	2	0	5	0	0	0	4	1	4	0	0	1	0
o13	0	1	5	0	0	3	0	0	0	0	6	3	0	0	0	0	0	6	0	0	0	0	0	0	0	0	0	0	0	0	0	0	0	0	4	0	0	0	0	0	0	0	0	0	5	0	0	0	0	0	0	0	0	0	0	0	0	5	0	0	7	0	0	0	0	0	1	0	0	0	5	0	0	4	0	0	0	0	5	0
o14	5	1	0	0	0	0	2	0	0	0	0	5	3	0	0	0	5	0	0	0	0	0	1	0	0	5	0	6	2	0	0	0	2	0	0	3	0	0	0	0	0	0	1	0	0	0	2	0	0	3	0	1	0	0	0	0	0	2	0	0	0	0	9	0	0	2	2	0	0	0	0	0	0	0	0	0	0	6	1	0
o15	0	1	0	6	0	0	0	0	3	0	0	0	1	0	2	0	1	0	1	0	0	0	0	4	0	3	0	0	0	0	6	0	0	6	0	0	0	0	0	0	0	0	1	1	0	0	5	0	3	0	8	0	0	6	0	0	0	0	3	0	0	0	0	4	0	0	0	0	0	0	5	3	0	6	3	0	1	0	0	5
o16	4	0	0	0	0	0	0	3	0	0	4	0	5	0	0	0	1	0	0	0	0	0	0	0	1	0	0	0	0	0	0	4	0	0	0	0	0	0	3	0	0	0	1	0	0	4	0	0	2	6	0	0	0	0	0	1	2	0	0	0	0	0	0	5	2	0	0	0	0	0	0	0	0	1	4	0	2	6	0	5
o17	1	4	0	0	0	4	0	2	3	0	0	1	0	5	5	0	0	0	0	0	0	4	0	2	0	0	0	0	0	0	0	0	1	0	0	7	3	0	0	0	0	2	0	0	0	0	3	6	0	3	9	0	2	0	0	4	1	0	0	1	0	0	0	3	2	0	0	0	0	3	0	0	0	0	0	6	7	2	6	0
o18	0	0	6	0	0	0	0	0	3	0	0	0	4	0	0	0	0	0	0	0	2	0	0	0	3	1	0	5	0	5	0	0	1	0	0	0	0	1	0	0	0	0	0	0	0	0	2	0	0	0	1	0	0	0	4	0	0	0	0	3	0	0	6	0	2	3	4	0	0	0	0	0	1	0	0	0	0	0	0	4
o19	1	0	4	0	0	0	0	0	5	0	1	0	3	1	2	2	0	0	0	2	0	0	0	0	0	0	0	0	0	0	0	0	0	0	0	0	0	0	0	6	0	0	1	0	0	0	4	0	0	0	0	0	0	0	6	0	0	0	0	0	0	1	0	0	3	5	0	0	0	0	3	0	0	0	1	0	0	0	0	0
o20	2	0	0	0	0	1	1	0	0	0	0	0	1	0	0	4	1	0	0	0	0	0	0	0	0	0	0	0	1	0	3	0	0	4	0	0	1	3	0	5	5	0	0	3	0	0	0	0	0	0	0	0	4	0	0	0	0	0	5	0	4	1	0	0	0	0	0	3	2	0	0	3	0	0	0	2	0	0	0	0
o21	0	0	0	2	0	0	0	0	0	3	0	0	0	0	1	0	0	0	0	0	0	0	0	0	0	0	0	2	1	5	3	0	0	5	3	0	0	0	0	0	0	0	0	5	0	4	0	6	0	3	0	0	0	3	3	0	0	0	0	0	0	0	0	3	0	0	2	0	0	0	0	0	0	0	0	0	0	0	0	1
o22	0	5	0	0	0	0	0	3	0	5	0	0	0	2	0	0	0	0	0	0	0	0	0	0	0	0	0	0	0	0	0	0	0	0	0	0	0	1	0	0	2	1	0	0	1	0	0	2	0	0	0	0	0	0	0	4	0	0	0	0	0	2	0	4	0	0	0	0	0	0	0	0	1	1	0	0	3	3	0	5
o23	0	0	0	0	0	0	0	1	6	3	0	0	4	0	0	0	0	0	0	0	0	0	0	0	0	0	0	0	0	0	0	0	0	0	6	0	0	0	4	0	0	0	0	0	0	7	0	0	5	4	0	3	0	1	0	0	0	0	0	0	0	0	0	0	0	0	0	3	0	0	8	0	0	0	0	0	5	0	0	0
o24	0	0	0	4	0	3	0	0	4	0	2	5	0	0	0	0	7	3	0	0	0	0	0	0	0	0	3	0	0	0	0	0	0	0	3	0	0	0	0	0	4	0	0	0	0	0	5	4	0	0	0	0	0	4	0	3	0	0	0	0	0	0	0	4	0	0	0	0	0	0	6	0	0	0	0	0	3	0	0	3
o25	0	0	0	0	0	0	0	0	0	0	0	0	0	1	0	5	0	0	0	0	0	4	0	0	0	2	0	3	2	0	0	0	0	0	0	0	3	0	0	0	0	4	1	0	1	3	0	0	0	0	0	5	0	0	3	3	0	0	4	0	0	6	0	0	0	0	0	4	0	1	0	5	0	0	1	0	2	0	0	2
o26	0	0	0	5	0	0	0	0	0	0	0	0	0	0	6	0	0	0	0	0	0	0	0	0	4	0	0	0	0	0	0	0	0	0	0	0	0	0	0	0	0	0	3	0	0	0	1	0	3	6	0	0	0	0	6	0	5	0	0	5	0	0	4	0	0	0	0	0	0	0	0	0	0	0	0	0	1	0	0	0
o27	0	3	0	0	0	0	0	0	0	5	0	0	0	0	0	3	1	0	0	0	0	0	0	0	0	0	0	0	3	0	0	2	0	0	0	0	0	0	0	0	0	0	6	2	0	6	5	0	0	0	0	5	0	0	0	0	0	0	0	0	0	4	0	4	0	4	1	3	6	0	0	0	0	0	0	0	0	0	0	2
o28	0	0	0	0	0	0	0	1	0	0	0	0	0	0	0	0	1	0	1	0	6	0	0	4	3	2	0	0	0	3	0	0	5	0	0	4	3	0	0	1	0	0	0	0	0	0	0	0	0	0	0	0	0	0	0	0	0	0	2	0	0	0	0	0	0	0	4	0	0	0	0	0	0	0	0	0	3	0	0	0
o29	0	0	5	1	0	0	0	0	0	0	0	2	0	0	0	0	2	0	0	0	0	0	0	0	0	0	0	1	1	0	2	0	0	0	0	6	0	1	0	0	0	0	0	0	0	0	0	0	0	1	0	0	0	0	0	2	0	3	3	0	0	0	0	0	0	0	4	1	4	0	0	0	0	3	0	4	0	0	0	0
o30	0	0	6	0	0	5	0	0	0	0	0	0	3	0	0	0	0	0	0	0	0	0	2	0	0	0	0	3	4	0	0	0	0	0	0	0	0	0	0	0	0	0	0	3	0	0	0	0	2	0	0	0	0	0	0	4	6	0	0	0	6	0	0	0	0	0	3	0	0	0	0	0	0	0	0	0	0	0	0	0
o31	1	0	0	0	2	0	0	0	0	0	0	0	2	0	0	0	0	0	2	0	0	0	0	5	0	0	0	0	0	0	0	0	0	0	6	0	0	0	0	0	6	0	4	0	0	0	0	0	0	3	0	0	0	0	0	0	0	0	0	0	0	0	5	0	0	0	0	0	0	0	0	7	0	0	0	0	0	0	2	3
o32	1	0	0	0	4	0	0	0	0	5	0	0	2	5	0	5	0	0	0	3	0	0	0	1	2	0	3	0	0	0	0	0	3	0	0	0	2	0	0	0	0	6	0	0	0	4	1	0	2	0	3	0	0	6	0	0	0	2	0	0	0	0	0	0	0	6	0	0	0	3	6	0	0	0	3	2	0	0	3	0
o33	0	0	0	1	0	0	0	0	0	4	0	0	0	0	3	0	0	0	4	0	4	0	2	2	0	0	6	0	0	0	0	0	2	0	5	0	0	0	0	0	0	0	2	0	0	4	0	0	0	0	0	0	0	5	0	0	0	0	1	0	6	0	2	2	0	0	0	6	0	0	0	0	0	0	0	0	0	0	0	7
o34	0	0	0	0	0	0	0	2	0	5	0	0	0	0	0	0	0	0	0	6	0	0	6	5	0	0	0	0	2	0	0	3	0	0	0	0	0	0	4	0	0	0	0	0	0	0	0	0	0	0	0	0	0	0	0	1	0	0	0	0	0	0	0	2	0	0	5	0	2	0	7	0	0	0	0	0	1	0	0	0
o35	0	0	4	0	0	0	0	6	0	0	0	0	0	4	3	0	0	0	0	0	4	0	6	2	0	1	0	4	2	0	0	4	0	0	0	0	0	0	0	0	3	1	0	0	0	1	0	0	6	1	2	0	0	0	0	0	0	0	0	0	0	1	0	0	4	0	6	0	0	0	0	0	0	0	0	6	3	0	5	0
o36	0	0	0	0	0	0	0	0	5	0	0	0	0	3	0	3	3	0	0	2	4	0	0	0	3	6	0	0	0	0	0	0	0	0	0	0	0	0	0	0	0	0	1	0	0	0	0	4	0	0	0	2	0	6	5	4	5	0	0	0	5	0	0	0	0	0	0	0	0	0	0	0	0	0	0	0	2	0	0	0
o37	4	0	0	0	0	0	0	4	0	0	6	0	0	0	0	3	0	0	0	0	0	0	0	0	0	0	0	0	3	4	5	0	0	0	1	5	0	0	0	0	0	0	0	0	0	5	0	0	0	3	0	0	0	0	0	0	1	5	0	0	5	0	0	0	0	0	0	0	0	2	0	0	0	0	0	0	0	0	0	0
o38	0	0	0	0	5	5	0	0	0	5	0	0	0	0	0	0	0	6	0	2	0	0	0	3	4	5	1	0	0	0	0	0	0	0	0	3	1	0	0	0	0	0	0	0	3	0	4	2	0	0	0	0	0	0	2	0	1	0	3	0	4	0	0	0	0	0	0	0	0	4	0	0	0	0	0	4	0	0	6	2
o39	0	0	0	0	0	0	0	0	0	0	0	0	0	0	0	0	0	0	0	0	0	0	0	0	3	0	4	0	0	0	0	0	2	2	0	1	6	0	0	0	0	0	0	0	1	0	0	0	0	0	0	5	0	2	0	0	0	0	0	0	0	0	4	7	0	4	2	0	0	6	0	5	4	0	0	0	0	0	0	0
o40	0	7	0	5	3	0	0	0	0	0	0	0	3	0	0	0	2	3	3	0	0	4	2	0	5	0	0	0	0	2	0	0	3	0	2	2	0	4	0	0	0	0	0	0	0	0	0	0	0	6	0	0	6	4	0	0	0	0	0	5	1	0	0	0	6	0	0	0	0	0	0	0	0	0	0	0	0	1	4	0
o41	0	5	0	0	0	0	0	0	0	0	0	0	0	0	0	0	0	3	1	0	0	0	0	2	0	0	0	3	0	0	0	0	7	0	0	0	0	0	3	0	0	0	0	0	3	0	0	0	2	5	0	0	0	2	0	0	3	0	0	6	0	0	0	0	0	2	1	5	5	0	0	0	0	0	0	0	0	1	0	0
o42	0	0	0	0	0	0	0	0	0	0	0	0	7	0	0	0	0	0	3	0	0	1	0	0	0	0	0	0	0	0	0	7	0	1	0	5	0	1	0	5	0	0	0	0	0	0	0	3	0	1	1	0	5	3	0	0	0	0	0	0	0	0	0	0	0	0	0	0	0	3	0	0	0	0	0	0	0	0	3	0
o43	0	0	0	5	0	2	0	0	0	0	0	1	4	0	0	0	0	0	0	0	2	0	0	0	0	2	0	0	0	0	0	0	3	0	2	0	4	0	0	0	0	0	0	1	2	0	0	1	0	2	0	0	7	0	0	0	6	3	0	0	0	0	0	1	4	0	0	2	1	0	0	0	0	0	0	0	0	0	0	0
o44	0	0	0	0	0	1	0	0	6	0	0	0	5	0	0	0	0	0	0	4	0	3	0	5	0	0	0	0	4	1	3	0	1	0	0	0	0	0	0	0	0	6	0	0	0	0	0	0	0	0	0	4	0	0	0	0	0	0	0	0	2	0	6	0	0	6	0	0	0	0	0	5	0	0	0	0	0	0	0	2
o45	0	0	2	0	0	0	5	0	0	0	0	0	1	0	0	0	1	0	0	0	0	0	0	0	3	2	1	0	0	1	0	0	0	0	2	0	0	0	0	0	5	0	0	0	0	1	0	0	0	0	0	0	0	0	0	3	0	6	2	0	0	0	2	0	0	0	0	0	0	0	0	0	0	0	0	0	0	5	0	0
o46	0	0	0	0	3	0	0	0	4	0	0	0	0	0	0	0	0	0	0	2	3	0	0	0	0	0	2	0	2	2	0	2	0	2	0	0	4	0	0	0	0	0	0	1	3	0	0	0	0	0	0	0	1	0	2	0	0	0	0	0	0	7	0	0	0	3	1	0	0	0	0	0	1	0	0	0	0	0	0	0
o47	0	0	0	0	0	0	0	0	2	0	0	0	0	0	0	0	0	0	0	0	0	0	4	1	0	0	0	0	0	0	0	0	0	0	0	0	0	0	0	0	0	0	0	2	0	5	0	0	1	1	0	0	0	0	0	0	0	5	0	0	5	0	0	0	0	0	0	2	0	0	0	0	0	0	0	0	0	0	0	0
o48	0	0	0	4	0	0	0	0	0	0	0	0	0	0	2	0	3	0	3	0	0	4	0	9	2	0	0	0	0	0	0	4	0	0	0	5	0	0	0	3	0	0	1	0	0	4	0	5	3	0	0	2	0	0	0	5	0	0	4	0	0	0	4	2	0	0	0	0	0	0	0	0	0	0	0	0	0	0	0	5
o49	0	5	0	0	0	0	0	1	0	0	0	0	5	0	0	0	0	0	0	0	4	0	4	0	0	0	0	0	0	0	0	0	0	0	0	0	0	0	0	1	0	5	2	0	0	0	0	4	0	0	1	0	3	5	0	3	2	1	0	0	0	0	5	0	0	4	0	0	0	0	0	0	0	0	1	0	0	0	9	0
o50	0	0	0	0	3	0	3	0	0	0	5	0	0	3	0	1	0	0	2	0	3	4	0	0	1	0	0	0	0	0	0	2	0	0	0	4	0	6	0	0	6	0	0	2	0	0	0	0	7	0	0	0	0	6	0	0	0	0	1	3	1	0	0	1	0	0	1	0	5	0	0	0	0	0	3	0	0	0	0	0
o51	0	0	0	6	0	0	0	0	0	0	1	0	2	0	0	0	0	0	4	0	1	0	4	0	4	0	0	3	0	0	0	0	2	0	0	0	3	0	0	4	4	0	5	0	3	0	0	0	2	5	0	0	0	2	0	6	0	0	0	5	0	0	2	0	0	6	0	0	5	0	0	0	5	0	0	0	0	0	3	0
o52	0	0	0	0	0	0	4	3	4	4	0	0	0	0	0	0	0	0	0	0	6	0	2	0	0	0	3	0	5	0	0	3	0	0	0	0	2	0	0	0	0	2	3	0	5	1	0	0	2	3	0	3	1	4	2	2	0	0	0	0	0	0	0	0	0	0	2	1	0	0	0	0	4	0	0	0	0	0	0	1
o53	5	0	0	0	0	0	0	2	0	0	1	0	0	0	0	0	0	0	0	0	0	0	0	0	2	0	5	0	2	0	1	0	0	0	0	6	4	0	0	0	0	0	0	0	0	0	0	0	2	0	0	0	0	0	5	0	4	0	3	0	1	0	5	0	7	3	0	0	0	2	0	0	0	1	1	4	3	0	0	4
o54	0	0	0	0	0	2	0	0	4	0	0	0	0	2	0	0	0	6	0	0	0	0	0	0	0	0	0	4	0	1	0	0	0	2	0	0	2	0	0	0	2	0	0	0	0	0	0	0	0	0	5	0	3	0	0	0	0	0	0	0	0	0	0	0	1	0	1	1	1	0	0	4	2	0	0	0	1	0	0	0
o55	0	0	0	0	0	0	0	0	0	0	0	0	5	0	0	0	0	0	0	0	0	0	5	0	0	0	0	0	0	1	0	0	0	0	0	0	1	0	0	0	0	0	0	0	0	0	4	2	1	0	0	0	0	0	2	2	0	2	0	4	0	0	2	0	0	3	0	0	0	4	0	4	0	0	0	3	4	0	1	0
o56	6	0	0	2	0	0	0	0	0	0	0	4	0	0	0	0	1	0	0	0	0	0	0	0	0	1	6	0	1	0	0	0	1	0	0	1	4	1	0	0	0	3	0	0	0	0	0	0	0	0	0	0	0	4	0	0	0	0	0	0	0	0	0	0	0	0	0	4	0	3	0	0	0	5	0	0	0	0	0	4
o57	0	0	0	2	0	0	0	0	0	0	0	0	0	0	0	0	3	0	0	5	0	5	0	0	0	7	0	0	0	2	0	0	0	0	0	0	1	0	0	0	0	0	2	0	0	0	0	0	0	0	0	0	0	0	0	0	0	0	0	0	0	0	0	0	0	2	0	0	0	0	0	0	0	0	0	0	0	0	0	2
o58	0	0	0	0	6	0	4	0	0	0	3	0	0	0	0	0	0	0	1	6	0	0	0	0	0	6	0	0	0	3	0	7	0	0	3	0	0	0	0	1	0	0	0	6	0	0	0	0	0	0	0	8	0	0	0	0	0	0	0	0	0	0	0	0	0	3	0	0	0	1	5	0	2	1	0	0	0	4	1	0
o59	6	0	0	3	0	0	2	0	0	0	0	0	1	0	0	0	0	2	0	0	0	0	0	2	0	0	4	0	5	0	5	0	0	0	0	7	3	0	0	0	0	1	0	0	0	5	5	0	0	0	0	0	0	0	2	3	0	0	0	0	0	0	0	0	0	0	0	0	1	3	6	2	0	0	4	0	0	0	0	0
o60	0	0	0	0	0	1	0	0	0	0	6	0	1	3	0	0	0	0	0	0	2	0	0	0	0	0	0	0	3	4	5	0	0	0	0	0	0	0	1	6	0	0	0	4	0	6	0	0	0	0	0	0	0	0	0	5	0	7	0	3	6	0	0	2	0	0	0	3	3	0	0	0	0	0	0	0	0	5	0	0
o61	0	0	0	5	3	0	0	6	1	0	0	0	0	0	1	2	0	0	0	0	0	0	0	0	0	0	0	0	0	0	2	3	3	0	0	0	5	0	0	0	0	0	0	0	0	0	0	6	0	3	0	0	0	0	0	1	0	0	0	1	0	6	0	0	0	0	5	0	0	2	0	0	1	0	0	0	8	0	0	5
o62	0	0	0	0	0	0	5	0	0	0	5	0	0	4	0	1	0	4	0	0	2	0	0	5	0	0	0	0	0	0	0	5	0	0	0	1	0	0	3	0	0	1	0	4	0	0	0	0	0	0	10	0	0	0	1	0	0	0	0	0	0	0	0	0	0	0	0	0	0	0	0	0	0	0	0	0	0	0	0	2
o63	0	0	0	0	3	0	0	0	2	0	0	5	0	4	0	2	4	0	0	4	0	0	0	0	0	0	0	3	0	0	0	2	0	0	0	0	5	4	0	0	4	0	0	2	0	0	4	0	0	6	0	1	0	0	0	0	4	0	0	0	0	0	0	6	4	0	8	0	3	0	0	5	0	0	0	0	0	0	4	0
o64	0	0	0	0	0	0	0	0	0	0	0	3	0	2	0	3	0	0	0	0	0	0	2	0	0	8	5	0	0	2	0	0	0	0	2	4	0	0	0	0	0	1	1	0	0	0	4	0	0	1	0	0	0	0	0	0	0	0	0	0	0	1	0	0	0	0	0	0	0	1	0	0	0	0	0	0	0	0	0	0
o65	0	0	2	0	0	0	0	0	2	0	2	0	0	0	0	0	0	0	3	0	0	0	0	0	0	0	3	3	0	0	7	0	2	0	2	0	0	0	0	0	0	0	0	0	6	4	2	0	0	0	0	0	0	0	2	2	0	0	0	3	6	0	0	0	5	0	0	0	1	1	0	4	0	0	0	1	3	1	0	0
o66	0	0	0	0	0	0	0	2	0	0	0	0	0	0	0	1	3	0	2	0	0	0	0	0	0	3	0	0	1	0	0	3	0	0	6	2	0	0	0	4	0	0	3	0	4	0	0	0	0	1	0	0	0	0	0	0	5	0	0	5	6	0	0	4	0	0	0	2	0	0	0	0	0	0	4	3	0	0	4	0
o67	0	0	0	0	0	0	0	0	0	0	0	0	0	0	1	0	0	1	0	0	5	2	8	0	0	0	0	0	1	0	0	4	0	0	1	0	0	0	0	1	0	4	2	0	4	2	0	0	2	0	0	0	6	0	0	0	4	4	0	0	0	0	0	0	0	0	0	0	1	0	0	5	0	0	3	0	4	0	0	0
o68	0	0	0	4	0	5	0	0	2	3	5	0	4	0	0	2	0	0	0	0	0	0	0	0	0	0	4	0	3	0	0	0	0	0	0	0	0	2	0	3	0	0	0	0	0	0	3	0	1	0	0	0	0	1	2	0	0	3	0	5	0	0	1	5	0	0	3	0	0	0	0	0	5	0	0	0	0	2	2	4
o69	4	0	0	0	3	5	0	0	0	5	0	0	0	0	4	1	0	1	2	5	0	3	0	0	0	0	4	0	0	4	0	0	0	0	0	0	3	0	0	3	0	0	5	4	0	0	3	0	0	0	0	0	0	0	4	0	4	0	0	1	0	1	0	0	0	4	0	0	0	0	0	0	0	0	0	0	0	0	0	0
o70	0	0	2	0	2	2	0	3	0	0	0	0	4	5	0	0	0	0	2	0	0	0	0	0	0	0	2	0	0	0	2	0	0	3	0	0	0	1	0	0	3	0	0	0	0	0	1	3	0	3	1	0	1	0	0	0	0	0	0	4	0	0	0	0	0	0	0	1	1	5	0	0	4	0	5	0	0	0	0	2
o71	0	0	3	0	2	0	0	0	0	2	4	2	0	0	0	0	0	0	0	6	0	1	4	0	0	0	4	0	0	0	5	5	0	5	0	0	0	0	1	5	5	0	1	0	0	0	0	0	0	0	0	0	0	0	0	2	0	0	1	0	0	1	0	0	0	0	0	0	0	0	2	0	3	3	3	0	0	6	3	0
o72	0	0	0	0	0	0	4	0	2	0	0	0	0	1	2	0	3	0	3	0	0	0	0	0	4	0	0	4	0	0	0	0	0	4	0	3	0	0	3	0	0	3	0	0	0	0	0	0	0	0	0	0	0	0	0	0	0	0	0	0	0	0	2	0	6	0	0	0	0	5	0	0	0	0	0	0	4	0	3	0
o73	0	5	0	2	0	0	4	4	0	5	0	0	0	5	3	0	0	0	0	0	0	0	4	0	0	0	0	0	1	0	0	1	0	0	0	0	0	0	0	0	6	0	0	0	4	0	0	0	0	0	0	0	0	0	0	0	0	0	0	0	0	0	6	0	0	0	2	0	0	0	0	3	4	0	0	3	0	0	0	0
o74	3	0	0	0	0	3	0	0	0	0	0	0	1	0	6	0	0	6	1	4	0	0	0	4	0	0	1	0	3	0	0	0	0	0	0	0	0	0	5	5	0	2	0	0	0	0	0	5	0	0	0	0	3	0	0	0	0	0	0	0	0	0	0	0	0	0	0	0	0	1	0	0	0	0	0	0	0	0	0	0
o75	0	0	0	0	0	3	0	0	0	0	0	0	0	0	5	0	0	0	0	0	0	0	0	0	0	4	0	0	0	0	3	0	5	0	0	0	1	0	0	0	0	0	0	0	0	0	0	0	0	0	0	1	0	0	0	0	0	0	0	0	0	0	3	0	0	0	0	0	0	0	0	0	0	3	0	0	5	7	0	0
o76	0	5	0	0	0	4	0	0	0	0	1	0	0	5	0	0	0	3	5	2	0	4	0	0	1	1	6	0	0	0	0	0	0	0	0	0	0	0	5	0	0	0	0	0	0	0	0	4	0	0	4	0	0	1	0	0	0	1	0	1	0	0	0	0	0	0	4	3	0	0	6	0	5	0	4	0	0	0	0	0
o77	3	0	0	1	0	0	1	0	0	0	0	0	0	0	5	0	0	0	0	0	0	0	2	0	7	0	0	0	0	4	0	5	0	0	0	0	4	0	0	0	0	0	0	0	0	0	0	0	0	0	0	0	0	3	0	0	1	0	0	0	0	8	0	0	0	0	0	0	0	0	0	0	0	0	6	0	0	0	0	0
o78	0	2	0	6	0	0	0	0	0	0	6	0	0	0	0	0	0	2	0	0	0	0	4	0	2	0	1	0	0	0	0	0	0	0	0	6	0	0	0	0	0	0	0	0	3	0	0	0	3	0	0	0	0	1	0	3	0	4	4	0	0	6	3	0	0	0	1	0	0	0	0	2	0	0	3	0	0	0	0	0
o79	0	0	0	0	0	0	0	0	0	0	2	0	0	0	4	0	0	0	5	3	0	0	0	0	0	0	0	0	0	1	0	0	1	6	2	3	0	3	0	0	0	0	0	0	0	0	0	5	0	0	0	0	0	0	0	0	0	6	0	0	1	0	4	0	0	1	0	0	0	0	0	5	0	0	0	0	0	0	0	5
o80	0	5	0	4	0	0	0	0	0	0	0	0	0	0	0	0	0	0	0	0	0	5	0	3	0	0	2	0	5	0	0	0	0	0	0	0	0	0	6	0	0	0	4	1	0	0	0	0	0	0	0	0	0	0	3	0	0	0	0	1	0	0	0	0	5	2	4	0	0	0	0	0	4	0	1	0	0	0	0	0
o81	0	0	0	0	0	0	0	0	0	0	4	0	0	5	3	0	4	0	0	0	1	1	2	0	3	0	1	0	0	0	0	0	5	0	0	0	5	1	0	0	0	0	4	0	4	0	2	5	0	0	4	0	0	0	1	0	2	0	0	2	2	1	0	0	0	0	0	0	1	0	0	0	0	0	1	0	0	0	0	0
o82	0	0	5	2	0	0	4	0	0	0	0	0	0	3	5	0	0	0	0	1	3	0	0	4	6	0	0	0	0	0	1	0	1	4	0	0	0	0	1	3	0	0	0	0	0	0	5	0	0	0	0	0	0	0	0	0	2	0	0	0	0	1	0	0	2	3	3	2	0	0	0	5	0	0	0	0	0	0	0	0
o83	0	0	0	0	0	7	0	0	6	0	1	0	0	0	0	5	0	0	0	0	5	0	0	0	0	0	0	2	1	0	0	0	3	5	0	1	0	5	3	4	0	0	0	0	0	0	0	0	0	0	0	0	4	0	0	0	0	3	0	0	0	0	3	3	0	0	0	0	0	6	2	2	0	0	0	0	0	0	4	1
o84	0	2	0	0	0	3	0	5	6	0	0	0	0	0	2	1	0	0	0	0	3	0	0	0	4	7	1	0	1	3	0	0	0	0	0	0	0	0	0	0	0	0	2	0	0	0	0	0	0	0	0	0	0	0	0	0	0	4	0	0	0	0	0	0	0	2	0	0	0	0	1	0	0	0	0	0	0	0	5	0
o85	0	4	0	0	3	0	0	0	0	0	0	0	0	0	0	0	2	0	3	0	5	0	0	5	0	0	0	0	3	0	0	6	0	0	5	0	1	4	0	0	0	0	0	0	0	0	0	11	3	2	5	0	0	0	1	0	5	0	4	0	0	0	0	0	0	0	0	0	0	0	0	6	0	0	0	0	6	0	0	0
o86	0	1	3	0	0	1	0	0	4	0	0	3	1	0	0	3	0	0	2	0	3	0	0	2	1	0	0	0	0	0	0	0	1	0	0	0	0	2	0	0	2	3	0	0	0	4	0	0	0	0	0	0	6	0	0	4	0	0	4	0	2	1	0	0	0	0	0	0	0	0	0	0	0	4	4	0	1	0	2	0
o87	0	0	0	4	0	0	0	0	2	5	0	0	1	0	0	0	0	0	0	0	0	0	0	0	5	0	0	0	0	0	4	0	0	4	2	6	4	0	0	0	0	0	0	1	0	4	0	0	2	0	0	0	5	0	3	3	2	0	1	0	0	0	0	7	0	3	4	0	5	0	0	0	0	0	0	0	0	0	0	0
o88	0	0	0	0	0	0	0	0	0	2	0	3	1	0	1	0	0	0	0	0	0	3	0	0	5	0	0	0	0	0	0	5	0	3	0	0	0	1	2	1	0	3	0	0	0	0	0	0	0	4	0	0	5	0	0	5	5	0	6	0	1	0	0	0	0	0	0	0	3	6	0	0	0	0	0	0	0	0	0	0
o89	0	0	0	1	5	0	0	0	3	0	0	0	2	0	0	0	0	0	0	3	0	1	0	0	4	4	6	3	0	0	0	0	5	0	3	0	3	1	0	0	0	0	0	0	0	0	0	0	0	0	0	0	0	0	0	0	0	5	0	0	7	3	3	3	0	0	0	0	0	0	0	4	0	0	1	0	0	0	0	0
o90	0	2	0	0	0	0	2	0	0	0	2	0	0	0	0	0	0	0	0	0	0	0	4	0	0	0	0	0	0	0	0	0	0	0	0	0	0	0	0	7	0	4	0	0	0	6	0	4	0	0	0	0	0	0	4	0	0	0	1	4	2	0	2	0	0	3	0	0	0	0	0	0	3	0	0	0	0	1	2	0
o91	5	0	1	0	0	0	2	0	0	0	0	0	1	2	0	0	0	3	0	0	0	0	0	0	4	0	0	0	0	2	5	0	0	5	2	0	0	2	1	0	4	0	0	0	0	0	3	1	0	0	0	0	0	0	1	8	0	0	0	4	0	0	0	2	0	0	0	6	5	0	0	0	0	0	0	0	0	0	0	0
o92	0	0	5	0	0	0	0	1	0	0	0	0	0	0	5	0	0	0	0	0	6	3	0	0	0	5	6	0	0	0	0	0	3	0	0	0	0	0	0	6	0	0	0	0	0	0	1	0	0	0	5	2	0	0	0	0	0	0	2	0	1	0	3	0	0	0	3	0	0	0	0	3	0	0	0	0	0	0	5	0
o93	0	0	0	0	3	0	0	0	2	3	0	0	0	1	4	0	0	3	0	0	0	0	0	4	0	0	0	0	0	0	0	0	5	0	2	4	0	4	0	0	0	0	0	0	0	1	0	0	2	6	5	0	0	6	0	0	0	0	0	0	3	0	0	2	0	0	0	3	2	0	0	0	0	0	1	0	0	0	0	0
o94	0	0	4	0	0	0	0	0	0	0	0	0	0	0	0	0	0	0	0	0	0	0	0	0	0	0	1	6	5	0	0	0	0	3	0	1	0	0	0	0	0	0	0	3	2	0	0	0	5	0	0	2	0	5	0	0	3	2	2	4	0	0	0	0	0	0	0	0	0	0	0	0	0	0	0	0	0	0	4	0
o95	0	0	2	0	0	0	1	2	0	0	0	0	0	4	5	0	0	0	0	1	3	0	0	0	0	0	0	0	0	0	0	7	0	0	0	0	0	0	0	0	0	0	2	0	0	1	3	5	0	3	0	5	0	0	4	0	0	0	0	3	0	2	0	0	0	1	0	0	0	4	0	5	0	0	0	2	3	3	5	0
o96	0	0	5	0	3	4	0	0	0	6	0	0	0	0	6	3	0	0	0	0	0	0	0	0	3	0	0	4	0	3	0	4	0	0	0	0	0	1	0	0	0	0	1	0	0	0	0	0	0	0	0	0	0	3	0	0	5	0	0	0	0	4	0	0	0	0	0	0	0	6	0	0	0	0	0	0	0	0	5	0
o97	1	0	0	0	0	3	0	0	0	0	2	0	1	0	0	0	0	0	6	0	3	5	0	0	0	0	0	0	0	0	5	0	3	0	0	4	4	0	0	1	0	0	0	0	1	4	0	4	0	2	0	0	7	0	0	5	0	0	0	0	0	0	1	0	0	5	0	5	0	0	0	0	0	0	0	0	0	0	0	0
o98	0	0	0	0	3	0	0	1	0	0	0	0	3	0	1	0	0	0	0	0	0	0	0	0	0	2	0	0	0	2	2	2	0	0	5	0	0	0	0	0	0	0	0	0	0	0	5	0	5	0	0	0	0	0	0	0	0	0	3	0	4	2	0	0	1	0	0	0	0	0	0	0	4	0	5	0	0	0	0	0
o99	5	0	1	3	0	3	0	5	0	0	0	0	4	2	0	2	0	3	0	3	0	0	0	0	0	3	0	0	0	0	2	3	2	4	0	0	0	0	0	0	6	4	0	2	0	0	0	0	1	0	7	0	0	0	0	0	0	0	0	0	1	0	0	1	0	4	0	0	0	0	0	0	0	0	0	0	0	3	2	0
o100	3	0	3	0	0	0	0	0	0	0	0	0	0	0	2	0	0	0	0	6	0	0	0	0	7	0	0	0	0	0	0	0	5	0	0	1	7	4	0	0	0	0	0	0	0	0	0	0	4	0	0	0	0	0	6	0	0	5	0	0	0	0	3	0	3	4	0	0	0	0	5	2	0	5	0	0	1	0	0	0
o101	0	0	0	5	0	0	0	0	0	0	0	0	4	0	4	1	0	0	0	0	0	0	0	2	5	0	0	0	0	0	0	0	0	0	0	0	0	0	0	0	0	0	0	4	0	0	1	0	2	5	0	0	0	0	0	0	2	4	0	4	5	5	5	2	0	0	0	0	0	0	0	0	0	0	4	0	1	1	2	0
o102	0	0	0	0	0	0	0	0	0	0	0	0	0	0	0	5	4	0	4	0	0	1	2	0	0	0	3	5	0	3	0	1	0	2	3	0	1	0	0	1	0	0	0	6	0	0	0	0	0	0	1	0	0	0	0	0	0	0	4	4	0	0	0	0	0	0	1	5	3	1	3	0	0	0	0	0	1	5	0	0
o103	3	0	0	0	0	0	3	0	0	0	0	0	0	4	3	0	0	0	3	0	0	0	0	0	0	0	0	0	0	0	0	0	0	0	0	0	0	0	0	0	0	7	0	0	0	0	0	0	0	0	2	0	4	0	0	2	0	6	0	0	1	0	0	0	5	0	0	0	6	4	0	0	4	0	0	0	0	0	0	1
o104	1	0	0	0	1	0	3	1	0	0	4	7	0	0	5	0	0	0	4	0	0	0	0	0	6	0	0	0	0	0	0	0	0	3	0	1	0	0	0	0	0	6	0	0	0	0	0	0	1	0	3	0	1	0	0	2	0	0	1	3	0	0	5	0	0	0	0	2	0	0	0	0	0	0	0	3	0	0	6	0
o105	0	3	0	1	0	0	9	0	0	3	4	0	1	1	0	0	0	0	2	0	0	5	0	0	0	3	0	0	0	0	0	0	0	0	0	0	0	0	0	0	0	5	0	0	3	1	0	0	0	0	0	0	0	0	0	0	0	0	0	0	0	0	0	0	5	0	0	0	2	0	0	0	0	0	0	0	0	0	0	0
o106	0	0	0	0	0	0	0	0	2	0	0	0	0	0	0	3	0	2	0	0	0	2	0	0	0	0	0	0	0	4	0	0	2	4	0	0	0	0	0	0	1	4	0	0	0	0	0	4	0	5	0	3	0	0	0	0	0	0	0	0	0	1	0	0	0	6	2	0	0	1	0	0	0	0	0	0	2	0	0	0
o107	0	2	1	5	0	0	0	0	2	0	0	4	0	0	0	0	4	0	0	0	0	0	0	0	0	0	4	0	0	0	0	0	0	0	0	6	0	0	0	3	0	0	0	0	0	5	0	5	0	0	0	2	0	0	0	0	3	4	0	2	0	0	0	0	1	3	5	0	0	1	0	1	0	0	0	0	0	0	0	0
o108	0	0	3	0	0	0	4	0	0	0	0	3	4	0	0	0	1	3	0	0	2	0	0	0	0	0	0	3	0	0	0	0	1	4	0	0	0	0	0	0	0	5	0	1	0	0	3	0	3	1	0	5	3	0	0	0	3	0	4	3	0	0	0	0	5	0	0	0	0	0	2	1	0	0	2	0	0	3	0	5
o109	0	0	0	0	0	0	0	2	0	0	3	0	0	0	0	0	0	3	0	0	0	0	0	2	0	0	0	0	0	0	0	0	0	5	1	1	0	4	0	0	3	0	0	0	4	7	0	5	0	0	0	3	0	0	6	0	0	6	2	0	3	0	0	0	1	5	0	2	3	0	0	0	0	3	0	0	0	0	0	0
o110	0	0	1	0	3	0	0	0	0	0	0	0	1	0	0	0	0	0	4	0	0	5	0	0	0	0	0	0	0	0	0	0	1	0	3	1	1	0	0	1	0	7	0	0	1	0	0	1	0	3	0	1	0	0	0	0	0	0	0	0	0	5	0	0	0	0	0	0	0	0	1	3	0	5	6	3	0	0	0	0
o111	0	3	0	0	2	0	0	0	0	0	0	0	0	0	0	0	0	0	0	3	0	0	0	2	0	1	0	0	0	3	0	0	6	0	5	0	0	0	0	0	0	0	1	0	0	0	4	0	0	7	0	1	1	0	0	0	0	0	0	0	0	0	0	2	0	0	0	0	0	0	8	0	0	0	0	0	0	0	0	0
o112	0	0	0	3	5	0	0	0	0	0	0	2	0	0	0	0	0	3	0	1	5	0	0	7	0	3	0	0	0	1	6	5	0	0	0	4	0	3	1	0	0	6	0	4	5	5	0	0	0	0	0	1	5	0	0	0	0	0	4	4	0	0	0	0	0	0	0	1	0	0	0	0	0	0	0	0	1	0	0	0
o113	0	8	0	0	0	0	0	0	0	0	0	0	0	0	0	0	0	0	0	0	0	0	0	0	0	0	0	0	0	4	0	0	0	0	0	0	5	0	0	0	6	0	0	0	0	0	0	0	0	0	0	0	0	4	0	0	0	0	0	0	0	0	3	3	0	0	0	0	0	0	0	0	0	2	0	3	6	0	0	0
o114	2	3	0	0	6	6	0	3	0	3	6	0	4	0	1	2	5	0	3	0	0	0	0	0	0	4	1	0	0	0	0	0	0	0	0	2	1	0	0	7	0	0	4	0	0	0	0	0	0	0	0	0	4	0	2	0	1	0	0	0	5	0	0	0	0	0	0	0	0	0	0	0	0	0	0	0	0	5	0	0
o115	2	0	0	6	0	0	0	0	2	0	0	0	0	0	0	0	0	0	0	0	4	0	0	0	3	0	0	0	0	0	0	1	4	6	0	0	0	0	4	0	1	0	2	0	0	4	0	0	3	0	0	0	0	0	0	0	0	0	1	0	0	0	0	0	0	0	1	6	0	5	0	4	0	5	4	0	0	0	0	0
o116	0	0	0	0	0	0	2	0	0	0	0	0	1	0	0	0	0	0	0	0	0	0	0	0	4	0	3	3	0	1	1	0	3	4	0	0	5	0	0	4	0	0	0	0	0	0	4	0	0	0	0	0	0	0	0	0	5	4	0	5	3	0	0	5	0	0	0	2	5	0	0	0	0	0	0	0	0	5	0	0
o117	0	0	0	0	0	0	0	0	0	0	0	0	5	0	0	6	0	0	0	0	0	0	0	0	0	0	5	0	0	0	2	0	0	1	0	0	0	0	0	0	0	0	0	1	0	4	3	0	4	0	0	4	0	0	1	0	6	0	0	0	0	5	0	0	0	0	0	0	0	0	0	0	0	0	0	0	0	4	0	0
o118	0	0	3	1	0	0	0	1	0	0	0	0	4	0	3	0	0	2	0	0	3	0	0	0	3	0	0	0	0	5	0	0	3	0	0	0	6	0	0	0	0	0	0	0	0	0	0	0	0	1	0	0	0	0	7	0	5	2	0	0	0	0	0	0	0	3	0	0	0	3	5	2	0	0	0	0	0	3	0	0
o119	4	5	0	0	0	0	0	0	0	0	1	0	0	0	0	0	0	0	0	0	2	0	0	0	0	0	0	0	0	0	4	0	6	1	4	0	0	0	0	0	0	4	0	0	0	5	0	0	0	0	0	0	3	5	3	0	0	7	0	0	0	0	0	0	0	6	1	0	0	0	0	0	0	2	0	0	0	0	0	0
o120	0	6	0	1	0	0	0	0	0	0	0	0	0	1	0	0	5	0	0	0	2	0	0	0	0	0	0	4	0	0	0	0	0	3	0	0	0	0	0	0	0	0	1	0	0	0	0	1	0	3	0	0	0	0	7	0	1	0	0	0	0	3	0	0	1	0	0	0	0	0	0	0	0	0	0	0	0	0	0	0
o121	0	2	4	0	4	0	0	0	0	1	0	0	1	0	0	3	2	6	4	1	0	0	1	0	2	0	0	6	2	0	0	0	0	0	4	0	2	0	0	0	0	0	0	0	0	0	0	0	0	0	0	3	4	0	0	1	0	0	0	0	0	0	0	0	0	0	5	6	0	4	0	0	0	0	0	0	0	2	6	0
o122	0	0	0	6	0	0	4	0	2	0	0	5	0	0	0	5	0	0	0	4	0	3	0	5	0	4	0	0	0	0	0	5	1	0	5	4	0	0	0	0	0	0	0	5	6	0	0	0	0	0	4	0	0	3	0	0	0	0	0	0	1	1	6	0	0	0	0	0	0	0	0	0	0	0	0	0	0	0	0	0
o123	0	0	0	0	0	0	0	3	3	4	0	0	4	0	0	0	0	0	0	0	0	0	0	1	0	0	0	6	0	0	0	0	0	0	0	3	0	0	0	0	0	0	0	0	0	5	0	0	1	0	0	2	0	0	0	0	6	4	0	0	0	4	4	0	0	4	1	0	4	5	0	1	0	1	0	0	1	0	4	0
o124	1	0	0	0	3	0	0	0	0	0	0	6	0	0	0	0	0	3	0	0	0	3	0	0	0	0	0	0	0	0	0	0	0	0	4	1	0	0	2	0	0	0	4	3	3	0	0	0	0	0	0	0	0	4	0	0	4	0	0	1	0	0	3	0	0	0	2	2	3	2	4	7	0	0	2	0	4	2	3	0
o125	0	0	0	0	0	0	6	0	0	0	1	5	0	0	0	0	0	4	4	0	0	0	4	0	0	5	0	5	0	0	0	0	0	0	0	1	2	0	0	0	0	0	0	0	0	2	0	0	0	5	0	0	4	0	3	3	0	0	5	0	2	0	2	0	0	0	0	6	0	6	4	0	4	0	0	0	0	0	2	6
o126	0	0	0	6	1	0	0	0	0	0	4	5	0	0	1	0	4	0	0	0	0	0	2	0	0	0	0	0	0	0	0	0	0	0	5	0	0	0	0	0	0	0	6	0	0	0	2	0	0	0	0	0	0	0	0	0	0	0	1	0	0	0	1	0	0	0	0	7	0	3	0	0	3	1	0	0	0	5	3	2
o127	0	0	0	0	0	0	2	0	0	0	0	0	0	0	0	1	0	0	0	0	0	0	0	0	0	0	0	0	0	0	0	0	0	0	0	0	0	0	0	0	0	0	0	0	0	0	0	0	0	0	5	0	0	0	0	0	0	0	0	0	3	0	0	0	0	0	0	0	0	0	0	0	4	0	0	0	2	6	0	0
o128	0	0	2	0	0	0	0	0	0	0	0	0	0	0	0	0	0	0	0	4	0	0	0	3	0	0	0	3	1	0	0	0	0	0	0	5	0	2	3	0	0	0	0	0	0	0	0	6	0	0	0	0	0	0	2	0	0	2	6	0	0	0	1	4	0	0	0	5	0	0	0	4	4	0	4	0	4	0	0	0
o129	2	1	5	4	5	0	0	0	0	1	0	0	0	0	0	3	0	4	0	0	3	0	0	4	0	0	0	2	0	0	0	3	0	0	3	0	0	1	5	1	0	4	0	0	0	0	0	0	0	0	1	0	4	0	5	0	0	0	4	0	0	0	0	0	4	0	0	0	0	0	0	0	1	0	4	0	0	0	0	0
o130	0	0	5	0	0	0	0	4	0	0	2	2	0	0	0	0	0	0	5	0	0	5	0	0	6	0	0	2	3	0	0	0	0	0	0	0	0	1	0	3	1	0	5	0	0	0	0	0	2	1	0	0	0	0	0	2	0	0	4	0	1	0	0	0	5	0	0	3	0	0	6	1	0	0	0	0	0	0	0	2
o131	3	2	0	2	0	0	0	2	0	0	0	0	0	0	0	2	4	3	0	2	0	0	2	0	0	0	0	0	0	0	0	0	0	0	0	0	0	0	0	0	1	0	6	0	0	0	0	3	0	0	0	1	0	0	2	0	0	0	0	5	0	0	8	0	0	0	0	0	0	0	0	0	0	0	0	0	0	0	0	0
o132	0	0	6	0	0	0	0	0	0	0	0	0	0	5	0	0	3	0	0	0	0	3	1	0	4	0	0	4	0	0	0	0	0	0	1	0	0	0	0	0	0	5	0	0	0	0	0	0	0	0	0	0	0	0	0	0	0	0	0	0	0	0	2	0	0	0	0	0	5	0	5	0	1	0	0	0	3	4	4	3
o133	0	3	0	0	0	1	0	0	2	0	0	0	0	0	6	0	0	5	0	4	3	0	0	6	0	0	1	0	3	0	0	0	0	4	0	4	0	0	0	0	0	0	0	0	0	0	1	0	0	0	6	4	3	0	0	0	1	0	0	4	0	0	0	0	0	0	0	0	0	0	0	0	0	0	0	7	0	0	2	0
o134	3	1	0	1	0	0	0	4	0	0	0	0	0	0	0	0	0	0	0	0	1	0	4	0	0	0	0	0	2	0	0	2	0	0	5	1	7	0	0	0	0	0	0	0	0	0	0	1	0	0	0	4	0	0	0	0	0	0	0	0	0	0	0	0	0	2	2	0	0	0	0	0	0	3	0	0	0	0	0	0
o135	3	0	6	0	0	0	0	5	0	3	0	0	0	0	0	0	0	0	0	0	0	0	0	2	3	0	0	0	0	0	0	0	0	4	0	0	0	2	0	0	0	4	1	0	0	3	0	0	0	0	0	0	0	5	4	4	0	5	0	2	0	0	0	0	0	0	0	0	0	0	5	2	0	0	0	0	0	0	1	0
o136	0	0	5	0	0	0	5	0	0	0	5	0	0	3	0	0	0	0	0	3	3	0	0	0	0	0	0	0	1	0	0	0	4	5	3	0	0	0	4	0	1	0	0	0	0	0	0	0	0	0	0	0	0	0	0	2	0	0	0	0	0	0	4	0	0	3	4	0	0	1	3	0	0	0	6	5	2	1	1	3
o137	0	0	1	0	5	0	0	1	2	0	0	0	0	0	0	0	3	0	4	0	4	0	4	0	0	0	4	0	0	0	6	4	0	0	2	1	5	0	0	3	0	0	0	0	0	0	1	3	0	5	0	0	0	5	0	0	0	0	0	0	1	0	0	4	0	0	0	0	0	0	1	0	0	0	1	0	0	0	1	1
o138	0	0	0	0	0	0	0	0	0	7	0	1	2	0	2	0	0	0	0	0	0	0	0	0	0	0	0	0	3	0	0	0	0	3	0	0	0	1	0	0	0	0	0	1	0	0	0	0	0	1	1	0	0	0	3	0	0	0	7	0	4	0	3	0	0	0	1	0	0	0	7	0	0	0	4	0	0	3	0	0
o139	2	0	0	0	0	0	0	0	0	4	0	0	0	6	0	3	3	0	0	0	0	0	2	0	0	0	0	0	5	0	0	0	1	0	0	3	0	0	0	0	0	0	3	0	4	0	4	0	0	0	1	0	0	0	0	0	0	2	0	3	7	0	0	4	0	0	0	2	0	0	0	0	0	0	0	0	1	4	0	0
o140	0	0	0	1	4	0	0	1	2	0	0	1	0	0	5	0	0	0	4	0	6	0	0	0	0	3	0	3	0	2	0	0	0	0	10	1	0	4	0	0	0	0	0	0	0	0	0	0	0	1	1	0	0	0	0	0	0	0	5	0	3	0	2	0	0	0	0	3	0	0	0	0	0	0	4	5	2	1	0	2
o141	0	0	4	1	0	0	0	4	0	2	0	0	3	0	0	0	0	0	0	5	0	0	0	0	0	0	0	0	0	0	0	0	0	0	2	0	2	4	0	0	6	4	5	7	0	0	0	0	0	3	0	1	0	6	0	0	5	0	0	2	0	4	0	5	0	0	0	0	0	0	0	0	0	0	0	2	0	3	4	0
o142	0	0	0	1	0	0	0	0	0	0	0	0	0	0	0	2	0	6	3	0	0	3	4	0	0	5	0	0	0	5	0	0	0	3	0	0	0	0	0	0	0	0	0	0	0	3	5	7	0	0	0	6	0	0	0	0	0	0	0	4	0	2	0	0	0	2	0	0	0	0	0	4	0	0	0	0	0	0	1	0
o143	2	0	0	0	0	0	0	0	4	0	0	0	0	0	0	0	0	0	0	0	1	0	4	0	0	7	0	0	2	0	4	2	0	2	0	3	0	0	0	0	0	7	6	0	0	0	0	4	0	0	0	3	3	0	0	1	0	0	0	4	0	0	0	0	5	0	0	0	0	0	0	0	0	0	7	0	0	3	4	0
o144	0	0	0	3	0	0	0	0	0	0	0	2	2	0	0	0	0	6	0	3	2	0	2	0	0	0	0	0	0	6	6	0	0	0	0	0	0	4	0	0	0	0	3	0	0	0	0	0	0	0	0	3	0	0	0	0	0	3	0	0	1	0	0	0	0	0	0	0	0	0	4	1	0	0	0	0	0	0	0	0
o145	0	0	0	0	0	5	0	0	0	0	0	0	0	0	0	0	0	1	5	5	0	4	0	0	0	0	4	6	0	0	3	0	0	0	0	0	0	5	0	0	0	0	0	5	0	4	0	3	0	2	1	0	0	0	0	3	2	0	0	0	1	2	0	0	0	0	5	0	3	0	0	6	0	0	0	5	0	2	0	0
o146	0	0	0	0	0	0	5	0	0	0	1	0	3	0	4	0	6	0	0	6	0	1	0	4	0	0	1	5	0	0	0	0	4	0	0	0	3	4	2	1	4	0	0	0	0	0	6	0	0	0	0	0	0	3	0	0	0	1	0	1	6	0	0	0	2	0	0	0	0	0	0	0	0	0	1	0	0	0	0	4
o147	0	5	4	0	0	0	0	0	0	0	0	0	4	0	0	0	0	0	0	0	0	0	1	0	0	0	0	0	4	0	7	0	0	0	0	0	1	0	0	3	2	4	0	1	3	4	0	0	0	0	0	0	6	0	3	0	0	0	0	1	3	6	0	5	1	0	0	0	3	0	0	0	6	2	0	0	3	3	0	0
o148	0	0	1	0	0	0	0	0	0	0	5	0	0	0	0	0	0	0	3	4	0	0	2	1	1	0	1	0	3	0	0	0	0	0	5	0	0	4	0	0	0	0	3	0	0	0	5	0	0	0	0	0	0	0	0	0	0	0	0	0	0	0	0	0	0	0	0	2	0	0	0	0	1	0	3	3	0	0	3	0
o149	0	0	0	0	0	0	0	0	0	0	0	0	0	0	3	0	0	0	0	0	0	0	2	0	0	0	0	0	1	2	0	0	0	2	0	0	0	3	0	3	0	0	0	0	0	5	0	0	0	0	0	0	0	0	4	0	0	0	1	4	0	0	1	0	0	0	1	0	3	0	0	4	3	4	0	0	0	0	1	0
o150	0	0	0	0	0	2	0	0	3	3	0	3	0	0	0	0	0	0	0	0	0	0	0	2	0	6	0	0	0	1	0	3	0	0	5	0	1	4	0	0	0	0	0	0	3	3	0	0	5	5	2	0	0	0	0	7	0	0	3	0	0	4	0	0	0	0	4	0	0	0	0	0	0	0	0	0	0	0	0	0
o151	0	1	5	0	0	0	0	2	0	4	0	0	0	0	0	0	1	0	0	0	0	3	4	0	0	3	3	0	0	0	0	3	1	0	0	0	0	0	0	0	0	4	4	7	0	0	6	0	0	0	5	0	1	0	0	0	0	0	1	0	0	4	0	0	0	0	0	0	0	0	4	0	0	0	1	3	0	0	0	0
o152	0	0	0	7	0	0	5	0	0	0	0	2	0	3	0	5	0	3	2	3	0	0	0	0	0	0	0	0	0	0	0	0	4	5	4	0	0	0	0	0	0	0	0	0	0	0	0	2	0	0	0	4	0	0	0	0	0	0	3	0	0	0	0	0	5	6	0	0	0	1	0	5	5	0	4	0	4	0	6	6
o153	0	0	0	2	0	0	0	0	0	6	0	5	4	0	0	0	1	0	6	0	2	0	0	0	0	2	0	0	0	3	1	0	0	0	0	0	6	0	0	0	0	0	0	5	4	0	0	0	0	0	0	0	0	0	0	0	0	0	0	0	0	0	0	0	0	6	0	0	0	3	0	0	2	0	0	5	0	0	0	0
o154	0	6	0	0	0	0	3	0	0	0	0	5	1	0	0	0	1	0	4	0	0	2	0	0	0	0	0	0	0	0	0	0	0	0	0	0	0	0	0	0	0	0	0	0	5	0	0	0	0	0	0	0	0	1	0	4	0	0	0	0	0	0	0	0	0	0	0	0	3	0	2	0	0	2	0	0	0	6	0	0
o155	0	0	4	1	0	0	0	0	0	0	1	1	0	0	6	0	0	0	0	0	0	0	0	0	0	0	0	0	0	5	0	0	0	0	3	0	1	0	0	0	0	4	0	5	0	1	0	2	0	0	0	1	0	0	0	0	0	0	1	0	0	0	0	0	0	0	0	2	1	0	0	5	0	3	0	0	0	1	4	0
o156	4	0	0	0	3	0	0	7	0	0	0	0	0	7	0	0	0	0	0	0	0	0	0	0	0	0	0	0	0	3	3	0	4	4	0	0	1	0	0	0	0	0	0	0	0	0	0	0	0	1	0	0	0	0	0	0	0	0	0	0	0	3	0	2	1	3	0	0	0	0	0	3	5	0	0	0	0	0	3	0
o157	0	0	0	0	0	0	3	0	0	3	2	0	0	0	3	0	0	0	0	0	5	0	0	0	0	0	0	0	0	0	0	0	0	0	5	0	0	0	3	3	0	0	0	0	6	0	0	0	0	0	5	0	0	0	3	4	5	6	0	0	0	0	3	0	0	5	0	0	0	0	0	0	5	0	0	4	4	5	0	0
o158	0	0	0	0	0	0	0	0	3	0	4	0	1	0	4	0	4	0	0	0	0	0	0	0	0	4	0	0	0	0	0	0	2	0	0	0	0	6	0	2	3	0	3	1	0	0	0	0	0	0	4	2	0	3	0	0	3	1	0	2	0	0	0	0	0	0	0	0	5	0	0	6	0	0	0	0	0	0	0	4
o159	0	0	3	3	0	0	3	1	0	0	0	0	0	0	0	0	0	0	5	0	0	0	0	3	1	0	0	0	0	0	0	0	0	0	0	0	5	0	0	0	0	0	0	0	4	0	2	0	0	0	0	0	3	0	0	0	0	0	0	0	0	1	3	2	0	0	0	0	0	0	0	0	4	0	0	0	0	0	0	0
o160	0	0	0	4	0	0	6	0	0	3	0	0	0	0	0	0	0	2	0	0	0	0	0	6	0	0	0	6	3	0	0	3	0	0	0	0	0	0	0	0	0	0	0	0	3	0	0	4	5	0	0	0	0	0	0	0	2	0	0	0	5	5	0	0	0	0	0	0	0	3	7	0	4	5	0	0	0	1	2	0
o161	2	3	5	0	0	5	0	0	0	4	0	0	1	0	0	0	0	0	0	0	0	0	3	0	0	0	0	0	1	0	0	0	0	3	0	0	0	0	0	6	0	0	0	0	6	0	0	0	0	5	0	0	0	0	4	0	0	0	0	0	0	0	0	5	0	0	0	0	0	4	0	0	2	2	0	0	0	1	0	3
o162	1	4	3	0	2	1	0	0	0	0	4	0	0	0	0	0	0	0	0	0	0	0	0	0	0	0	0	0	0	0	0	0	0	0	0	0	0	0	0	0	5	0	0	3	4	0	0	0	0	0	0	0	0	0	0	0	0	0	0	5	1	0	0	0	0	0	0	0	1	0	0	0	3	0	3	0	0	0	0	0
o163	3	0	0	0	2	0	0	0	0	0	0	0	6	0	0	0	0	1	0	0	0	4	0	0	0	0	0	0	0	0	0	0	1	0	0	1	6	0	0	0	0	3	0	0	7	0	0	0	0	0	0	5	2	0	0	0	0	0	0	0	0	4	0	0	0	0	3	0	2	0	0	0	8	1	3	0	0	0	6	0
o164	0	0	0	0	0	0	0	7	5	0	0	0	0	5	0	7	0	0	0	0	0	0	1	0	0	3	0	0	0	0	0	0	0	0	0	0	0	0	0	3	0	0	0	0	0	0	4	3	0	0	0	0	0	0	7	1	0	0	7	0	0	0	0	0	1	0	0	0	0	0	0	0	0	0	4	0	2	0	0	0
o165	0	2	0	0	4	0	0	5	5	0	2	2	0	0	0	0	0	0	5	0	2	0	0	5	0	0	0	2	0	1	0	0	0	5	0	6	0	0	0	0	0	0	2	0	0	0	0	0	3	0	0	5	0	0	5	0	0	1	0	0	0	6	0	0	0	0	1	2	0	2	0	3	4	0	5	0	0	1	0	0
o166	0	0	0	0	0	0	0	0	0	0	0	0	0	0	0	1	5	2	0	0	3	0	0	0	0	0	0	1	0	1	0	2	0	5	0	0	0	0	0	0	0	1	0	0	0	0	0	3	0	0	0	0	8	0	0	3	0	0	5	0	4	1	0	0	0	0	0	6	2	5	7	0	0	0	0	0	0	3	0	4
o167	5	0	7	0	0	4	0	0	0	0	0	0	0	0	0	4	0	1	0	0	0	0	0	0	0	0	0	0	4	0	0	0	0	0	0	1	0	1	0	0	0	0	0	0	6	0	0	1	2	0	0	0	0	0	6	0	4	4	1	5	0	0	0	0	3	0	0	0	0	0	0	0	1	0	0	5	0	4	0	0
o168	0	3	0	5	0	3	0	0	0	3	0	0	0	0	0	0	1	0	0	0	5	6	0	0	0	4	2	4	0	0	0	0	0	5	0	0	7	0	0	3	0	0	0	0	0	0	0	0	0	0	0	0	0	0	1	0	0	0	0	0	0	0	0	4	5	5	0	0	0	0	3	2	1	5	0	0	1	0	3	0
o169	0	0	0	0	0	0	0	0	0	0	3	5	6	0	0	4	6	5	0	0	0	6	0	0	0	0	0	0	1	4	0	0	0	0	0	0	0	2	0	0	0	6	3	5	0	0	0	0	0	0	3	3	0	0	0	0	0	2	0	4	0	0	1	0	0	3	0	0	0	0	0	0	0	0	0	0	0	0	0	0
o170	0	0	5	1	0	4	0	0	0	0	3	0	4	0	0	0	0	2	0	0	0	0	0	3	0	2	3	0	0	4	0	0	0	0	0	0	2	0	0	0	0	1	0	0	0	0	0	0	0	0	0	1	0	0	4	0	0	0	0	0	0	1	0	0	1	0	0	0	0	0	0	0	1	0	0	0	0	0	0	0
o171	0	6	0	0	0	0	0	0	2	3	0	0	0	0	0	0	0	0	0	4	1	0	0	0	0	0	0	6	0	5	2	0	0	0	1	2	0	0	0	2	0	5	1	0	0	0	0	0	0	0	3	0	0	0	0	0	0	0	0	0	5	0	0	3	3	0	0	0	3	0	0	0	0	0	0	0	0	2	0	0
o172	0	0	0	0	0	1	0	0	0	0	0	0	0	0	6	0	6	3	0	0	0	2	0	0	2	0	3	0	0	0	0	0	2	0	0	0	0	6	0	0	0	0	0	0	0	0	0	0	0	0	2	0	4	0	1	0	0	0	5	1	0	0	0	0	4	0	0	0	0	0	0	0	0	0	3	0	0	0	0	0
o173	0	3	0	0	0	1	0	4	0	0	0	0	0	1	0	0	0	0	0	5	2	5	0	0	0	0	2	0	3	3	0	5	0	0	0	0	0	0	0	0	0	0	0	3	0	4	0	0	0	2	0	0	0	0	0	5	0	5	0	0	0	0	0	2	0	0	4	0	0	6	0	6	1	0	3	0	0	0	1	0
o174	3	4	0	0	0	2	0	0	0	3	0	0	4	0	0	4	0	3	0	4	0	0	0	0	0	0	0	0	0	0	0	0	0	0	0	1	0	0	0	0	0	0	0	0	0	0	0	0	3	0	0	2	3	0	0	0	0	0	0	0	0	0	0	0	0	0	0	0	4	6	4	0	0	0	0	4	0	0	0	0
o175	0	0	0	0	2	0	5	0	0	0	3	0	0	0	0	0	3	0	0	0	0	0	4	0	3	0	2	0	2	0	0	0	0	0	0	0	0	3	0	0	0	2	0	1	6	0	0	0	0	0	0	0	0	0	2	1	4	2	0	0	0	0	0	0	0	3	1	0	0	4	0	0	1	2	0	0	0	0	0	0
o176	0	0	0	0	4	3	0	0	0	0	3	0	0	0	1	2	2	0	4	1	0	0	0	0	0	0	2	0	0	0	0	0	0	0	0	0	0	0	3	0	3	0	0	0	0	0	1	0	0	0	0	6	0	0	0	0	0	0	0	3	2	7	0	1	0	0	0	0	0	0	0	7	0	0	0	4	0	0	0	0
o177	0	0	0	0	1	3	4	0	0	0	0	0	6	3	4	0	2	2	0	4	0	0	0	0	0	0	0	0	0	0	0	0	0	0	0	0	0	0	0	0	0	1	2	0	3	0	0	0	0	0	2	0	0	0	0	0	0	0	5	0	2	0	0	0	3	0	1	0	0	1	0	0	0	0	0	5	2	1	0	0
o178	5	5	0	0	0	0	1	1	3	0	0	0	0	2	0	0	0	0	0	1	4	0	5	0	4	0	0	0	0	0	0	5	0	0	0	0	0	1	3	0	0	0	2	0	0	0	0	0	0	4	0	0	3	0	0	0	5	0	0	0	0	0	0	0	0	0	0	0	2	0	1	0	0	0	1	6	0	0	5	2
o179	1	0	3	0	4	3	0	6	0	0	0	5	0	5	0	6	0	5	5	0	0	0	0	0	0	0	0	0	6	0	6	0	0	0	3	0	0	0	0	0	0	0	0	6	2	0	0	0	6	5	0	7	2	0	0	0	0	0	1	0	0	5	5	0	0	0	0	0	0	0	0	2	0	0	0	0	0	0	0	0
o180	0	0	3	0	0	0	2	0	0	0	0	3	0	0	2	0	0	0	0	0	1	0	1	0	2	3	0	0	2	0	5	0	0	0	0	3	0	0	0	0	0	0	0	0	0	0	2	0	0	0	0	0	6	0	0	0	1	2	1	0	0	3	0	0	1	0	0	0	0	3	0	0	0	0	5	0	4	0	0	0
o181	0	0	3	1	0	0	1	0	3	0	3	0	0	0	2	0	0	0	0	0	0	0	0	0	0	0	0	4	0	0	0	0	3	0	0	0	0	3	1	0	0	0	0	0	0	0	0	0	0	0	0	0	3	0	0	0	0	0	0	1	0	2	4	0	0	0	0	0	3	0	5	0	3	0	0	2	0	0	0	5
o182	7	0	0	0	0	0	4	0	0	1	7	0	0	0	0	5	0	0	0	0	0	0	0	0	0	0	6	0	0	0	0	0	0	0	6	4	0	2	0	0	0	0	0	0	0	0	1	0	0	0	0	0	0	0	0	0	0	4	0	0	1	0	0	0	0	3	0	0	0	5	1	0	0	0	1	0	0	6	0	5
o183	1	0	0	0	1	5	0	0	0	4	0	0	0	0	0	0	0	0	5	0	0	2	0	0	0	0	0	0	1	0	0	0	0	0	0	0	8	0	0	0	0	0	0	5	3	0	0	4	0	1	0	0	2	0	0	1	0	0	0	0	0	0	4	5	0	4	0	0	0	1	0	0	0	5	0	5	1	0	0	2
o184	0	1	3	0	5	0	1	1	0	0	0	0	1	2	5	0	5	0	0	4	0	0	0	0	0	0	4	0	0	0	2	0	0	0	0	0	0	0	0	0	0	0	2	0	0	0	3	0	5	0	0	0	4	0	0	0	0	6	0	3	0	3	0	0	0	0	0	3	0	0	0	0	0	6	0	1	3	0	0	0
o185	0	0	0	2	0	0	3	0	0	0	0	0	0	0	0	5	0	4	0	0	1	0	0	0	0	0	0	0	5	0	3	0	0	0	0	4	0	0	8	0	0	0	0	0	0	0	0	0	0	0	0	4	4	0	0	0	0	0	1	0	0	4	0	0	0	0	0	0	0	0	3	1	1	0	0	0	1	0	0	0
o186	3	0	0	0	0	0	0	3	4	0	0	0	0	0	0	0	0	5	0	1	0	0	0	2	0	3	0	0	3	5	0	0	0	4	3	0	1	0	0	0	6	0	0	0	4	4	0	3	0	0	0	4	0	0	0	0	0	0	0	3	2	0	0	0	3	0	0	0	6	0	1	0	0	0	0	0	4	0	3	0
o187	0	0	0	1	0	3	1	0	0	1	0	0	0	0	0	0	0	0	0	0	0	0	0	0	0	0	0	0	6	0	0	0	0	0	0	1	0	0	0	0	0	0	0	6	0	7	0	0	3	3	0	1	0	0	3	0	1	0	7	0	0	0	0	0	1	0	1	0	3	0	0	0	0	0	5	0	0	0	0	0
o188	0	0	0	0	0	0	0	0	4	0	0	4	0	0	2	0	0	0	3	0	0	0	0	0	0	0	0	0	1	0	0	0	0	0	0	2	1	3	0	0	0	1	0	0	0	0	0	0	0	0	0	0	3	2	0	0	0	0	0	1	1	4	0	0	0	0	0	0	0	4	0	0	1	0	0	0	0	3	0	0
o189	5	6	0	0	0	0	0	0	0	3	3	0	0	0	0	0	5	0	0	0	0	5	0	4	1	0	0	2	0	0	0	0	0	0	0	0	0	0	3	4	0	0	1	0	6	0	0	0	0	4	0	0	0	0	0	0	0	0	0	0	0	0	0	0	2	0	0	0	0	0	4	0	0	0	0	0	3	0	0	5
o190	0	0	0	0	4	0	0	0	0	0	0	6	3	2	0	0	0	5	0	0	0	3	0	0	0	0	0	0	0	0	0	2	0	0	0	0	0	2	4	0	0	1	0	0	5	0	1	0	2	0	5	0	0	6	5	0	0	2	5	0	0	0	2	0	5	0	0	0	3	0	0	0	0	0	0	0	1	0	0	2
o191	0	0	0	0	0	0	0	0	0	0	1	0	0	6	0	0	0	0	0	0	0	2	0	0	0	0	3	0	0	0	0	1	0	2	2	0	0	0	0	5	0	0	2	1	4	0	0	0	0	0	0	4	0	2	0	0	0	0	4	0	0	0	0	0	0	0	2	0	0	0	0	5	1	0	3	0	5	0	0	0
o192	0	0	0	3	2	4	0	3	2	0	0	0	0	2	3	3	0	0	2	4	0	0	3	0	0	0	0	0	0	0	2	0	0	0	0	0	0	0	5	0	5	0	0	0	0	0	0	0	0	0	0	2	3	3	0	4	0	0	0	0	0	0	0	8	0	0	0	1	0	0	5	0	3	0	0	0	0	3	0	2
o193	4	4	0	0	1	0	5	1	0	0	6	0	0	0	0	0	0	0	0	0	0	0	0	2	0	0	1	0	0	4	0	0	6	0	0	0	0	0	0	0	5	6	4	0	0	0	0	0	0	2	0	0	0	0	2	5	0	0	2	0	1	0	0	0	0	0	2	1	0	3	0	4	3	0	0	0	0	0	0	0
o194	0	0	1	0	6	0	0	0	0	3	0	0	0	3	0	0	0	0	3	5	0	0	0	1	0	0	0	0	0	0	0	0	3	0	0	0	0	0	0	0	0	3	0	2	7	0	3	4	0	3	0	0	0	0	0	0	0	0	2	0	0	0	0	0	0	0	0	0	0	0	0	0	0	6	2	0	0	0	0	0
o195	0	4	0	0	3	0	0	0	1	0	0	0	3	0	0	0	0	0	0	0	4	0	0	0	5	0	4	0	0	3	0	0	0	0	1	0	0	4	0	0	0	0	1	0	0	0	0	0	0	1	0	0	2	0	2	0	0	3	0	0	0	0	2	0	4	0	6	4	0	0	0	0	4	0	0	0	0	0	4	0
o196	0	0	0	4	0	2	0	0	4	0	0	0	0	3	0	0	0	0	4	0	1	0	0	0	0	0	0	0	0	0	0	0	0	0	0	0	0	0	5	0	0	0	0	0	3	1	0	0	4	5	0	0	0	0	0	0	0	0	0	0	0	0	0	0	5	0	1	7	0	0	0	6	1	0	0	0	0	0	0	0
o197	0	0	0	3	2	0	0	0	0	0	2	4	3	0	0	1	0	0	0	0	0	0	0	0	1	0	1	0	0	0	0	0	0	0	0	0	0	0	7	0	0	0	0	0	4	6	0	5	3	0	0	0	0	5	0	4	0	0	4	0	1	0	4	0	0	0	0	3	6	0	0	0	0	0	0	0	0	0	0	0
o198	0	2	6	0	0	0	1	0	0	0	3	0	0	0	0	0	0	0	0	5	0	0	0	0	0	0	1	1	4	0	0	0	0	0	4	4	1	0	0	0	0	0	2	7	0	3	0	3	0	0	0	5	0	0	7	0	0	0	0	0	0	0	0	0	1	0	0	0	1	1	0	0	0	0	0	0	0	0	0	0
o199	0	0	2	0	3	0	3	0	0	2	0	0	1	2	0	0	0	0	0	0	0	0	4	0	0	3	0	3	0	0	5	0	0	0	0	0	4	0	0	0	0	0	6	0	0	0	0	0	0	0	0	0	1	0	0	0	0	0	0	0	0	0	0	0	0	0	1	3	0	0	2	0	0	4	1	0	0	0	0	0
o200	5	0	0	0	0	0	1	0	4	0	0	0	0	0	3	0	1	0	0	6	0	0	0	2	6	0	0	0	0	0	0	0	0	7	0	8	0	4	0	0	0	0	0	0	0	3	1	0	0	0	2	0	0	0	2	0	2	0	2	0	0	0	0	0	0	2	0	0	0	0	3	0	1	0	0	0	2	0	0	0
o201	0	0	0	0	0	0	0	5	2	0	0	0	0	2	1	0	4	0	0	0	0	0	0	0	4	0	5	0	5	4	0	2	0	0	0	0	6	1	3	0	4	0	0	0	0	0	7	0	5	2	0	0	3	4	0	0	0	0	0	0	3	0	0	0	0	0	0	5	0	0	0	0	0	6	0	4	0	0	5	0
o202	0	0	3	0	0	0	0	0	0	0	0	4	5	3	0	0	0	0	0	0	0	0	1	0	0	0	0	5	0	4	0	0	5	0	0	0	2	0	0	0	0	0	2	0	0	0	0	0	0	0	1	0	0	4	0	0	0	0	0	0	0	0	0	0	0	1	0	0	0	0	0	0	2	3	0	0	0	0	0	0
o203	0	0	0	0	3	0	0	0	2	4	0	0	0	0	0	0	0	0	0	3	2	0	0	3	0	1	5	0	0	4	0	1	0	4	0	0	0	0	0	0	0	0	0	0	0	0	0	0	0	3	0	0	0	0	0	0	0	0	0	0	0	5	0	0	2	0	2	4	0	0	0	0	0	0	0	4	0	5	0	0
o204	4	3	0	0	5	0	0	0	0	0	0	2	0	0	0	0	0	2	0	0	0	0	0	0	0	0	0	6	0	0	0	4	1	0	0	0	0	0	0	0	0	2	1	0	0	0	0	0	0	3	4	0	0	5	0	0	0	0	0	0	0	0	0	5	0	0	0	0	6	1	0	0	4	3	0	2	0	0	3	0
o205	0	0	0	1	0	3	0	0	0	3	0	6	0	0	0	0	0	6	0	1	0	3	0	3	0	0	0	0	0	0	0	3	0	7	3	0	0	0	0	0	2	0	0	3	0	0	0	0	0	0	0	0	0	0	0	0	0	0	0	0	0	0	0	1	0	0	0	2	0	0	0	0	0	0	0	3	0	0	0	1
o206	0	0	0	0	0	0	6	0	0	0	0	0	0	0	0	4	0	0	0	0	3	0	0	0	0	5	0	0	2	0	0	0	0	0	3	0	0	0	0	5	0	3	0	3	0	2	1	0	0	3	0	0	0	0	3	1	0	0	0	0	0	3	0	6	3	0	0	0	0	3	0	0	3	0	0	0	0	1	0	0
o207	0	0	0	3	0	0	0	2	0	0	2	0	0	0	0	0	5	0	5	2	0	0	0	0	0	0	0	0	0	0	4	3	0	0	0	0	0	0	0	1	0	0	6	1	0	0	0	3	0	5	0	0	0	2	0	0	0	1	0	0	0	1	4	2	1	0	0	0	1	5	0	0	0	6	0	0	0	0	0	0
o208	4	2	0	0	0	0	0	0	4	0	2	0	0	5	0	0	0	5	0	0	0	0	2	0	0	0	0	0	1	0	0	1	0	0	0	0	4	0	0	6	0	0	0	1	4	0	0	1	0	0	0	0	0	3	4	0	0	0	0	0	5	3	0	0	0	0	0	2	4	0	0	0	0	6	0	0	2	0	5	0
o209	0	0	5	0	0	0	0	0	0	4	0	2	0	0	0	1	7	4	0	0	0	0	0	0	3	0	0	0	0	0	0	1	2	4	5	0	0	2	0	0	4	1	0	4	0	0	0	4	0	6	0	2	0	5	0	2	1	1	4	0	0	0	0	0	0	0	4	0	5	0	0	0	0	5	3	0	6	5	0	0
o210	3	2	0	5	0	0	0	0	4	0	0	0	0	0	0	0	0	0	0	0	0	0	0	0	0	0	6	4	2	0	0	0	1	0	4	0	0	1	0	2	4	0	1	0	5	0	0	2	0	0	0	0	0	0	0	0	0	0	0	0	0	0	4	6	0	0	0	0	0	0	0	0	5	4	0	6	1	0	0	0
o211	0	6	0	0	0	0	0	2	0	0	0	0	0	0	3	0	3	5	0	0	1	0	0	0	0	3	0	0	0	0	0	0	0	0	0	1	4	0	0	0	1	0	0	0	0	0	0	0	5	0	3	0	6	5	0	0	0	0	0	1	0	0	0	0	1	0	0	0	1	1	0	0	0	0	0	3	0	0	5	0
o212	0	0	0	0	1	0	0	0	0	0	0	3	0	3	0	0	0	0	0	0	6	3	0	0	2	0	0	0	0	0	0	5	0	0	0	1	0	0	3	0	0	2	0	0	0	0	0	5	0	5	6	0	0	5	0	0	2	0	0	0	0	0	0	6	0	0	0	4	2	0	0	0	0	0	0	0	1	1	1	0
o213	1	0	5	0	3	0	0	0	0	0	0	4	0	0	0	0	0	2	5	0	0	0	3	0	0	0	0	5	0	0	0	0	4	0	0	0	0	3	0	0	0	0	0	0	0	0	0	6	5	3	0	0	0	0	4	2	0	0	0	0	0	0	0	2	0	4	0	0	6	0	0	3	6	0	0	0	0	0	0	0
o214	0	0	0	3	0	0	0	0	0	0	0	0	7	3	0	0	0	0	0	0	0	0	0	0	0	0	7	0	0	0	3	0	0	0	0	0	0	0	0	3	0	4	0	0	0	6	0	0	4	0	0	0	0	0	3	0	0	0	0	6	0	0	0	0	0	1	0	0	0	0	0	0	3	0	1	0	0	0	0	0
o215	0	1	0	0	5	0	0	0	0	0	0	0	0	0	3	4	0	0	0	0	0	3	0	4	0	1	0	0	0	0	0	0	2	0	0	2	1	0	0	0	0	0	0	1	0	3	0	0	0	0	0	1	0	0	4	0	0	0	0	0	0	3	0	4	0	0	0	0	0	4	0	5	0	0	1	0	0	0	0	0
o216	0	0	0	5	1	4	3	0	0	4	0	0	0	0	6	0	0	0	4	0	0	5	0	0	3	0	0	0	0	0	0	0	0	0	0	0	0	0	0	4	0	0	0	0	1	0	0	0	0	0	0	0	3	0	0	1	0	0	0	2	0	0	0	0	0	0	5	5	4	0	0	0	0	0	0	0	3	5	0	2
o217	0	0	0	0	0	0	0	5	6	0	0	6	4	0	0	0	0	0	0	0	3	0	4	0	0	0	1	0	0	0	0	5	0	0	0	3	0	4	0	1	0	0	0	0	0	0	0	0	0	4	0	0	0	0	4	0	0	0	3	0	0	0	0	0	3	0	0	0	0	0	0	0	0	0	0	0	0	0	0	6
o218	1	3	0	0	0	0	0	0	0	0	0	0	4	0	0	0	0	2	0	0	1	0	0	2	0	0	0	0	0	0	3	0	0	0	0	0	1	0	0	0	0	0	4	1	0	1	0	0	0	0	0	0	0	0	0	1	1	0	5	1	0	0	2	0	0	0	0	0	0	0	0	0	0	0	0	0	0	4	0	0
o219	0	4	5	1	0	0	0	6	5	3	0	0	0	0	0	0	0	0	0	0	0	2	0	0	0	0	0	0	0	5	0	0	1	0	0	1	5	4	0	0	0	0	0	0	4	0	4	5	3	0	4	0	0	0	0	0	1	6	0	2	0	0	0	0	0	3	0	4	0	0	0	5	0	0	0	0	0	2	0	0
o220	5	5	2	2	0	0	6	0	0	0	0	0	0	0	0	0	0	0	0	1	0	0	0	0	0	0	0	0	0	6	0	0	0	7	0	0	0	0	0	0	0	0	5	0	2	0	2	0	0	5	0	0	0	0	0	0	0	0	0	0	1	0	0	4	1	0	4	2	0	0	0	0	0	0	3	0	0	0	3	4
o221	0	0	0	0	0	0	4	2	0	0	0	0	0	3	0	0	0	0	0	0	0	0	0	0	5	0	0	3	0	0	1	0	0	0	0	0	0	7	0	0	2	0	3	0	0	0	0	0	0	0	0	1	0	0	0	0	0	2	0	0	0	0	0	0	0	0	2	0	0	0	0	0	0	0	0	0	3	3	2	0
o222	0	5	4	0	0	0	0	5	0	1	3	0	13	0	0	3	0	0	0	0	0	0	0	0	3	0	1	0	0	0	1	0	0	0	0	0	0	0	0	1	0	0	2	0	0	0	0	0	0	0	0	1	6	3	0	1	0	2	0	0	0	5	0	0	0	0	0	3	0	0	0	0	0	0	0	0	0	0	3	2
o223	2	3	0	6	0	2	0	0	1	3	0	2	0	0	0	0	1	0	0	0	0	0	3	7	0	0	0	6	0	7	0	1	0	0	0	0	0	0	0	0	0	5	2	0	0	2	0	1	4	5	0	0	0	7	1	0	0	0	0	0	0	0	0	0	0	0	0	0	7	0	7	0	2	0	0	0	4	0	0	0
o224	0	0	0	0	0	0	0	0	0	0	1	0	5	4	0	0	0	0	6	0	0	0	0	0	0	0	3	0	0	0	0	0	0	4	0	4	0	0	0	0	0	0	0	4	5	0	0	0	0	0	0	4	5	0	0	1	0	0	0	2	0	0	2	0	0	0	0	2	0	0	0	0	0	0	0	0	0	0	0	4
o225	7	0	0	0	0	0	0	1	0	0	2	0	0	0	0	0	0	0	0	0	0	0	0	0	0	0	0	4	0	0	0	0	5	0	7	4	0	3	0	0	0	0	3	0	5	0	1	0	0	0	2	0	3	0	0	0	0	0	0	0	0	0	5	0	0	0	2	0	0	0	0	0	0	0	0	0	0	0	0	0
o226	0	0	0	0	0	0	4	0	0	1	0	0	0	0	0	0	0	2	0	0	0	0	0	0	0	0	0	0	0	4	0	4	0	3	0	3	0	0	0	0	0	0	0	0	0	4	5	0	0	0	0	0	0	3	0	0	0	3	0	2	0	0	0	2	2	0	0	0	0	3	0	6	0	0	0	0	0	0	0	0
o227	0	1	0	0	0	0	0	0	3	3	0	0	0	0	0	0	3	7	0	0	0	5	0	3	3	0	0	0	0	0	0	3	0	0	0	0	2	0	0	0	0	1	0	0	0	2	0	0	0	3	1	0	0	0	0	3	0	5	0	0	0	0	0	0	0	0	0	0	0	0	2	0	0	2	0	2	0	5	0	0
o228	0	0	2	0	0	0	3	1	0	4	0	0	0	0	0	0	0	0	0	0	0	0	0	0	0	3	0	4	0	0	0	0	2	2	0	0	0	0	0	5	0	0	4	0	0	0	0	0	0	3	3	0	3	0	4	0	0	0	0	5	0	0	0	0	0	0	0	0	1	0	0	0	0	0	0	0	0	0	5	0
o229	1	0	0	3	5	0	2	0	0	0	2	0	0	0	0	1	0	0	4	0	0	0	0	0	0	0	0	0	0	4	4	0	0	0	0	0	0	0	0	2	0	0	3	4	0	0	0	0	0	0	0	0	0	0	0	0	0	0	0	4	0	0	0	0	0	0	0	0	0	0	0	0	0	0	0	7	0	0	0	0
o230	0	0	6	0	0	0	0	6	0	0	0	0	1	5	0	0	0	0	0	0	0	0	0	0	6	0	0	0	0	0	3	0	0	1	0	0	0	0	0	0	0	0	0	0	0	0	0	1	0	0	0	0	0	0	0	0	0	0	0	0	3	0	0	4	0	0	0	6	0	0	0	4	0	3	0	0	0	0	2	0
o231	0	0	2	0	0	0	0	0	2	0	4	1	2	4	6	0	0	0	0	0	0	2	0	0	0	4	0	0	0	0	0	0	5	0	0	3	0	0	0	0	0	4	4	0	0	0	0	0	0	0	0	0	0	0	2	0	0	0	4	0	0	0	0	3	2	0	0	0	0	4	0	0	0	5	0	3	5	0	0	0
o232	0	0	0	0	0	0	0	0	0	4	2	0	0	6	0	1	1	0	0	5	3	0	0	0	4	0	0	0	1	0	0	0	0	0	0	0	0	0	0	0	2	0	0	0	0	0	0	4	4	0	3	0	0	0	0	6	0	0	0	0	0	0	0	0	0	0	0	0	7	3	0	2	1	0	0	0	0	2	0	0
o233	0	0	0	0	0	0	0	0	5	0	0	0	0	0	0	0	0	0	0	0	0	3	4	0	0	0	0	0	0	0	0	0	0	2	2	4	0	0	0	0	0	2	0	1	0	5	0	0	6	0	0	0	2	0	0	5	2	0	0	4	0	0	0	0	4	0	7	1	0	0	1	0	0	0	0	0	0	0	0	0
o234	0	0	4	5	0	0	1	0	0	0	2	0	0	0	2	0	3	2	5	0	0	0	0	0	4	1	0	4	0	0	5	0	3	3	0	0	0	0	0	0	0	0	0	0	0	4	0	0	0	0	3	4	0	0	0	0	0	0	0	0	0	3	0	4	0	4	0	0	0	0	0	0	0	0	0	4	0	0	3	0
o235	0	0	0	0	0	0	1	1	0	0	0	0	7	1	0	0	0	0	0	2	0	1	0	0	0	0	0	0	0	3	0	2	0	0	0	0	0	0	0	0	0	0	0	0	0	0	2	6	4	0	5	0	0	0	2	0	1	0	2	0	0	3	0	0	1	0	0	0	6	0	0	0	1	7	0	0	4	3	0	2
o236	1	0	0	0	0	4	5	0	2	0	0	0	0	0	0	0	0	0	0	0	0	4	0	0	5	0	0	6	0	0	1	0	3	0	2	0	0	0	0	2	4	0	0	0	0	4	0	6	3	0	0	0	0	0	1	3	2	0	0	4	3	5	4	0	5	0	0	0	0	0	0	1	0	0	0	0	0	0	0	0
o237	4	0	0	0	0	0	0	0	0	3	4	0	2	0	0	1	0	0	0	0	0	5	0	0	0	0	0	0	0	0	0	0	0	0	0	0	0	0	2	0	0	0	0	0	0	0	0	0	0	0	0	0	0	4	4	0	0	6	3	1	0	0	0	0	4	0	0	0	0	0	0	0	1	0	0	0	6	0	5	0
o238	0	0	0	0	0	0	3	0	0	0	2	0	0	0	0	0	0	0	0	0	0	0	0	2	0	0	0	0	0	0	0	0	0	0	3	2	0	1	0	0	4	0	0	0	4	0	0	0	0	0	0	6	0	0	0	0	0	0	0	0	0	0	0	0	0	5	4	0	0	0	0	0	0	0	3	2	1	4	2	0
o239	0	0	0	0	0	0	0	1	0	0	0	0	5	0	0	0	0	7	0	0	0	0	4	0	0	0	0	0	0	3	0	0	1	0	0	0	0	0	0	4	0	2	0	1	0	3	0	5	4	4	0	0	6	0	0	6	0	0	0	0	0	0	0	7	0	3	0	0	1	0	4	0	0	0	0	0	4	0	0	0
o240	0	0	0	0	1	0	0	0	0	0	0	0	0	0	0	0	0	0	0	0	0	0	0	0	0	0	5	0	0	0	0	0	2	0	0	0	2	4	3	0	0	0	0	2	0	0	4	0	0	0	0	3	5	0	6	0	6	1	0	0	0	0	7	0	0	0	0	0	3	0	0	4	0	0	1	0	3	2	0	0
o241	0	0	3	3	5	0	0	0	0	0	0	0	0	0	0	0	0	0	0	0	4	0	2	0	0	0	0	0	4	6	0	0	0	0	0	0	0	0	4	0	0	0	0	2	2	3	0	0	0	0	0	0	1	3	0	0	0	0	0	0	0	4	0	0	0	5	0	0	0	0	0	0	0	0	0	0	0	0	0	0
o242	0	0	1	0	0	0	0	0	0	2	1	5	0	2	0	0	0	0	0	0	3	0	0	0	0	0	1	0	0	0	0	0	0	0	0	0	0	8	3	0	0	1	2	0	2	5	4	6	4	0	0	0	0	0	0	0	2	0	0	1	0	0	0	3	0	4	1	0	1	0	4	4	0	0	6	0	0	0	0	0
o243	0	0	0	0	0	0	2	1	0	0	0	0	0	0	0	0	0	0	0	0	4	0	0	0	0	0	0	0	0	0	6	0	0	0	0	5	3	0	0	2	0	0	1	0	0	0	0	0	0	1	0	0	1	0	0	1	0	0	0	0	0	6	0	0	3	6	0	0	0	1	0	0	3	0	0	0	0	0	7	0
o244	0	2	0	3	7	0	0	0	0	0	0	0	0	0	0	0	0	0	5	0	0	0	1	6	0	0	0	0	0	0	2	0	0	0	2	0	0	0	0	5	0	1	0	0	5	0	4	0	1	2	5	0	2	0	5	0	0	0	0	0	3	0	0	4	3	5	0	0	0	2	0	0	0	0	0	0	0	0	5	0
o245	0	0	0	0	0	3	0	0	0	0	0	0	0	5	0	0	0	0	0	0	0	0	3	0	0	5	0	0	0	4	0	0	4	0	0	5	0	0	0	0	0	0	0	1	0	0	3	0	2	0	0	0	0	5	5	0	0	0	0	0	0	0	0	3	0	0	1	0	0	1	0	0	0	1	0	3	0	0	2	1
o246	0	2	4	0	0	0	6	0	0	0	0	5	0	4	0	0	4	0	0	0	0	0	0	5	0	4	0	2	0	0	0	0	3	0	0	0	0	0	0	0	0	0	1	0	4	0	0	0	0	0	0	0	0	0	3	0	0	5	0	0	2	0	4	0	0	0	1	5	1	0	0	0	4	2	1	6	0	3	0	0
o247	0	0	3	0	0	0	0	4	0	0	0	0	0	0	0	0	0	0	4	0	0	0	0	5	0	0	5	0	0	0	0	0	0	0	0	0	1	0	0	0	0	0	4	0	0	0	0	0	0	6	0	0	0	0	0	0	3	0	0	0	0	0	3	0	1	0	1	0	1	1	0	0	0	0	0	0	0	0	5	0
o248	0	0	0	1	0	0	0	0	0	0	0	0	2	0	0	0	0	4	6	3	0	0	0	4	1	0	0	0	0	0	0	6	0	0	4	0	1	0	0	0	1	0	0	0	0	0	2	0	0	0	0	0	0	1	0	0	6	0	0	0	0	7	0	0	0	0	0	0	1	4	0	0	0	0	0	3	6	0	3	0
o249	0	3	0	0	3	0	5	6	0	0	0	0	0	0	0	6	5	0	0	0	0	0	0	3	0	0	0	4	0	0	0	0	0	0	2	0	0	0	0	0	0	0	0	0	0	0	0	0	0	2	0	0	0	0	0	2	0	0	5	0	0	0	0	0	0	0	0	0	2	0	4	0	0	0	1	0	4	0	4	0
o250	0	0	0	0	0	3	0	4	1	0	0	0	0	0	0	2	0	0	6	0	0	0	0	0	0	0	0	1	0	1	0	0	0	1	0	3	3	0	4	0	0	1	7	4	0	0	3	2	0	4	0	0	0	0	0	0	0	3	0	2	0	6	0	0	0	1	0	2	0	0	0	0	6	0	0	0	0	0	3	0
o251	0	0	0	0	0	0	8	0	0	6	0	0	0	0	0	0	0	6	0	0	0	0	0	0	0	0	0	0	0	0	7	0	0	0	0	1	0	0	0	0	0	0	5	0	0	0	0	0	3	0	0	0	2	0	0	0	2	0	0	0	0	0	3	0	0	0	0	0	0	0	0	0	0	0	0	0	0	0	0	0
o252	7	0	0	0	0	0	5	0	0	0	0	0	0	0	0	0	2	0	0	3	8	0	0	0	0	0	4	0	0	0	0	5	5	2	0	4	0	2	0	6	0	0	0	0	3	0	0	0	0	0	0	4	0	4	0	3	0	0	0	0	0	0	0	0	2	0	0	0	1	2	0	0	5	0	0	0	0	1	0	0
o253	0	2	0	0	0	4	4	0	0	0	4	0	0	0	0	0	0	0	0	0	0	0	0	0	0	0	0	0	0	0	0	0	0	0	0	5	0	0	0	0	0	0	0	0	0	0	0	0	0	0	0	3	0	0	0	0	0	0	0	0	0	0	4	0	0	3	1	0	0	0	0	2	0	0	0	0	0	0	0	0
o254	0	3	0	6	0	0	2	0	0	0	5	3	0	0	0	1	0	0	0	1	0	0	5	0	0	3	0	1	0	0	2	0	0	0	0	0	0	2	0	0	0	0	0	0	2	0	0	0	0	0	0	0	0	0	0	0	2	1	0	0	0	3	0	5	0	2	0	0	3	0	1	0	0	0	0	2	3	0	0	0
o255	0	0	0	0	0	0	0	3	0	0	0	0	0	3	0	3	3	2	0	0	5	1	0	0	0	0	0	5	0	2	4	0	0	0	0	0	0	3	2	0	5	0	0	0	0	0	0	4	3	0	0	4	0	0	0	3	0	0	7	0	2	5	0	0	0	0	3	0	0	0	0	0	0	3	1	0	0	1	3	0
o256	0	0	0	0	0	0	4	0	0	0	0	0	0	0	0	0	4	0	0	0	0	0	0	0	0	0	0	0	0	0	5	4	0	0	0	0	0	0	0	0	0	4	1	0	3	0	0	0	2	1	2	0	0	0	0	0	0	0	0	4	0	4	6	0	1	0	0	0	4	0	5	0	0	0	0	0	0	0	7	0
o257	0	0	0	0	2	1	0	0	0	0	0	0	0	3	1	0	0	0	0	0	0	0	0	0	0	0	0	0	0	0	0	0	0	0	0	0	0	0	0	0	0	0	0	0	5	0	0	0	0	4	0	0	0	0	0	3	0	0	0	0	0	0	3	0	0	0	0	0	5	0	0	5	0	3	0	0	0	3	0	4
o258	3	0	0	4	2	0	0	0	2	0	1	4	0	0	0	4	2	3	0	7	0	1	0	3	3	0	0	0	0	1	7	0	4	0	0	0	0	0	7	0	0	0	0	0	0	0	0	0	0	1	0	0	5	0	0	6	0	0	3	0	4	0	0	0	0	7	0	0	0	0	2	5	0	6	0	0	5	4	0	1
o259	1	1	0	0	0	2	6	0	0	0	2	0	0	0	0	1	1	0	0	0	0	0	0	0	3	2	0	0	0	0	0	4	0	5	0	1	4	0	0	0	0	0	0	0	8	0	0	0	0	0	0	3	0	0	0	0	0	5	0	0	0	0	0	1	0	0	0	0	0	5	0	0	0	0	0	2	0	0	0	3
o260	0	0	0	1	0	0	5	0	2	0	0	0	0	0	5	0	0	0	4	8	0	0	3	0	0	0	0	0	0	0	0	5	4	0	0	0	0	0	0	1	0	3	0	0	1	0	0	0	0	0	0	0	0	0	0	4	2	0	0	1	0	0	0	3	0	0	1	0	0	0	0	0	0	5	0	2	0	4	0	0
o261	3	2	2	0	0	0	0	0	7	0	4	0	0	0	0	0	5	0	0	0	0	3	0	0	0	5	3	0	3	2	0	0	0	0	2	0	0	4	3	0	0	0	2	5	6	6	0	0	0	0	3	0	0	0	0	4	0	0	0	0	0	0	0	0	0	0	1	1	0	0	0	0	2	2	0	0	0	0	5	2
o262	0	3	0	6	0	0	0	4	0	1	6	0	5	2	0	0	0	0	0	0	0	3	0	0	0	0	0	0	5	0	0	0	0	0	4	0	0	1	0	3	0	0	0	3	0	0	0	0	0	0	1	4	0	0	0	0	0	0	0	1	0	0	0	0	0	0	3	0	0	0	2	0	0	0	0	0	0	3	0	0
o263	4	0	0	0	0	6	3	0	0	0	4	0	1	0	0	0	0	0	0	0	0	0	3	0	0	2	0	3	0	0	3	0	0	3	0	0	0	2	3	3	0	1	1	1	0	0	0	0	0	0	0	0	0	0	0	1	0	1	0	3	0	0	0	0	0	0	0	4	0	5	0	0	2	0	0	0	0	0	1	0
o264	0	3	0	0	0	0	0	0	3	0	2	0	0	0	0	0	0	4	3	0	0	0	0	2	0	0	0	0	0	0	4	5	0	0	0	0	6	5	0	0	0	0	0	0	0	0	0	0	0	1	0	0	0	0	3	0	4	0	0	0	0	4	0	0	0	3	0	4	0	0	0	0	6	4	4	0	0	0	0	0
o265	5	0	0	0	0	2	5	0	0	2	5	0	4	0	0	0	0	0	0	2	0	0	2	0	0	0	0	0	0	0	2	0	1	0	0	0	3	3	3	0	6	1	0	1	0	0	0	0	0	0	0	0	4	3	0	5	0	0	3	0	0	0	0	0	0	0	0	0	0	0	0	0	3	0	0	0	0	3	5	1
o266	3	0	4	4	0	0	0	0	0	0	5	0	0	3	0	0	0	0	0	0	0	0	0	0	0	0	0	0	3	2	0	3	0	0	0	0	1	4	0	0	0	4	1	0	0	0	4	4	3	0	0	0	0	0	5	0	0	0	0	0	0	0	0	0	0	0	0	0	0	0	0	0	0	0	0	0	2	1	0	0
o267	0	2	0	1	0	0	2	0	0	0	1	4	0	0	0	1	1	1	0	5	0	0	0	0	0	0	0	1	0	0	0	3	5	0	0	5	0	0	0	0	0	0	0	0	0	2	0	0	4	0	0	0	0	0	0	0	0	0	0	2	0	0	5	4	0	0	0	0	1	0	0	0	0	0	6	0	0	0	3	6
o268	0	0	0	4	0	0	0	0	3	0	0	0	0	1	0	3	0	0	0	0	2	5	0	2	0	0	0	0	0	0	0	0	0	0	0	4	0	0	0	0	7	0	1	4	0	0	0	5	0	0	3	0	0	0	0	3	0	0	0	0	0	0	5	0	3	0	3	1	0	5	0	0	0	0	1	2	0	4	0	0
o269	1	0	5	3	0	0	0	0	5	3	0	0	2	0	0	0	1	0	0	0	0	0	0	2	0	0	0	0	0	0	0	0	0	0	5	0	4	0	0	0	0	0	0	3	0	0	0	0	0	0	3	0	0	0	4	0	0	0	0	5	0	0	0	0	0	2	3	0	0	0	0	0	2	0	2	0	2	0	0	0
o270	1	0	0	5	0	0	0	0	0	2	0	2	4	0	0	0	0	0	0	6	0	3	0	0	1	0	0	0	0	0	0	0	0	0	0	1	0	0	5	0	1	0	0	0	0	0	0	0	0	0	4	0	5	0	0	0	0	6	0	0	0	4	0	2	0	5	0	0	0	0	6	0	0	0	0	0	1	0	0	0
o271	0	0	0	0	1	0	0	0	0	0	0	2	3	6	4	2	0	0	0	0	0	0	4	0	0	0	0	0	0	1	0	0	0	0	0	3	0	0	0	0	2	0	0	0	0	4	0	0	3	0	1	0	0	0	0	0	0	0	0	3	1	0	2	0	0	0	0	0	0	0	0	0	0	0	0	0	0	0	0	5
o272	0	0	1	0	0	0	0	0	0	2	0	0	0	0	1	0	0	0	2	0	0	0	0	0	0	0	0	0	0	0	0	0	0	0	0	0	0	0	0	0	0	0	0	0	0	1	6	0	0	0	0	0	2	1	0	0	0	0	2	2	0	0	0	0	0	0	1	0	3	0	0	0	1	0	0	0	0	0	0	3
o273	0	0	0	0	0	0	3	0	0	0	0	5	0	0	0	0	3	0	5	0	0	4	2	7	8	0	0	1	0	0	0	3	0	0	1	0	0	0	0	4	0	0	0	0	0	0	0	6	0	0	0	0	0	0	4	0	2	0	0	0	0	2	0	3	0	2	3	0	0	0	0	3	0	0	0	0	0	0	0	0
o274	0	0	0	0	0	0	0	3	0	0	5	0	0	0	4	0	0	2	0	0	0	3	0	0	0	0	0	0	3	2	0	0	2	0	0	0	3	0	2	0	1	3	0	0	0	0	0	0	0	0	0	0	0	1	4	0	0	3	0	4	0	0	3	4	0	6	0	0	0	0	0	3	0	0	0	1	0	0	5	0
o275	0	0	2	0	0	0	0	0	0	5	5	0	0	1	3	0	0	0	0	6	0	0	0	0	0	4	0	0	3	4	0	0	0	0	1	0	0	1	2	0	3	0	0	0	0	0	3	5	0	0	0	0	0	0	0	0	0	0	0	0	0	1	1	5	0	0	0	0	0	0	0	0	0	0	4	0	0	0	0	3
o276	0	2	3	1	0	5	0	0	4	6	2	0	0	0	0	0	4	0	2	0	0	0	0	0	0	0	0	0	4	0	0	0	0	0	0	0	0	0	0	0	0	1	0	0	0	0	0	4	4	0	0	0	0	0	0	0	0	5	0	0	4	6	0	0	0	0	0	0	3	0	2	0	0	0	0	1	0	0	0	0
o277	0	0	3	0	0	0	4	0	2	0	0	0	3	0	0	0	0	0	4	0	0	0	0	0	0	0	0	0	0	0	0	7	0	6	0	0	0	0	0	0	0	0	0	2	0	0	0	3	0	1	0	0	0	0	0	0	0	0	0	0	0	0	0	1	0	0	6	0	5	0	0	0	0	0	0	0	6	0	0	2
o278	6	0	6	4	0	0	0	0	0	0	0	0	0	6	0	0	0	0	0	0	0	0	0	0	0	0	0	0	0	0	0	0	4	1	0	0	0	0	0	0	0	3	0	0	0	4	3	3	0	0	1	0	0	0	0	0	0	0	0	0	0	1	0	0	3	0	3	0	0	4	0	0	0	0	0	0	0	3	3	0
o279	1	4	0	0	1	0	5	0	0	0	0	6	0	1	0	0	5	0	0	0	0	0	0	0	0	0	0	4	2	0	0	5	0	0	0	0	0	0	0	0	0	0	2	0	0	0	0	4	0	6	0	2	0	5	0	0	0	0	0	0	0	0	2	0	0	0	0	0	0	0	0	0	0	0	0	0	0	3	0	0
o280	0	0	3	0	0	1	0	0	0	0	0	3	0	3	0	0	0	2	0	0	3	4	0	0	0	0	0	0	0	0	0	0	0	3	0	3	3	5	4	0	0	0	0	1	0	0	0	0	4	0	1	0	0	0	0	0	0	2	0	5	0	0	0	0	4	0	0	6	0	1	4	0	0	5	0	2	0	0	0	0
o281	0	0	0	2	0	0	0	0	4	0	0	9	0	0	2	0	0	0	0	4	0	0	3	0	0	0	0	6	0	0	0	0	0	4	3	5	0	0	0	0	0	3	0	0	6	0	0	0	0	0	0	0	3	0	0	0	0	0	4	7	0	5	0	0	0	4	0	1	0	0	5	0	0	0	0	3	0	4	0	1
o282	0	0	0	3	0	5	0	0	4	0	3	0	0	4	4	0	0	0	3	0	0	4	0	5	0	0	0	5	0	0	3	1	4	0	0	0	0	0	4	0	0	0	0	0	0	0	0	0	0	0	0	0	0	0	0	0	0	1	0	11	0	4	0	0	0	0	0	0	0	0	0	0	0	7	0	0	0	0	0	0
o283	0	0	0	0	0	0	0	0	0	0	2	2	0	0	5	5	2	2	0	6	3	0	0	0	0	0	0	0	2	0	0	0	0	0	0	0	5	0	6	0	0	0	0	0	2	0	0	0	0	0	2	0	0	0	4	2	0	0	0	0	0	0	0	0	1	0	0	0	0	0	1	0	1	0	0	0	0	0	0	5
o284	2	0	2	0	0	0	5	0	0	1	0	3	0	4	0	0	0	0	0	0	0	0	0	0	0	0	0	4	1	2	5	0	0	2	0	4	0	4	0	0	0	0	0	0	3	0	0	0	0	0	0	2	0	2	0	0	0	0	0	0	4	0	0	0	0	0	0	0	1	0	0	0	0	0	0	0	5	0	3	0
o285	0	0	0	0	5	4	0	0	0	0	0	0	6	2	0	5	4	0	0	0	0	0	0	2	0	0	0	0	5	0	4	0	0	0	0	2	1	0	0	0	3	5	0	6	4	0	0	0	0	0	0	0	0	0	0	5	0	0	4	0	2	0	0	0	0	3	0	0	0	0	0	0	0	0	1	0	0	0	5	0
o286	5	0	0	0	6	0	0	0	0	0	6	0	0	0	0	0	0	0	5	0	0	0	0	2	0	0	5	0	0	1	5	0	6	0	0	0	0	5	0	0	0	0	0	0	0	0	0	0	0	0	0	2	0	5	0	5	4	5	0	3	0	0	0	7	1	2	1	6	4	0	4	0	0	0	0	0	0	0	0	0
o287	0	0	0	2	3	0	0	2	0	2	10	0	0	0	0	0	2	5	4	0	0	0	0	8	0	1	0	0	2	0	0	0	0	0	0	5	4	2	0	0	0	0	0	0	0	5	0	3	0	0	5	0	4	0	0	0	0	0	0	6	3	0	0	0	0	0	0	3	2	3	0	0	0	0	0	3	0	0	0	3
o288	0	0	0	6	0	0	0	0	0	2	0	2	1	0	0	0	6	0	3	0	0	3	0	5	0	0	0	0	0	2	4	0	0	0	0	0	0	0	0	5	0	0	0	0	2	0	5	0	0	0	0	1	0	0	3	0	0	0	0	6	0	0	0	3	0	3	0	0	2	0	0	0	0	0	0	0	0	0	3	0
o289	0	0	5	0	6	0	0	0	4	0	5	0	0	0	0	4	0	0	0	0	0	0	3	0	0	0	0	0	0	0	0	0	0	0	0	0	6	5	0	0	0	1	0	0	0	0	0	0	5	0	1	0	0	0	0	0	0	4	0	0	0	0	0	1	0	0	4	6	0	0	0	4	0	0	0	0	5	0	0	0
o290	0	0	0	2	0	0	0	0	0	0	0	0	0	5	0	0	1	0	0	0	0	4	0	0	0	0	2	0	0	0	5	0	0	3	0	1	0	0	0	0	3	0	0	0	0	0	0	0	0	4	0	0	0	2	1	0	0	0	1	0	0	0	0	5	0	4	0	0	0	0	0	2	0	0	0	3	0	0	0	0
o291	1	0	0	0	0	1	3	0	0	0	2	0	3	2	6	0	0	0	0	4	0	0	0	0	0	2	5	0	2	0	0	0	0	0	0	0	0	0	0	0	0	2	0	0	0	4	2	0	4	0	0	6	0	0	0	3	0	0	4	0	0	0	0	0	0	0	0	5	0	1	0	3	0	1	0	0	0	2	1	0
o292	1	0	0	0	4	4	0	0	0	0	0	0	0	3	0	0	0	0	4	0	0	4	0	0	0	0	0	2	0	5	0	0	2	0	0	0	0	2	4	0	0	0	0	0	0	0	0	0	0	2	0	0	0	0	0	0	0	0	7	0	5	0	0	3	0	0	0	8	0	3	3	0	0	0	0	0	0	0	0	0
o293	2	0	0	0	0	0	0	0	0	0	0	0	0	0	3	0	0	1	5	3	0	0	0	0	0	0	0	0	0	0	5	0	0	0	0	1	7	0	4	0	0	0	0	0	0	0	0	0	0	0	0	0	0	3	0	0	0	0	0	0	0	0	2	0	0	3	0	0	2	7	0	0	0	0	0	0	0	0	0	0
o294	1	7	0	0	0	0	0	0	0	2	0	2	0	0	3	0	0	0	5	2	2	3	1	0	0	3	0	0	0	0	0	0	5	0	0	0	0	0	3	0	4	1	1	0	0	0	0	1	0	2	0	0	0	0	4	0	0	2	0	2	3	5	5	0	1	0	0	0	0	5	0	0	0	0	0	0	5	2	3	0
o295	0	0	0	0	0	3	0	0	4	8	0	3	5	6	1	5	0	0	0	0	7	0	0	0	0	0	0	0	0	0	0	0	0	0	0	1	0	2	0	0	2	0	0	4	0	0	0	5	0	0	0	0	0	0	0	3	4	0	0	3	0	0	1	0	0	2	0	1	5	1	0	0	0	0	5	3	5	0	0	0
o296	0	5	0	0	0	0	0	0	0	0	0	0	0	0	0	0	0	0	5	0	5	0	0	0	0	3	6	7	0	0	0	4	0	0	5	0	0	0	7	0	0	0	0	0	0	5	2	0	0	0	0	0	0	0	0	0	0	0	7	0	0	0	0	0	0	0	0	1	0	0	0	0	0	0	0	0	2	0	0	0
o297	0	0	5	0	0	0	0	1	0	0	0	2	3	0	0	0	0	5	4	0	0	0	4	0	0	1	0	0	0	0	6	2	0	1	0	0	0	0	1	6	0	5	6	0	0	0	0	0	0	0	0	0	0	2	0	0	4	3	0	0	0	0	0	4	4	0	0	0	0	0	0	0	0	0	4	0	6	0	0	1
o298	1	0	0	4	0	0	4	0	0	0	0	0	0	0	0	0	3	0	0	0	0	5	0	1	6	5	0	3	0	0	0	0	1	2	0	0	0	0	0	3	0	7	4	0	0	0	0	4	7	3	0	6	0	0	4	0	0	0	3	0	1	0	0	0	0	0	0	5	0	5	1	0	4	0	0	0	4	0	6	5
o299	3	0	0	0	5	0	3	0	0	0	1	0	0	0	0	0	0	0	0	0	3	0	0	0	0	3	1	0	3	0	0	0	0	5	0	0	0	0	1	2	0	0	0	0	0	0	0	1	4	0	0	0	0	0	5	0	0	2	2	0	0	1	0	0	0	0	0	0	0	3	0	0	4	7	0	0	0	3	0	0
o300	2	0	0	0	0	2	2	0	0	0	0	0	0	0	2	6	0	0	0	0	5	3	0	0	0	4	0	0	0	0	0	1	1	0	0	3	0	0	0	0	0	0	0	0	0	0	0	0	2	0	3	3	0	0	0	0	0	0	0	0	0	0	0	0	0	0	0	2	5	0	0	0	0	3	0	4	0	3	0	5
o301	3	0	0	0	0	0	0	1	0	1	0	3	0	0	0	0	4	2	0	0	0	0	0	8	0	0	1	0	8	0	4	0	1	0	0	5	0	1	4	0	0	0	0	2	0	0	0	4	0	1	1	0	0	0	0	0	0	0	0	4	0	0	0	2	0	0	1	0	0	5	0	0	0	3	0	6	0	0	0	0
o302	0	0	0	0	0	5	2	0	0	0	0	2	0	0	2	0	0	0	0	0	0	0	0	0	5	0	0	4	0	0	3	0	0	0	0	4	0	0	0	0	2	0	1	1	0	0	0	0	0	3	0	0	0	0	2	0	0	2	0	0	0	0	3	0	0	5	0	0	0	0	0	3	0	0	0	0	2	0	0	0
o303	0	0	3	0	0	0	2	0	0	5	2	0	5	0	2	0	0	0	0	4	0	0	0	0	0	1	0	2	0	0	0	0	0	0	0	0	0	0	0	0	0	2	0	0	0	2	6	0	0	0	0	2	0	0	4	0	0	0	0	0	6	0	0	0	0	6	0	2	0	0	0	0	5	0	0	5	7	0	0	0
o304	3	0	0	0	0	0	6	0	3	0	0	0	0	0	0	3	4	0	2	0	0	0	1	0	0	0	0	0	0	1	6	6	0	0	0	0	0	0	0	0	2	0	2	0	0	0	1	0	0	0	5	0	0	0	2	0	5	3	0	0	5	0	0	0	0	0	0	0	0	0	3	0	0	0	0	0	2	1	1	3
o305	0	0	0	4	1	0	0	1	0	0	3	0	0	9	6	0	3	0	0	0	0	0	0	0	0	5	0	0	2	0	2	3	0	0	0	2	0	0	0	0	0	0	0	4	3	0	0	0	2	5	3	6	0	0	3	0	0	0	0	2	0	1	4	0	0	0	0	0	1	0	4	0	0	0	2	1	0	0	0	0
o306	0	0	0	5	1	0	0	0	0	0	0	0	0	0	5	0	0	1	0	0	0	5	0	1	0	0	0	0	0	0	0	0	0	0	0	0	1	0	1	0	0	0	0	0	0	0	0	0	0	0	0	1	0	0	0	0	0	0	0	0	0	2	0	0	0	0	0	0	6	0	0	0	0	0	0	0	0	0	0	2
o307	0	0	0	4	0	0	0	0	0	0	0	0	0	0	0	0	0	0	5	0	0	0	0	4	0	0	0	0	0	0	0	0	2	4	6	0	3	0	0	6	0	0	1	0	0	0	0	0	0	0	0	1	0	0	0	2	0	2	0	4	0	0	0	0	0	0	0	0	4	0	0	0	0	5	2	0	0	1	0	0
o308	0	4	3	0	0	0	0	0	0	0	0	0	0	0	0	0	0	0	5	0	0	0	0	5	0	0	0	0	0	0	0	0	0	3	0	0	6	4	4	0	2	0	1	0	0	0	0	0	0	0	2	0	0	3	0	2	0	4	1	0	0	4	0	0	1	0	0	0	0	4	0	0	0	4	0	0	0	0	0	0
o309	1	0	0	1	0	0	0	0	0	0	0	0	0	1	0	0	0	0	4	0	3	0	0	5	0	0	0	0	0	0	4	1	0	0	0	0	0	0	0	0	3	0	4	0	0	0	3	0	0	0	5	0	4	0	0	0	0	0	0	0	0	0	4	0	0	0	6	2	0	0	0	1	0	0	0	4	0	0	5	0
o310	0	0	2	1	0	5	0	0	2	0	0	0	0	0	4	0	0	0	0	0	0	0	0	0	0	0	5	0	0	0	0	0	0	0	0	1	5	0	0	0	0	1	0	0	0	0	0	0	0	0	1	0	4	3	0	0	2	0	0	0	0	2	2	0	0	0	6	1	5	0	0	0	2	0	0	0	0	0	0	0
o311	0	4	0	0	0	0	0	0	0	0	0	0	0	0	0	2	0	0	0	2	0	0	2	4	2	3	0	0	3	0	0	0	2	0	0	0	0	0	0	0	0	0	0	6	0	0	0	2	0	0	0	4	0	0	0	7	0	0	0	0	4	0	0	0	0	3	1	3	0	0	0	4	0	0	0	0	0	0	0	0
o312	0	0	0	0	5	0	0	0	3	0	0	0	0	1	0	0	0	0	0	5	0	0	0	5	0	0	0	0	1	1	0	4	0	7	0	0	4	1	0	1	0	0	0	0	0	3	0	0	0	4	0	4	0	1	4	0	0	0	1	0	4	0	0	0	7	0	0	0	0	0	0	0	0	0	6	0	0	0	0	0
o313	0	0	0	1	0	0	0	0	5	0	2	0	0	0	0	5	5	0	2	0	0	0	6	4	4	0	0	1	4	0	0	1	0	5	0	4	0	5	0	0	0	0	1	0	2	0	0	0	0	1	5	0	0	0	0	0	0	0	0	0	1	6	0	0	0	0	0	2	0	0	0	0	3	0	6	3	0	0	0	0
o314	0	4	0	0	0	0	4	1	0	0	0	0	0	0	0	0	0	4	0	0	0	0	0	0	4	0	0	0	1	2	0	0	0	0	0	0	0	0	3	0	0	0	0	0	5	0	0	0	3	5	0	0	0	3	0	0	0	2	0	0	3	0	0	0	0	0	0	0	0	0	4	1	2	0	4	0	0	0	0	0
o315	0	0	6	0	0	0	0	1	0	0	0	0	0	0	3	0	5	0	0	0	0	0	0	4	0	0	0	0	0	0	0	0	1	0	0	0	0	0	0	0	3	0	0	1	0	3	0	0	5	0	0	0	0	0	0	0	0	0	1	0	1	0	0	5	1	0	0	0	8	0	0	3	0	0	0	0	0	0	0	0
o316	0	0	0	0	0	0	2	5	0	0	0	0	0	0	0	0	0	0	0	0	0	2	0	1	5	0	0	0	1	5	5	0	4	0	3	1	0	0	0	0	0	5	0	0	0	0	0	0	0	0	0	6	0	0	0	0	3	0	0	0	0	0	2	0	0	0	0	0	0	0	0	0	0	0	0	5	0	0	0	5
o317	0	4	0	0	0	0	0	4	0	0	0	1	0	3	6	0	0	0	0	0	0	0	0	3	0	0	3	0	0	0	0	0	0	0	0	0	0	0	5	0	0	0	0	5	0	5	3	0	0	0	0	0	2	0	0	0	0	2	0	0	0	0	0	0	6	0	0	0	0	6	0	2	2	0	3	0	0	0	0	4
o318	0	0	0	0	0	0	3	0	0	0	0	0	0	5	0	4	3	0	0	1	0	5	0	0	3	0	0	3	0	0	0	0	4	1	0	0	0	0	2	0	0	4	1	6	0	0	2	0	0	0	0	0	3	0	0	0	0	0	0	0	0	0	0	0	0	0	0	3	0	0	0	0	0	0	0	0	0	0	3	0
o319	0	0	0	0	0	0	3	0	0	0	2	0	0	0	2	0	4	0	0	6	0	5	0	0	0	1	0	0	3	3	0	0	0	0	0	0	0	0	0	0	0	7	0	0	0	0	5	0	0	0	0	4	0	0	0	5	1	0	1	0	1	0	1	0	0	0	0	0	0	0	0	0	0	0	4	0	0	0	0	0
o320	0	0	1	0	0	0	0	0	0	0	0	0	0	0	0	0	1	4	0	0	0	0	2	4	0	0	0	0	0	0	1	0	0	0	0	5	0	1	0	1	0	0	0	0	0	0	2	5	0	4	0	0	4	0	0	0	0	0	0	0	0	0	6	0	2	6	9	0	3	2	3	0	0	2	0	0	0	0	4	0
o321	0	0	1	0	0	0	0	0	0	0	0	0	0	0	0	0	0	5	0	7	1	0	0	0	0	0	0	0	0	3	0	1	0	0	0	0	0	0	0	0	0	5	0	0	0	0	0	0	0	0	0	0	0	0	0	5	0	2	0	0	0	0	0	0	6	0	4	4	0	0	0	0	0	0	0	0	0	0	4	4
o322	0	0	0	0	0	2	3	0	5	3	0	0	0	0	0	0	4	0	0	7	2	0	0	0	0	0	0	2	0	0	0	0	0	0	0	0	0	0	0	0	0	0	1	0	0	0	5	5	3	0	2	2	4	6	0	2	0	0	6	0	0	0	0	3	3	6	0	0	0	2	0	0	0	0	0	0	5	0	0	0
o323	4	0	0	0	0	4	0	0	0	0	0	0	0	0	5	0	5	3	3	0	3	0	0	1	2	4	0	0	0	1	0	0	0	0	0	4	0	4	0	8	0	0	0	0	0	0	0	3	0	0	0	0	0	0	0	0	0	0	0	3	5	0	0	0	0	0	0	4	0	0	0	0	0	0	0	2	0	3	0	0
o324	0	0	5	3	0	0	0	1	4	2	0	0	0	0	0	0	4	0	0	0	0	0	0	0	0	0	0	5	0	0	1	0	0	0	0	0	0	0	0	0	0	0	0	0	8	5	0	0	0	0	0	2	0	0	0	0	0	1	1	0	0	0	0	0	3	0	2	0	5	2	0	0	0	0	0	7	1	5	3	6
o325	0	0	1	0	0	0	0	0	0	1	0	0	0	0	0	0	0	0	3	0	0	0	0	0	5	0	0	0	0	0	0	0	0	3	0	0	0	6	0	0	0	0	0	0	0	0	0	0	5	0	0	0	0	0	0	0	0	0	6	0	0	1	0	0	2	5	0	0	0	1	0	0	0	0	2	0	0	0	0	0
o326	0	4	0	0	0	0	4	0	0	0	0	2	0	0	0	1	0	4	0	0	0	6	4	2	0	1	0	2	0	3	0	0	0	0	0	0	0	6	2	4	0	1	0	1	0	0	0	0	0	2	5	2	0	0	5	1	0	0	0	0	0	0	0	0	0	0	0	1	4	1	0	0	0	5	0	0	0	0	5	0
o327	1	0	0	0	0	3	0	3	0	0	2	0	0	0	0	0	0	4	6	4	0	1	0	6	0	0	0	0	0	0	0	5	8	0	2	3	0	0	0	0	0	0	0	0	0	6	0	0	0	0	0	0	0	0	0	0	0	0	0	0	0	0	5	3	0	0	0	0	0	2	0	0	2	0	0	0	0	0	0	2
o328	4	0	0	0	0	0	0	0	0	0	0	4	0	0	0	3	0	0	4	0	0	0	0	0	0	0	0	0	0	5	6	0	0	0	0	0	0	0	0	3	0	0	0	0	0	2	0	0	0	0	5	0	0	0	0	0	0	2	0	0	1	0	0	0	0	3	0	1	0	0	0	0	0	0	0	0	0	0	0	0
o329	0	0	0	0	0	0	0	0	0	0	0	0	4	0	0	0	0	0	0	0	0	0	0	7	0	1	4	0	0	0	0	3	0	0	0	2	1	5	0	0	0	0	0	3	0	0	0	0	0	0	0	0	0	0	0	0	0	0	0	0	0	1	0	0	0	0	3	0	0	0	0	0	0	0	0	0	0	0	0	0
o330	0	0	0	5	0	5	0	0	0	0	0	0	0	6	4	0	4	0	0	5	0	0	0	0	0	0	0	0	0	2	0	3	2	6	0	0	0	4	0	6	5	0	6	0	0	0	0	0	0	0	0	0	3	0	0	0	0	0	0	0	0	0	0	0	0	1	0	5	0	1	0	0	0	3	0	0	3	1	5	0
o331	0	0	0	0	0	0	0	0	0	0	0	0	0	0	0	0	1	0	0	0	0	0	0	0	0	0	0	0	0	0	0	0	0	0	0	0	3	0	2	2	0	0	4	0	0	5	0	0	0	0	2	0	0	0	0	0	0	0	0	0	0	0	0	0	0	3	0	0	0	0	0	0	0	6	0	0	0	0	7	0
o332	0	0	0	0	0	0	0	0	0	2	0	0	5	0	0	0	0	0	0	0	0	0	0	0	0	1	0	0	0	0	0	0	0	0	0	0	3	0	0	3	0	0	4	5	0	0	0	7	2	0	0	0	0	0	0	0	0	0	0	1	0	0	0	0	0	0	0	0	5	2	0	0	0	0	5	1	0	0	0	0
o333	0	3	2	0	0	0	0	5	0	0	0	1	0	0	0	1	0	0	5	0	0	5	6	0	0	2	0	0	0	0	4	0	0	0	0	5	0	1	0	2	0	0	2	0	4	5	0	2	0	0	0	0	2	0	3	0	0	0	0	7	0	0	1	0	0	0	0	4	1	0	0	0	0	4	0	3	0	0	2	2
o334	2	0	1	0	0	0	0	5	0	0	0	0	0	0	0	0	0	0	0	4	0	0	0	0	0	0	0	0	0	2	0	0	0	6	0	0	0	0	0	3	0	5	0	0	0	0	3	0	0	0	0	0	0	1	8	1	1	0	0	0	0	0	3	2	1	3	0	1	0	0	0	3	0	0	5	0	0	0	0	0
o335	0	5	2	0	0	0	0	0	5	3	0	0	7	0	0	0	0	4	0	0	0	4	0	0	0	0	0	0	0	0	0	0	0	0	0	0	0	0	0	5	0	0	0	0	0	0	5	0	0	3	0	0	0	5	0	0	0	2	5	5	0	0	0	0	3	0	0	0	0	3	0	0	0	0	4	0	2	0	5	0
o336	0	5	0	0	0	0	0	0	0	0	1	0	2	1	0	0	0	0	3	3	0	0	0	2	5	0	0	0	2	0	0	6	0	0	0	0	0	0	0	3	0	1	0	0	0	1	2	0	0	0	0	0	6	0	0	0	0	0	1	0	0	0	1	0	0	0	4	0	4	0	0	0	0	0	0	0	0	0	6	4
o337	1	4	0	0	0	0	0	0	4	0	0	0	0	3	0	0	1	0	0	6	0	1	0	0	3	0	0	2	0	0	0	0	4	0	0	0	0	1	0	0	0	4	3	0	0	0	0	0	0	0	0	0	0	0	0	0	1	0	0	0	0	4	4	0	2	2	3	0	0	0	0	0	0	3	0	0	0	6	0	6
o338	0	0	5	0	0	0	4	0	0	0	0	0	0	2	0	0	0	5	0	0	0	0	0	0	0	0	0	3	1	0	3	0	0	0	0	0	0	3	4	4	7	1	1	0	0	0	2	0	3	0	0	5	2	0	0	0	0	0	0	0	7	1	0	3	5	0	0	0	0	0	0	0	0	0	0	0	0	0	0	1
o339	0	0	0	0	0	0	0	5	0	0	4	0	3	0	0	0	0	4	5	0	3	0	4	0	6	0	3	0	0	0	2	5	0	0	0	2	0	3	3	0	0	0	0	0	0	0	0	0	0	3	0	0	0	0	0	2	0	3	0	0	0	0	0	0	5	0	0	0	0	6	0	0	0	0	0	3	0	0	0	0
o340	0	0	0	0	0	0	0	2	0	0	0	3	0	4	0	0	4	0	0	0	0	2	0	0	0	0	6	1	3	0	3	0	4	0	4	0	1	0	0	0	0	5	6	5	3	0	0	0	4	0	0	0	0	3	0	0	5	0	5	0	0	0	0	1	0	0	1	0	0	0	0	0	0	0	0	0	1	0	0	3
o341	4	0	0	4	0	0	0	3	3	0	0	5	0	0	0	3	0	0	0	0	0	0	0	0	0	0	3	3	1	0	0	0	2	0	0	0	1	0	0	0	0	0	0	0	0	3	0	0	5	2	0	0	0	0	4	4	0	0	0	0	3	0	0	0	0	0	0	0	0	1	0	0	0	0	3	0	0	0	0	0
o342	0	0	0	1	2	0	0	1	0	2	0	0	3	0	0	4	0	0	0	5	0	6	0	0	0	1	0	2	5	0	4	0	2	0	0	4	0	0	0	6	0	0	4	0	0	0	0	0	0	0	0	3	3	4	0	0	0	0	0	0	0	0	0	0	0	0	0	0	0	0	0	6	0	0	0	0	0	5	3	0
o343	6	0	0	0	4	4	0	0	0	0	0	0	0	0	0	4	0	0	0	0	0	0	0	0	0	0	0	0	0	0	2	0	0	0	5	0	0	6	0	0	0	0	0	0	0	0	0	0	3	0	0	1	3	0	0	0	0	0	0	0	0	0	0	0	0	0	0	0	1	0	0	4	0	0	0	0	0	3	0	0
o344	5	0	0	0	0	2	6	0	0	3	5	0	0	0	0	5	5	0	0	0	5	0	4	0	0	0	6	0	0	0	0	0	0	3	0	0	7	2	0	0	0	0	4	0	0	0	0	5	0	0	0	0	3	0	7	4	0	0	3	0	0	0	0	0	6	0	3	0	0	0	7	0	0	0	0	0	0	0	0	0
o345	0	0	0	0	0	0	0	0	3	0	5	0	4	0	0	0	0	2	0	0	0	0	0	0	0	0	1	0	0	0	0	0	0	0	0	0	0	0	0	1	0	0	0	0	1	1	1	0	0	6	0	0	0	0	0	0	0	3	0	0	0	0	0	0	6	0	0	0	0	0	0	4	0	0	0	0	0	0	0	0
o346	0	5	0	0	0	0	0	0	0	3	2	4	2	0	0	0	0	0	0	0	0	0	5	0	0	0	0	0	5	0	0	0	0	0	6	1	0	2	0	4	0	0	0	0	0	0	3	0	2	0	0	0	0	0	0	0	0	0	0	1	0	0	0	0	0	3	0	0	3	0	0	0	0	0	6	4	3	3	0	5
o347	0	0	1	0	0	2	0	0	0	0	0	0	0	0	0	0	0	0	0	0	1	0	0	1	0	0	0	0	0	0	0	0	1	0	0	2	0	4	0	0	0	0	0	1	0	0	0	0	0	0	0	0	0	0	2	7	6	0	0	0	0	0	1	0	0	0	0	7	8	0	0	0	1	0	0	0	0	3	0	0
o348	4	0	0	0	6	4	4	0	5	2	0	0	0	0	0	4	0	0	4	0	0	0	3	0	0	2	0	0	3	0	0	0	0	0	0	4	1	0	0	0	0	0	0	4	0	2	0	0	5	4	2	0	0	0	3	0	0	2	0	0	0	0	4	1	0	0	0	1	0	5	0	0	2	0	0	0	0	1	0	0
o349	0	0	0	1	3	0	0	0	0	0	3	3	0	0	2	0	0	0	0	0	0	0	0	2	0	0	0	2	0	0	0	2	0	0	0	0	0	3	2	3	0	5	4	0	6	0	0	0	0	0	0	3	2	0	6	0	0	0	0	0	0	0	0	0	1	0	0	0	0	4	0	0	0	0	0	2	0	0	0	0
o350	6	0	0	0	0	0	0	5	0	2	1	0	1	0	2	4	0	0	0	0	0	0	0	1	0	0	4	3	0	1	4	0	0	3	0	0	0	3	0	0	2	0	6	5	0	0	0	0	0	0	0	0	0	3	0	0	0	0	0	0	0	2	0	0	0	0	2	3	0	0	0	0	6	0	0	0	1	3	0	0
o351	0	2	0	0	0	0	0	0	0	0	0	0	0	0	0	0	0	0	0	0	0	0	0	0	0	0	0	5	2	0	0	0	1	0	0	0	0	0	0	0	1	0	0	1	0	3	0	0	0	0	1	0	5	0	5	0	0	0	0	1	4	0	0	0	0	5	0	0	0	0	0	0	0	0	0	0	0	0	0	0
o352	0	0	0	0	0	0	5	0	1	0	0	0	0	0	0	0	0	0	0	3	0	5	0	0	0	0	0	2	0	0	0	0	1	0	0	0	0	0	0	0	0	3	0	0	0	0	1	0	0	0	0	2	0	0	0	0	0	1	3	0	0	4	0	0	0	3	2	0	0	1	0	0	0	0	0	1	0	0	0	0
o353	0	0	0	1	0	0	0	0	0	0	0	0	0	0	0	0	0	2	0	0	0	0	7	0	0	0	0	0	0	0	0	0	0	0	0	0	0	0	0	0	4	0	0	0	0	0	0	0	0	0	0	4	0	4	0	0	0	0	0	4	0	0	0	0	0	0	0	0	0	1	6	0	0	0	0	0	0	0	3	0
o354	0	0	0	0	0	0	4	0	0	0	0	0	3	6	2	0	0	0	1	4	0	0	0	0	3	0	4	0	0	2	0	0	0	0	0	0	0	0	0	0	0	0	4	0	6	0	0	0	0	0	1	0	0	0	4	0	0	0	0	0	0	0	1	0	0	0	0	0	3	0	0	0	0	0	0	1	0	0	0	0
o355	0	0	0	5	0	3	0	0	0	0	0	0	0	0	0	3	0	0	0	0	0	0	0	0	2	0	0	0	0	0	0	0	0	0	2	0	0	3	0	1	0	0	0	0	4	0	0	0	0	0	1	0	0	0	0	0	0	0	0	1	0	0	0	0	0	3	0	0	2	0	1	0	0	0	2	0	3	3	0	0
o356	0	0	1	0	0	0	0	0	2	0	0	0	1	0	0	3	0	0	0	2	0	0	0	4	0	0	0	0	5	0	0	8	0	0	0	0	0	0	1	0	0	0	5	0	0	0	4	0	0	0	0	0	1	0	0	0	4	0	3	4	0	2	0	0	3	3	2	0	0	0	0	0	0	0	0	2	0	0	5	0
o357	0	0	0	0	0	0	0	0	0	0	0	3	0	0	0	0	0	3	0	0	3	0	0	0	0	0	0	3	0	0	0	0	0	0	0	2	0	0	0	0	0	0	0	0	0	0	0	0	1	0	0	0	3	0	1	5	0	0	1	0	0	4	0	3	0	0	1	5	0	0	0	0	0	0	3	0	0	0	0	0
o358	4	0	0	3	0	4	1	2	0	0	0	0	0	5	0	0	0	0	1	0	0	0	0	5	0	0	0	0	2	0	0	0	0	0	0	0	0	0	0	0	3	0	4	0	0	0	1	5	0	0	6	0	0	0	0	0	0	0	0	1	0	3	6	0	0	0	4	0	0	0	0	0	0	0	0	0	6	2	0	0
o359	1	0	0	3	2	0	0	3	0	0	0	0	0	0	0	0	3	0	0	0	0	0	0	0	0	0	0	0	0	0	0	3	0	0	0	0	0	1	0	0	0	0	0	0	0	0	0	1	3	0	0	0	0	0	3	0	0	2	0	0	0	0	0	2	0	2	0	0	0	0	2	3	0	0	0	0	5	0	0	0
o360	0	0	0	0	0	0	0	0	2	8	0	0	0	0	0	0	0	0	0	0	4	0	0	0	0	0	0	0	4	3	0	0	1	0	4	1	0	0	0	5	0	0	0	0	0	0	4	0	5	0	0	0	0	3	0	0	0	0	0	0	0	0	5	0	0	0	2	0	0	4	0	0	0	0	1	3	1	5	3	0
o361	0	0	0	0	0	0	0	0	0	0	0	0	0	0	0	0	0	0	0	0	3	0	0	2	0	0	0	7	0	0	3	0	1	0	0	0	0	0	0	0	0	0	0	0	0	3	0	3	0	0	0	6	3	0	0	0	5	0	0	0	3	0	0	0	0	0	0	0	0	0	2	0	1	0	0	0	0	4	0	0
o362	4	0	0	0	0	0	0	0	6	0	0	8	4	0	4	0	6	0	0	0	7	0	0	0	0	0	0	0	0	0	5	0	0	0	1	0	6	0	0	0	0	2	0	0	0	0	2	0	0	0	5	0	0	6	0	1	0	2	0	4	2	0	0	0	0	0	0	3	5	0	0	2	0	0	0	3	0	0	0	0
o363	0	0	0	0	0	0	0	0	0	0	1	4	4	5	6	0	0	0	4	0	0	0	0	2	0	0	0	0	0	0	5	0	0	0	0	2	0	0	0	0	0	5	1	0	0	0	0	3	0	0	0	0	8	0	1	0	0	0	1	3	0	1	0	0	0	0	0	0	0	0	0	0	1	0	0	0	0	0	4	0
o364	0	0	0	0	0	0	0	0	1	0	0	5	0	0	0	0	1	0	0	0	2	0	0	0	0	2	0	7	0	0	0	0	0	5	0	1	0	0	0	0	3	0	0	0	0	0	4	3	0	0	5	0	3	0	0	0	0	0	0	0	0	0	0	4	0	0	0	0	4	0	3	0	0	0	0	0	0	6	0	0
o365	5	3	0	5	2	0	0	0	0	0	0	4	0	0	0	6	0	1	5	0	0	0	0	0	0	4	0	0	0	0	0	0	0	0	2	0	3	0	0	0	0	0	2	0	0	0	0	3	0	0	7	0	0	0	0	2	4	2	5	0	0	1	0	0	0	2	0	1	0	0	0	0	0	0	0	0	0	0	0	5
o366	0	0	3	4	0	4	0	0	0	0	4	0	0	0	0	0	0	2	0	0	0	0	0	2	0	4	1	0	0	0	0	0	6	0	0	6	0	0	0	0	0	0	0	0	0	0	0	2	0	0	5	0	0	0	0	0	3	0	0	0	1	0	0	0	0	0	0	0	0	0	0	0	0	0	0	2	0	7	2	0
o367	0	2	3	0	0	0	0	0	5	0	0	0	1	0	0	0	1	0	0	0	0	0	0	0	0	0	0	2	0	2	0	0	0	0	3	0	0	0	0	1	2	3	0	0	0	0	0	0	0	0	0	0	0	0	3	0	0	0	0	1	0	0	0	4	0	5	0	0	0	1	0	0	0	0	4	1	0	0	0	0
o368	0	0	0	0	4	0	0	0	0	0	0	0	1	0	6	0	0	0	0	0	0	6	0	0	0	0	0	0	1	3	0	5	0	5	7	0	5	0	0	0	0	0	0	0	0	0	0	0	0	0	0	0	3	0	0	4	0	0	0	0	0	0	0	2	0	0	4	0	0	0	0	0	0	0	0	5	0	6	0	2
o369	3	0	0	0	2	0	0	0	2	0	0	0	5	3	5	0	0	0	0	0	0	0	0	0	7	0	1	1	0	0	5	0	5	0	0	0	0	0	0	0	0	0	0	1	0	0	1	0	3	0	0	3	0	0	5	0	0	0	0	0	0	0	0	0	0	0	2	4	3	0	0	0	0	0	2	0	0	0	0	3
o370	0	0	0	1	0	0	2	0	2	0	0	0	0	0	0	0	0	0	0	6	0	0	0	0	0	0	0	0	0	0	5	4	0	0	0	0	1	0	0	4	0	0	4	0	0	0	4	5	6	3	0	0	0	0	0	0	0	1	0	0	4	0	0	3	0	0	0	1	0	3	0	0	0	0	4	0	0	4	0	0
o371	0	0	0	0	6	0	0	0	0	0	3	0	3	5	0	0	0	1	0	5	0	0	6	6	0	4	2	0	0	0	1	0	5	0	2	0	0	0	0	0	3	1	0	0	0	0	1	0	0	0	0	0	0	0	1	3	0	0	0	4	0	6	0	0	0	0	0	1	0	0	0	3	1	2	3	0	0	3	0	0
o372	0	0	2	0	0	0	0	0	0	1	0	0	0	0	0	0	0	0	5	0	0	0	0	0	0	0	0	0	0	0	4	0	0	0	0	0	0	0	0	2	0	0	2	0	0	0	0	0	0	2	6	0	0	0	0	3	0	0	2	0	0	0	0	0	0	6	0	4	0	5	0	0	0	0	0	5	0	0	0	0
o373	0	0	0	4	0	0	0	0	0	0	0	1	0	0	0	0	0	0	0	1	2	0	3	0	0	0	0	2	1	0	0	0	3	0	0	0	0	1	0	0	0	0	0	2	0	0	0	0	0	4	5	0	3	0	0	3	0	0	0	0	3	0	0	0	1	0	0	0	0	0	0	0	0	0	0	2	0	6	0	0
o374	0	0	0	0	4	0	7	0	0	0	3	0	0	4	3	3	0	0	0	0	0	0	0	0	0	0	4	2	0	0	0	0	0	4	0	3	0	4	0	0	0	0	4	0	0	3	4	4	0	0	3	0	0	0	0	0	0	0	0	1	0	0	0	0	0	0	0	0	0	1	0	2	0	4	0	6	2	1	0	0
o375	6	0	0	0	0	0	5	0	4	0	0	0	0	0	0	0	5	0	1	5	0	0	2	5	0	0	0	0	1	0	0	0	0	0	0	0	0	1	0	0	0	0	3	1	0	0	0	0	1	0	0	0	0	3	3	0	0	0	0	5	4	0	0	2	0	5	0	0	0	0	2	3	0	0	1	0	4	3	0	0
o376	0	0	0	0	0	5	5	0	0	0	3	2	3	0	0	0	0	0	0	2	0	0	0	0	0	1	4	0	4	0	1	0	0	0	0	0	0	0	0	3	2	2	3	0	0	0	0	0	0	0	0	0	0	0	0	1	0	2	0	0	0	0	0	0	1	0	0	0	0	0	0	0	0	0	0	0	0	0	0	0
o377	0	0	0	0	0	0	0	0	4	2	0	0	1	0	0	3	3	1	0	0	0	3	3	0	0	0	3	6	2	0	0	0	6	0	1	0	0	0	0	0	0	3	0	0	0	2	0	5	0	0	0	0	0	0	3	0	0	0	3	0	1	0	0	0	0	0	0	0	0	2	0	0	0	0	5	0	1	0	0	5
o378	0	0	3	3	0	0	0	0	0	0	1	5	5	0	0	1	0	6	6	6	0	0	0	4	2	0	5	0	0	4	0	0	0	2	0	0	0	3	0	0	4	4	0	0	3	8	0	0	0	0	0	0	4	0	0	0	4	3	0	6	5	0	2	0	0	0	0	2	0	1	0	0	0	6	2	5	0	0	0	0
o379	0	0	5	1	0	4	0	1	4	0	1	0	0	0	0	0	0	4	0	0	0	4	0	0	0	0	0	0	0	0	0	0	2	0	0	0	0	4	0	0	0	0	2	1	0	0	2	3	0	0	1	0	0	0	1	0	0	0	0	2	0	0	0	0	0	4	0	0	0	0	3	0	0	0	0	0	3	0	0	0
o380	0	0	7	0	0	0	0	0	4	0	0	0	0	0	0	0	6	0	0	2	0	0	2	0	0	6	0	0	0	0	0	0	0	2	0	0	0	0	0	0	0	0	0	1	0	0	4	0	1	0	5	0	0	0	0	5	5	0	3	0	1	0	0	0	0	0	4	5	0	5	0	0	0	0	0	4	0	0	0	0
o381	0	0	0	0	0	4	0	5	0	0	0	0	0	0	0	0	0	0	0	0	6	0	0	0	3	0	0	3	0	0	0	0	0	0	0	2	0	0	8	0	0	0	0	0	0	0	0	0	0	3	0	3	0	4	0	4	0	0	0	0	0	0	0	0	0	0	0	0	5	0	0	0	0	0	7	0	0	0	0	0
o382	0	2	0	4	0	3	3	5	0	0	4	0	0	0	0	3	0	0	0	0	1	0	0	2	0	0	0	5	0	0	0	0	0	0	0	0	0	6	0	0	5	0	0	0	0	5	0	0	0	0	0	0	0	0	0	0	0	0	6	0	0	0	2	0	0	0	0	0	5	0	0	0	0	0	0	3	0	0	0	3
o383	0	4	0	0	5	2	0	0	0	4	0	0	3	2	4	0	0	0	0	0	0	0	0	0	0	0	0	0	4	0	0	0	0	0	0	2	0	0	1	0	0	1	0	0	0	0	0	0	0	0	3	0	0	0	0	0	0	0	0	0	2	0	0	0	0	0	0	0	0	2	2	0	0	0	0	0	0	2	0	0
o384	0	0	0	0	0	0	0	0	0	0	0	0	0	0	0	0	5	0	0	0	0	3	1	0	0	1	0	0	0	3	0	0	0	0	1	0	5	4	4	0	0	0	1	0	4	0	0	0	0	0	4	0	2	4	0	0	0	0	0	0	0	4	0	0	0	5	0	0	0	4	0	0	0	0	0	0	6	6	0	0
o385	0	4	1	0	4	0	0	0	0	0	0	1	0	0	0	0	0	0	0	0	0	0	4	0	0	0	4	0	0	0	0	0	0	0	0	0	0	0	0	0	0	0	0	0	0	0	0	0	0	0	0	3	0	0	0	0	0	0	0	0	0	0	5	3	0	0	0	4	0	2	0	0	4	0	0	0	2	0	0	0
o386	3	0	0	0	0	0	1	0	0	0	0	0	0	0	0	5	1	0	0	0	0	1	0	0	4	0	0	0	0	0	0	0	0	1	2	0	3	0	0	0	0	7	3	0	0	1	0	0	0	0	0	0	0	5	9	0	0	1	0	2	7	4	0	0	1	0	0	0	0	0	0	0	0	5	3	0	0	4	0	3
o387	5	0	0	0	4	0	0	0	3	0	0	3	0	5	0	0	0	0	0	0	1	0	0	0	0	1	0	1	0	0	0	1	0	0	3	0	0	0	7	0	0	0	0	0	3	3	5	0	0	0	0	0	0	0	0	0	2	1	1	2	0	1	0	3	0	0	0	4	0	0	0	3	0	0	0	0	6	0	0	0
o388	0	0	0	0	0	0	0	0	0	4	4	0	0	0	0	0	3	0	0	6	0	0	0	0	0	6	0	0	0	0	3	0	4	0	0	0	0	4	4	1	1	0	6	4	0	0	0	0	0	5	0	0	0	0	0	0	0	5	0	0	0	0	0	4	0	0	2	0	0	0	0	6	0	0	0	0	0	0	6	0
o389	0	6	0	0	0	4	0	3	0	0	0	0	0	0	0	0	4	0	7	0	0	0	6	0	0	0	0	0	0	0	4	0	0	0	0	0	0	0	0	0	0	0	0	0	0	0	0	0	4	0	0	0	0	0	0	2	0	0	3	0	0	0	0	3	0	1	5	0	0	0	0	0	0	0	0	0	0	0	0	0
o390	0	0	0	6	0	0	0	0	3	0	0	3	0	0	0	6	0	0	0	3	0	5	4	0	6	5	0	0	0	0	2	0	0	0	2	0	1	4	6	0	0	0	0	0	5	0	0	0	0	0	0	0	0	0	0	0	0	2	0	2	1	4	3	0	1	1	0	0	0	1	0	0	0	0	0	0	0	0	0	0
o391	0	0	4	3	0	0	4	0	4	0	5	0	0	4	0	0	0	0	0	0	0	0	6	0	0	0	0	0	0	0	0	0	0	3	0	4	0	0	0	0	0	4	0	0	3	3	0	0	0	0	1	0	0	1	0	0	0	0	0	0	0	0	0	0	2	0	0	0	0	0	1	1	0	0	0	0	0	3	1	0
o392	0	0	0	0	0	0	0	6	0	0	0	5	0	0	0	4	0	0	5	0	2	4	0	0	0	5	0	0	6	4	0	6	0	2	0	0	10	0	0	0	0	0	0	0	0	0	0	0	0	5	0	0	0	0	0	0	0	0	0	0	0	3	0	0	0	0	0	0	0	0	0	0	0	3	0	0	0	1	2	0
o393	5	0	0	0	0	0	0	0	0	1	0	0	0	0	0	0	0	0	7	0	0	0	0	0	0	0	0	0	0	0	0	0	3	0	0	0	0	0	0	5	0	0	0	0	0	0	0	0	0	0	1	0	0	0	0	4	0	0	0	0	0	0	0	0	0	0	0	1	0	0	0	0	0	0	3	0	0	1	5	0
o394	0	0	0	0	0	0	3	6	0	3	3	0	0	0	0	4	0	0	6	0	0	0	2	0	3	0	0	0	0	1	0	6	0	3	0	0	4	0	0	0	3	4	0	0	0	0	0	0	0	3	0	0	3	0	4	0	3	0	2	0	0	0	2	0	3	0	6	0	0	3	0	0	1	2	2	4	0	0	0	0
o395	0	0	0	7	0	0	0	5	0	0	0	4	0	0	0	0	0	0	0	2	6	0	0	0	2	0	0	0	5	0	5	0	0	0	0	0	0	0	2	0	0	0	0	0	0	0	0	0	0	0	0	0	0	0	1	0	0	3	0	0	0	3	0	0	2	0	1	0	4	0	0	0	0	0	0	1	1	0	4	4
o396	0	7	0	0	0	0	0	0	0	0	0	0	0	5	0	0	3	0	0	0	3	2	0	0	0	0	1	0	0	0	3	0	0	0	0	3	0	0	0	0	1	0	0	1	0	3	0	5	0	0	0	0	0	0	5	2	0	5	0	0	0	0	3	0	3	0	0	0	0	0	0	1	0	0	0	0	0	0	0	0
o397	0	0	0	0	2	1	0	0	0	0	5	3	0	1	3	0	0	0	2	0	2	0	0	0	0	2	0	0	0	0	0	2	4	0	2	0	5	0	6	0	0	0	1	0	0	0	0	0	6	0	0	0	0	0	0	1	0	0	0	0	0	0	0	0	0	0	1	0	0	0	2	0	0	3	0	0	0	0	0	0
o398	0	2	0	0	0	0	0	0	0	0	0	0	3	0	0	4	0	0	3	0	0	0	0	0	2	0	0	0	1	0	0	0	0	0	7	0	0	0	0	0	0	0	0	0	0	0	0	0	0	0	6	0	0	0	0	0	0	0	0	0	3	3	0	6	0	0	0	0	0	0	0	0	0	0	1	0	0	6	3	0
o399	0	0	0	0	5	4	6	6	6	5	0	0	0	0	0	5	0	2	0	0	0	0	2	2	0	0	0	0	6	0	2	0	5	0	0	1	0	3	0	0	0	0	0	0	6	0	0	0	0	0	1	0	0	0	0	0	0	0	0	0	0	3	0	6	0	5	0	5	0	0	0	3	0	0	0	0	0	0	4	0
o400	5	0	1	0	3	0	0	3	0	0	3	0	0	3	4	0	0	4	0	5	0	0	0	2	0	1	4	2	0	0	0	5	0	0	0	0	6	0	3	0	0	4	0	0	0	0	0	0	0	0	0	1	0	0	0	0	0	0	0	0	0	0	0	0	0	0	0	0	0	0	0	0	7	0	3	0	5	1	5	0
o401	0	0	0	3	0	0	0	0	0	0	0	0	0	0	0	1	0	2	0	0	0	0	0	0	0	0	0	0	0	3	2	0	0	0	1	0	6	0	0	1	6	0	0	0	0	0	0	2	0	0	0	0	0	0	0	0	0	6	0	0	0	0	3	2	4	0	0	4	0	5	0	0	1	0	0	0	6	0	0	0
o402	0	5	0	0	0	0	0	0	0	0	3	0	0	0	0	5	0	0	0	0	0	0	0	4	0	0	5	0	0	0	0	0	0	4	0	0	0	3	0	0	0	5	0	0	0	1	0	4	2	0	0	0	0	0	2	0	0	0	0	0	0	0	0	0	0	0	1	0	3	3	0	6	0	3	0	0	0	4	0	0
o403	0	0	5	0	0	0	3	4	2	5	0	0	2	3	0	0	0	0	0	0	0	0	0	0	0	0	0	0	3	4	5	0	0	0	6	0	0	1	0	0	0	0	0	0	3	4	0	0	0	0	5	0	3	0	3	0	0	0	0	6	0	3	3	0	5	0	0	0	0	0	2	0	0	0	0	2	0	0	4	5
o404	0	4	0	0	1	0	0	1	6	0	0	0	0	0	0	5	0	0	0	0	3	0	0	0	0	0	0	1	0	0	0	0	0	2	0	0	0	0	4	2	0	0	0	0	0	0	0	0	0	0	0	0	1	0	5	0	0	0	1	0	0	3	0	0	5	0	3	0	0	0	0	0	4	0	4	2	1	0	0	0
o405	0	0	0	0	0	0	0	0	0	0	0	0	0	0	0	0	0	3	0	0	0	8	0	0	0	0	0	6	0	0	0	3	0	0	0	0	0	1	0	0	0	5	0	0	0	0	0	0	0	3	4	2	0	0	0	0	0	0	0	6	4	0	5	0	4	3	0	3	0	3	0	0	0	0	0	0	0	0	0	0
o406	1	0	0	1	0	0	2	0	1	0	0	0	0	0	0	0	0	0	6	2	0	0	0	0	5	0	4	0	0	0	0	0	0	0	2	0	0	0	0	0	6	3	0	4	0	0	5	0	0	0	5	0	1	0	0	0	0	0	0	0	2	1	0	0	0	1	0	1	0	0	0	0	0	0	5	0	0	7	4	0
o407	0	0	0	4	0	0	4	0	1	5	0	5	0	0	0	0	0	0	0	0	0	6	1	0	0	0	0	4	0	0	4	0	0	0	4	3	0	0	0	0	0	5	2	0	0	0	0	0	0	0	0	5	0	0	0	4	0	0	1	0	0	0	2	0	2	0	0	1	2	0	0	0	0	5	0	5	0	0	3	0
o408	0	0	5	0	0	0	0	0	1	0	0	0	0	3	0	0	0	7	0	0	7	0	0	0	0	0	0	0	0	0	0	0	0	0	0	1	0	1	0	0	3	0	6	0	0	0	6	0	0	5	0	0	0	0	0	0	0	0	0	0	0	1	0	1	0	0	0	0	0	0	0	1	0	2	3	0	7	0	0	0
o409	0	0	0	0	0	0	0	3	0	0	0	0	0	0	0	1	3	4	0	4	5	0	0	0	0	0	0	0	0	0	0	0	0	0	0	0	0	0	0	0	0	0	0	0	0	5	0	0	4	0	5	0	0	0	0	0	0	0	1	0	8	0	0	0	0	1	0	0	0	0	0	0	0	6	0	0	3	0	0	0
o410	0	5	0	3	1	0	0	2	3	0	0	3	0	4	0	1	0	0	5	0	2	0	0	0	0	0	0	0	0	1	0	0	3	0	3	0	0	0	6	0	0	4	0	0	4	0	0	0	0	0	1	3	0	2	0	2	4	0	0	3	5	0	4	0	0	0	0	0	0	0	0	0	0	5	0	4	0	0	0	5
o411	0	0	0	0	5	0	3	4	0	2	0	0	0	2	0	8	3	0	2	0	0	0	0	0	0	0	0	0	0	0	0	6	0	0	0	0	4	0	0	0	0	0	2	0	0	0	0	0	0	3	0	0	0	0	0	0	0	0	0	0	0	0	0	0	1	0	10	0	0	0	0	1	0	2	0	0	0	0	0	0
o412	0	0	0	0	0	0	0	5	4	4	7	0	0	0	0	4	0	0	0	0	0	0	0	0	0	0	0	0	0	0	0	0	0	0	0	0	1	6	0	0	0	0	0	0	3	3	0	0	0	1	0	0	3	0	0	0	3	0	0	0	0	0	0	0	0	5	0	0	0	0	0	0	1	5	0	0	3	0	0	1
o413	0	0	0	0	3	0	0	1	0	3	0	0	0	0	6	2	0	0	0	0	0	1	0	3	0	0	0	0	1	0	0	0	1	0	0	0	4	0	0	0	0	0	4	0	0	0	0	0	5	0	0	0	2	0	0	0	0	0	2	6	0	0	1	0	0	0	0	0	0	0	0	0	0	0	0	4	0	0	0	4
o414	2	0	0	0	0	0	0	4	4	0	0	0	5	0	0	0	4	4	0	0	0	0	0	0	0	0	0	0	2	0	0	0	0	1	6	0	0	0	0	0	0	0	0	0	0	0	0	3	0	0	4	5	0	0	0	3	0	0	0	1	0	0	2	0	0	4	0	0	4	2	0	0	2	0	0	0	0	0	0	0
o415	1	0	0	0	0	0	0	0	3	1	0	0	1	0	0	1	2	0	0	0	0	0	2	0	4	0	1	0	0	4	0	0	0	0	6	0	0	0	0	0	0	0	0	0	0	0	0	0	0	0	0	0	0	0	4	0	0	0	0	6	0	4	0	0	0	0	0	0	0	1	0	0	0	0	0	0	5	4	0	0
o416	0	0	0	0	0	0	0	2	0	0	0	0	0	0	0	0	0	0	0	5	0	3	6	1	0	4	0	0	0	0	0	0	0	0	0	0	0	0	0	0	0	0	5	0	0	0	0	5	0	0	2	0	0	0	0	0	0	0	0	0	3	3	0	0	0	0	3	0	2	0	0	1	0	0	0	0	4	0	0	0
o417	0	3	5	4	0	0	0	4	5	0	0	3	0	0	5	3	0	0	0	0	0	0	0	0	1	0	0	0	0	2	0	4	3	2	0	0	4	0	1	0	1	0	0	2	0	0	0	0	0	0	0	0	3	0	0	0	0	0	0	1	0	0	0	0	0	0	0	7	0	2	0	0	0	4	1	0	2	0	0	0
o418	4	2	0	0	0	0	0	2	5	0	4	5	0	0	2	0	0	0	0	3	0	0	0	2	0	0	0	0	0	0	0	0	1	3	0	0	0	0	0	0	0	0	0	0	0	0	0	0	0	0	1	0	0	2	0	0	0	0	0	6	1	0	0	0	3	0	0	7	0	0	0	0	0	1	0	0	0	0	0	0
o419	0	0	0	0	0	0	0	0	0	0	0	0	0	0	1	0	0	0	3	0	0	3	0	4	0	4	0	3	0	0	0	0	0	0	2	0	4	0	0	0	0	0	0	1	0	0	0	2	6	0	0	0	5	0	0	0	4	0	0	3	0	0	0	0	0	0	0	5	0	0	0	0	0	0	0	4	0	0	0	0
o420	0	3	0	0	0	0	0	0	0	0	0	0	0	0	0	0	0	1	0	0	0	0	2	0	0	0	0	0	1	0	0	0	0	0	6	0	0	0	0	0	0	0	0	0	0	0	0	3	0	0	4	0	5	0	5	0	0	0	2	0	0	0	0	2	1	0	0	0	5	6	0	0	0	0	0	0	1	0	0	0
o421	0	0	0	0	0	3	5	0	0	0	0	0	0	0	0	0	0	0	0	0	0	0	0	0	0	0	0	0	0	2	0	2	0	5	0	0	0	3	0	1	5	0	1	2	0	0	0	0	0	5	0	0	0	3	0	0	3	0	0	0	0	0	0	0	4	0	0	0	4	4	5	6	0	0	0	0	0	0	0	0
o422	0	0	1	0	0	0	0	1	0	0	0	0	0	0	3	0	0	0	0	2	5	0	3	0	0	0	0	4	0	0	0	0	3	0	0	0	0	0	0	0	0	4	1	0	0	0	1	0	0	5	0	0	0	0	0	1	0	0	0	0	3	0	2	5	0	0	0	0	0	0	0	0	0	0	0	0	2	0	0	6
o423	4	0	0	0	0	0	0	0	0	0	2	0	0	0	5	6	1	0	0	0	0	3	0	0	5	0	0	5	0	4	0	0	0	0	0	0	0	3	0	0	1	0	0	0	5	3	4	0	0	0	5	0	0	0	0	1	0	0	0	1	0	0	0	0	0	0	0	0	0	0	0	1	0	0	0	3	1	3	0	4
o424	0	0	0	0	0	0	0	0	0	1	0	0	0	0	0	0	0	3	0	0	0	0	0	0	1	0	0	0	0	0	0	0	1	0	0	0	0	0	0	0	0	0	3	4	0	0	5	0	0	0	0	0	0	0	4	0	0	4	0	0	0	0	0	0	0	0	0	3	0	0	4	0	0	0	0	0	0	0	0	0
o425	0	0	0	0	0	3	0	0	0	0	1	2	0	1	0	0	1	3	0	0	0	0	0	0	2	0	0	5	0	0	2	2	4	0	0	0	5	0	0	0	0	0	0	0	0	0	4	0	4	2	6	0	0	0	0	0	2	0	0	0	0	0	0	6	0	6	0	0	0	0	0	0	0	0	0	5	2	0	0	0
o426	0	0	5	0	0	0	6	0	0	0	0	4	0	0	0	0	0	0	0	4	5	0	0	0	0	0	0	0	0	0	0	0	0	0	0	0	1	0	0	1	3	0	0	6	1	0	0	0	0	1	0	0	0	0	0	2	1	0	0	0	6	0	0	0	3	5	1	0	0	0	0	0	0	0	0	0	0	1	4	2
o427	0	0	2	0	0	5	0	0	0	0	0	0	0	0	3	2	0	0	0	2	0	4	4	0	0	5	4	0	0	0	0	0	1	0	0	0	2	0	0	0	0	0	0	0	4	0	0	0	0	0	1	0	0	0	2	0	0	0	0	4	0	0	0	0	0	0	0	0	0	0	0	4	0	0	0	0	0	0	6	0
o428	0	0	0	0	0	0	4	0	2	0	0	0	0	2	5	0	0	0	1	0	0	2	0	0	0	2	0	0	0	3	0	1	0	0	0	0	0	0	0	2	6	0	0	5	0	3	1	5	0	0	0	0	3	0	2	0	0	0	0	0	3	0	0	0	0	0	0	0	0	0	0	0	0	0	0	3	6	0	6	0
o429	1	0	3	0	2	4	0	0	6	0	0	0	0	2	0	0	0	2	0	0	6	0	0	0	0	5	4	0	0	0	0	0	0	0	0	2	3	0	0	5	0	0	0	6	0	0	0	3	0	0	0	0	0	0	0	0	3	0	0	3	0	6	0	0	0	0	0	0	0	0	0	0	6	0	0	0	0	0	0	0
o430	0	0	0	0	0	0	0	2	0	1	0	2	6	0	0	0	1	0	3	0	0	0	0	0	0	5	0	6	0	0	0	0	0	4	0	0	0	0	0	5	2	0	0	0	0	0	0	0	3	0	5	0	0	0	2	0	0	0	0	0	0	0	2	0	2	3	0	1	0	0	0	0	0	0	0	0	0	0	0	0
o431	0	0	4	0	1	0	0	0	0	0	1	0	1	0	0	0	0	0	0	0	0	6	0	0	0	0	0	2	0	4	0	0	0	0	0	0	0	0	8	0	0	0	1	0	0	2	0	1	2	0	5	0	0	0	0	0	3	0	0	0	0	0	3	0	0	0	0	0	0	0	0	0	0	0	0	0	0	0	0	0
o432	0	0	5	0	0	0	0	4	0	0	0	2	8	0	0	0	0	0	3	0	0	5	1	0	0	0	2	3	0	0	0	0	2	1	0	0	0	0	6	0	0	4	0	0	0	0	0	0	2	0	0	0	0	0	0	0	0	0	1	0	0	7	0	0	2	0	0	0	0	0	0	0	0	0	0	5	4	0	1	3
o433	7	0	3	3	0	0	0	0	2	5	4	0	0	3	3	2	0	5	3	0	0	0	1	2	0	0	2	0	0	0	0	0	1	0	0	4	2	0	0	0	0	0	0	0	0	0	0	0	1	0	3	0	0	5	0	0	7	6	1	0	0	0	0	0	0	0	0	5	0	0	0	0	0	0	0	0	0	0	2	7
o434	0	0	0	0	0	0	0	0	2	0	0	0	0	4	0	0	0	0	4	0	0	0	0	0	2	1	0	4	0	0	0	0	0	0	0	0	0	0	0	0	0	1	0	2	0	0	0	0	3	0	0	0	0	0	0	3	0	4	0	0	0	1	0	0	1	4	0	0	3	0	0	1	4	0	0	0	0	5	0	0
o435	1	0	0	0	0	0	0	0	0	0	0	0	0	0	0	1	0	0	4	0	0	5	0	0	0	0	0	0	0	0	0	0	0	0	0	0	0	0	0	0	2	0	0	0	0	0	0	0	0	0	2	0	0	0	3	0	0	0	0	0	0	6	1	0	0	0	0	0	0	6	0	0	0	0	0	0	0	8	0	0
o436	0	3	0	0	6	0	7	0	4	0	0	0	0	0	0	2	0	0	0	0	0	0	0	0	0	0	0	1	0	0	0	0	0	0	6	0	0	0	2	0	1	0	2	0	0	0	6	0	0	0	0	0	0	3	0	4	0	0	0	0	1	0	0	2	0	0	0	0	0	4	0	4	0	4	0	0	3	0	0	0
o437	0	0	0	0	0	0	0	3	0	0	0	0	0	0	0	1	1	0	0	0	0	5	0	5	4	0	0	0	0	1	3	0	0	0	0	0	0	4	0	0	0	0	5	0	4	0	5	0	5	0	0	0	5	0	0	0	7	1	0	0	6	0	2	0	0	0	0	0	0	0	0	0	0	4	0	0	0	0	0	0
o438	0	0	0	4	0	0	0	0	0	5	0	0	0	2	0	0	0	0	0	0	3	0	0	4	0	1	0	0	0	0	0	5	0	0	0	0	0	4	0	0	1	0	0	5	0	0	0	4	0	0	1	3	0	0	4	0	1	0	4	2	0	0	0	0	2	0	2	0	0	0	0	0	1	0	0	4	0	0	0	0
o439	0	0	0	0	0	0	1	0	0	0	0	0	0	1	4	0	2	0	6	0	0	0	0	8	0	3	0	0	1	0	0	0	0	4	4	0	2	5	0	5	0	0	0	2	3	0	1	0	0	0	6	0	0	0	0	3	0	0	1	0	0	4	1	0	0	0	0	0	5	1	4	0	0	0	0	0	0	6	0	0
o440	3	0	0	0	0	0	3	5	0	6	0	0	0	0	0	0	0	0	0	3	3	0	0	0	0	0	0	4	3	0	0	0	3	0	4	0	0	0	0	0	4	0	0	0	0	0	0	0	0	0	0	4	0	0	7	0	10	5	0	0	0	0	0	0	0	3	2	0	0	0	0	0	0	2	0	0	0	0	0	0
o441	0	0	0	1	0	0	0	0	0	0	0	1	0	0	0	7	0	0	0	0	0	0	0	0	4	0	3	0	0	0	0	4	1	0	0	1	0	0	0	0	4	0	0	0	1	0	4	0	0	0	0	0	3	0	0	0	0	0	0	0	0	4	0	0	4	0	0	0	1	0	6	0	0	0	0	0	0	1	3	0
o442	0	4	0	0	0	0	5	0	7	2	0	0	2	0	0	0	0	0	0	0	0	0	0	0	0	0	1	0	0	4	0	0	0	0	0	7	0	2	0	0	0	0	0	0	0	0	0	3	0	0	2	0	0	0	0	1	0	0	0	0	0	0	4	0	0	5	0	0	0	4	0	0	0	0	0	3	0	0	0	0
o443	0	4	0	2	0	0	0	0	2	0	6	0	0	0	4	0	0	0	0	2	0	5	1	1	0	1	0	0	0	0	0	0	0	0	0	0	3	4	4	0	1	0	0	5	0	0	0	0	0	0	0	0	4	5	0	3	0	0	0	0	0	0	0	3	0	0	4	0	0	0	3	0	0	0	5	0	0	0	4	0
o444	0	3	0	0	0	0	3	0	3	0	0	4	0	5	0	1	0	0	0	0	1	0	5	0	0	3	0	0	0	5	0	8	0	0	0	0	0	6	0	0	2	0	0	6	5	0	0	2	0	4	0	5	0	0	0	0	0	0	0	0	2	0	0	0	0	0	0	0	1	0	0	0	0	0	0	3	0	0	6	0
o445	0	4	0	0	4	4	0	1	0	5	0	4	4	0	5	0	0	0	0	0	0	0	5	0	0	5	1	0	6	0	0	0	0	1	0	3	0	4	0	0	0	3	0	0	0	0	8	5	0	0	0	0	0	0	1	0	0	0	2	0	5	0	0	0	5	0	0	1	0	3	0	0	0	0	0	0	0	0	0	0
o446	1	0	0	0	0	0	0	0	0	0	1	0	0	0	0	5	4	0	3	0	5	2	0	1	0	2	5	0	0	3	0	0	2	0	0	0	0	0	6	0	0	0	0	0	3	2	0	0	0	3	0	0	0	0	0	0	0	0	5	1	0	1	0	0	0	0	0	0	0	0	2	0	0	0	0	2	5	0	4	0
o447	4	0	2	5	0	0	0	4	0	0	0	0	0	0	0	0	0	0	3	0	0	0	0	0	3	0	0	0	0	1	0	0	0	0	0	0	6	0	0	0	0	2	0	0	0	3	1	0	5	0	1	0	0	0	0	0	1	7	0	0	7	0	0	0	0	9	5	0	0	6	3	0	0	0	1	0	3	0	0	0
o448	0	0	0	0	0	0	0	0	2	0	0	0	0	0	0	0	1	0	0	0	0	3	0	0	0	0	5	0	0	2	0	0	0	0	0	0	1	0	3	0	0	1	0	0	0	0	7	2	0	0	4	0	0	0	0	0	0	0	0	0	0	4	3	0	0	0	0	0	4	0	0	0	0	0	0	0	0	0	0	0
o449	0	0	0	0	0	0	0	0	0	0	4	0	0	0	3	0	0	4	0	0	0	0	0	0	6	1	0	0	0	0	0	0	4	0	3	0	0	0	6	0	0	0	0	1	0	0	0	3	0	0	4	0	0	0	0	0	0	0	0	0	5	1	0	0	0	7	0	0	0	0	0	3	0	0	0	0	2	0	2	2
o450	6	0	0	0	1	0	3	0	1	5	0	4	0	0	0	0	3	5	0	0	0	0	0	0	0	2	0	0	0	0	0	3	0	4	0	0	0	0	0	0	0	0	0	0	0	2	0	0	0	0	0	0	0	4	2	4	0	0	3	0	2	0	0	0	2	0	5	0	1	0	5	0	0	0	0	0	0	7	0	0
o451	6	0	0	0	0	0	0	3	0	0	0	0	4	1	0	0	1	0	0	0	0	0	0	0	2	0	1	0	0	0	0	0	0	0	0	2	0	0	0	1	0	4	0	0	0	5	3	0	0	0	1	0	1	4	0	3	0	0	3	0	5	0	0	0	0	7	0	0	4	0	0	0	0	6	4	0	1	0	0	0
o452	0	2	0	0	0	0	0	5	0	3	1	3	0	0	3	1	4	0	0	0	0	0	0	0	3	5	3	0	7	0	0	0	0	1	0	0	0	0	0	0	0	0	3	0	0	0	6	0	0	0	0	0	1	0	5	0	3	0	0	0	2	0	0	0	0	0	7	4	0	0	0	0	0	0	2	0	0	0	0	0
o453	0	0	0	5	6	0	0	0	0	0	0	0	5	2	3	0	4	0	0	1	6	1	0	6	0	0	1	0	1	4	0	0	0	0	0	1	0	0	0	0	0	0	0	0	4	0	0	0	4	0	0	5	0	5	1	0	0	0	6	2	0	4	0	0	0	0	0	0	0	0	0	4	0	2	0	0	0	0	0	0
o454	5	0	0	0	0	0	0	0	6	0	0	0	3	0	0	0	0	3	0	0	0	0	6	0	1	0	4	0	6	2	0	0	0	1	0	4	0	2	0	6	1	0	3	0	2	0	4	0	0	0	0	0	0	0	5	0	4	0	0	6	0	0	0	0	0	0	0	0	0	0	3	0	0	0	0	0	0	6	0	2
o455	0	0	4	0	0	4	0	0	0	0	0	0	2	0	0	0	3	5	7	0	0	6	0	0	7	0	0	6	0	0	0	0	1	0	0	0	0	0	0	0	5	0	0	0	0	0	5	0	0	0	5	0	0	0	6	0	0	1	0	0	3	0	0	0	0	0	0	0	0	0	0	0	0	3	0	0	0	0	4	6
o456	0	0	0	0	5	0	0	0	0	0	3	0	0	0	0	0	0	0	6	0	0	0	0	0	0	0	0	0	0	1	1	0	1	0	0	6	0	5	0	0	0	5	0	0	0	0	0	3	0	0	0	0	0	0	0	0	0	6	7	0	0	0	0	0	0	0	0	0	0	0	0	0	0	0	0	0	0	5	3	0
o457	0	0	0	0	0	0	0	0	0	0	0	0	3	0	2	1	0	0	0	0	0	0	0	0	0	0	0	0	0	4	0	0	0	0	0	0	0	1	0	0	0	0	0	0	0	3	0	0	0	0	0	0	0	1	0	0	2	0	0	1	0	0	5	0	5	3	1	0	0	0	0	0	6	2	0	6	0	0	0	7
o458	7	0	0	0	0	1	3	3	7	0	3	3	5	0	0	0	0	0	0	0	0	0	0	0	0	0	3	6	2	0	0	0	0	1	0	0	0	0	6	0	1	0	0	5	0	0	0	0	0	0	0	3	0	0	3	0	4	4	0	0	0	0	5	3	2	0	2	0	0	0	0	0	0	0	4	0	3	4	0	0
o459	0	0	0	0	0	0	0	0	0	0	0	0	0	4	0	1	0	0	0	0	0	0	0	0	3	0	0	1	0	0	0	0	0	0	0	0	0	0	0	1	0	0	0	5	0	4	4	0	1	4	0	0	0	0	4	0	0	0	0	1	0	0	0	0	3	0	0	0	1	0	0	0	0	0	0	0	0	0	0	0
o460	4	0	0	0	2	0	0	0	4	0	0	0	0	0	0	0	2	0	0	0	0	5	0	2	0	0	0	0	4	0	2	0	4	3	0	0	0	0	3	0	0	3	0	0	0	0	0	0	2	6	0	0	0	0	0	0	0	0	0	2	0	0	0	0	0	0	3	0	0	4	0	0	0	0	1	0	0	0	0	0
o461	0	0	1	0	3	0	0	0	0	0	3	5	0	1	0	1	0	3	0	1	1	0	0	0	3	0	0	2	1	0	4	0	0	0	0	2	0	0	0	1	0	5	0	0	0	0	5	0	0	0	0	0	0	4	0	0	0	0	5	0	0	4	0	0	0	0	1	4	0	0	0	0	0	0	0	0	0	0	0	3
o462	1	1	0	1	0	0	0	0	2	0	0	0	0	0	0	0	5	0	4	0	0	0	0	0	2	5	0	0	0	0	0	0	1	0	0	0	0	0	3	0	0	3	3	0	0	3	0	0	3	2	0	0	0	0	0	0	0	0	1	0	0	5	0	2	0	0	4	0	5	1	0	0	0	0	0	0	0	0	0	0
o463	3	0	0	0	0	0	4	4	0	0	4	3	0	0	0	0	0	5	2	0	0	3	1	0	0	0	6	0	0	0	1	0	0	0	4	0	0	0	0	1	0	0	0	0	0	0	2	0	0	7	0	0	0	0	0	1	0	2	0	0	0	0	0	0	0	0	6	3	0	0	5	0	0	0	0	0	5	0	0	0
o464	3	0	0	0	3	0	0	2	0	0	0	0	0	0	0	0	0	1	0	0	0	0	0	4	6	0	0	0	5	0	0	0	0	0	0	0	0	0	0	7	0	0	0	0	0	0	0	5	2	2	0	0	0	0	0	0	0	3	0	0	0	1	0	0	0	0	0	0	0	0	0	0	0	2	0	4	0	2	4	0
o465	3	0	4	0	2	0	4	4	0	2	0	0	0	0	6	1	0	0	0	0	0	0	0	0	4	4	0	0	1	0	0	4	0	5	2	4	0	0	0	0	0	0	0	5	0	0	2	0	0	2	0	0	3	0	0	0	0	5	0	0	0	0	0	0	0	0	3	0	0	0	0	0	0	0	0	0	0	0	0	0
o466	2	0	0	1	0	0	0	7	0	0	0	0	0	6	0	0	0	0	3	6	0	0	0	1	0	0	0	0	4	0	2	0	0	0	3	0	0	0	0	0	0	2	0	0	0	0	5	3	6	5	0	0	0	7	0	3	5	2	0	6	0	2	0	0	4	0	0	0	0	4	0	0	0	0	0	0	0	0	1	0
o467	4	0	0	4	6	0	0	0	0	0	0	1	0	0	0	0	0	3	0	0	0	0	8	0	0	0	1	0	5	0	0	0	0	0	0	0	0	0	0	0	0	0	0	0	3	0	3	0	0	0	0	5	0	0	0	0	3	3	0	1	0	1	4	0	0	0	0	0	4	0	6	4	1	2	0	0	0	5	0	0
o468	0	0	1	4	0	2	0	8	0	4	0	0	0	0	5	0	0	0	0	0	0	0	0	0	2	0	0	0	0	5	1	0	3	0	0	6	0	0	0	0	0	0	5	0	0	0	0	0	0	2	0	0	0	0	3	0	5	0	0	0	0	0	0	0	0	0	1	0	0	0	3	0	7	1	0	0	0	0	0	0
o469	1	0	0	0	0	0	0	0	0	0	0	0	0	0	0	0	0	0	7	4	0	4	0	0	0	0	0	0	0	0	0	3	0	0	0	0	0	6	0	0	0	0	0	0	2	3	0	0	0	0	0	0	0	0	0	0	0	0	3	0	0	0	0	0	0	0	0	0	2	5	0	0	1	0	0	2	0	0	0	0
o470	0	0	4	0	4	0	0	0	0	0	4	0	4	0	0	0	6	0	0	0	0	0	5	0	0	0	0	0	3	0	0	3	0	0	0	0	1	1	0	0	0	3	0	0	0	0	0	0	0	0	1	0	0	6	0	0	0	0	0	0	0	0	3	0	1	0	0	0	0	0	0	0	0	0	0	3	4	0	0	0
o471	3	2	0	2	0	4	0	0	0	0	0	0	1	0	0	0	0	0	0	0	0	0	6	1	6	0	0	0	0	3	0	0	0	5	0	0	0	6	5	4	0	0	0	0	0	0	0	0	0	0	0	0	0	0	0	0	0	1	0	0	0	0	0	0	3	3	0	0	4	4	0	0	0	0	0	2	0	0	0	5
o472	0	3	0	0	0	4	0	0	2	3	0	9	0	0	0	1	0	2	0	0	0	0	3	0	4	0	0	0	0	0	0	0	0	0	3	2	0	0	0	0	0	4	0	0	0	0	0	0	0	0	1	4	0	0	2	0	0	0	0	0	6	0	0	0	0	0	0	0	3	5	0	2	1	5	0	4	1	2	0	1
o473	0	0	0	0	0	0	0	0	7	2	4	0	0	0	0	0	0	0	2	0	0	0	0	0	0	0	0	2	0	0	3	4	0	3	0	3	0	2	2	4	4	0	0	1	0	0	0	0	1	1	0	0	0	6	1	1	0	2	0	0	0	1	0	0	1	0	0	0	0	0	0	0	1	1	3	0	0	0	0	0
o474	0	0	5	2	0	0	0	0	0	0	0	0	0	0	0	0	0	0	0	0	0	0	0	0	0	0	5	0	0	0	6	0	0	0	3	0	0	0	0	0	0	1	0	0	0	3	0	0	0	0	0	0	0	4	0	2	0	0	5	0	0	0	0	0	0	1	0	5	0	0	0	0	2	4	0	0	0	0	3	0
o475	1	5	0	2	0	0	6	0	0	0	0	0	0	0	5	0	3	0	0	0	0	0	3	0	0	1	0	0	0	0	0	0	4	0	4	0	0	0	0	7	3	0	2	0	0	0	0	0	1	0	0	0	0	0	0	0	0	0	0	0	0	0	0	7	0	0	0	0	0	0	0	0	0	3	0	0	0	0	0	4
o476	1	0	3	0	0	0	2	1	0	3	0	0	0	0	0	0	0	0	0	0	0	0	6	0	0	3	0	6	0	1	0	3	0	0	0	2	0	0	0	5	0	0	0	0	0	1	4	0	6	0	0	2	0	0	3	0	3	0	0	0	0	0	0	2	0	0	0	4	0	0	0	0	0	0	0	6	0	5	0	3
o477	0	0	4	0	0	3	0	0	0	0	0	0	0	0	0	0	0	0	0	0	0	0	0	0	0	0	4	7	0	0	0	0	0	0	0	0	0	0	0	2	0	0	0	0	0	3	0	0	0	0	0	3	0	0	0	0	1	0	0	0	0	0	0	0	0	0	5	0	0	0	0	0	0	0	0	0	0	0	0	0
o478	2	3	0	0	0	0	4	1	0	1	3	0	0	0	0	1	1	0	0	0	4	0	0	0	2	0	0	0	0	0	0	0	0	0	6	0	0	0	5	4	1	4	0	0	0	0	0	0	1	0	0	8	0	0	0	0	5	0	0	0	0	0	0	5	1	0	3	0	0	0	0	0	0	0	0	0	0	0	4	0
o479	0	6	0	0	0	0	0	1	0	0	5	1	0	0	0	0	6	0	0	4	0	0	0	0	0	0	0	0	0	0	0	0	0	0	0	0	1	0	0	0	0	0	0	0	4	0	2	2	0	0	0	0	0	0	0	2	0	0	0	0	0	7	0	4	0	0	5	0	1	0	0	0	5	0	0	0	0	1	0	0
o480	0	0	2	0	2	0	0	6	3	0	1	0	3	2	0	0	0	0	0	0	0	0	4	3	0	0	1	0	0	4	4	0	0	0	0	0	0	3	0	0	0	0	0	0	0	5	6	0	0	0	1	3	0	0	3	0	3	4	3	0	0	6	0	0	10	0	0	0	0	0	4	0	0	4	0	0	0	0	0	0
o481	0	0	0	0	0	0	5	0	0	0	0	0	0	0	5	4	0	0	0	0	1	0	0	0	0	2	0	0	0	0	0	0	1	0	0	0	0	0	4	0	0	0	4	0	0	0	0	0	0	0	0	0	0	0	0	0	0	5	1	7	0	0	0	0	0	0	3	0	2	0	0	0	0	0	1	0	1	0	0	0
o482	0	0	5	0	0	0	0	0	5	2	0	0	0	0	2	0	0	0	0	0	0	0	0	0	0	0	0	1	0	6	0	0	0	0	0	0	3	0	0	0	0	2	2	0	0	0	0	0	0	0	0	0	0	0	0	1	4	6	0	0	3	0	0	0	1	0	0	0	0	0	5	3	0	0	0	0	0	2	0	0
o483	0	1	0	1	0	0	3	6	0	0	0	0	1	0	4	0	0	0	4	0	0	0	0	0	0	0	4	0	0	0	1	0	1	0	0	0	0	0	0	0	0	0	0	0	0	2	0	0	7	2	0	0	0	0	0	0	0	0	0	0	0	1	0	0	2	0	0	0	0	1	0	0	0	0	0	0	0	0	0	0
o484	0	4	0	4	0	0	0	0	0	5	2	0	0	3	0	0	0	0	5	0	0	2	0	0	0	0	0	0	4	0	0	2	0	0	0	0	0	3	0	0	0	2	0	0	0	0	0	0	0	0	0	0	0	5	0	3	0	0	0	0	0	0	0	0	0	5	0	0	0	0	0	0	0	0	0	0	0	0	2	0
o485	0	0	0	0	0	0	0	0	0	0	2	0	0	0	1	0	7	0	0	5	0	0	0	0	0	0	1	0	0	0	0	5	0	0	0	0	2	0	0	0	3	0	0	0	0	0	0	0	0	0	0	0	0	0	0	3	3	0	1	3	5	0	5	0	0	3	1	0	4	3	0	0	1	0	0	0	2	0	0	7
o486	0	0	0	0	0	0	5	0	0	0	0	4	0	4	0	0	0	2	0	0	4	0	0	0	6	0	0	0	0	0	0	2	0	4	0	2	0	6	0	2	0	2	0	0	0	0	0	7	0	0	0	0	0	0	0	2	0	0	2	0	0	0	0	0	3	0	4	0	0	0	1	0	1	0	0	0	0	0	0	0
o487	0	0	0	0	0	0	0	1	0	0	2	4	0	0	5	0	0	0	0	0	0	0	0	0	0	0	0	0	1	5	5	5	4	0	0	0	0	0	2	0	0	0	0	0	0	0	0	0	0	0	0	0	0	0	0	2	0	5	1	0	0	3	0	0	4	1	3	3	0	0	0	4	0	0	0	0	4	0	0	2
o488	0	0	5	1	4	2	0	0	0	2	0	2	0	1	0	0	0	3	0	0	0	0	0	0	0	0	1	0	0	0	0	0	0	3	0	2	2	2	0	0	0	0	0	3	0	0	0	0	0	0	0	0	0	5	0	2	0	7	5	0	0	3	4	2	0	0	0	5	0	0	0	0	1	0	0	0	0	3	0	0
o489	1	4	0	0	0	2	0	0	0	8	0	0	0	0	0	5	0	0	0	0	0	0	0	0	3	0	1	4	0	0	0	0	0	0	0	0	0	0	0	6	0	0	0	2	0	0	0	3	0	1	0	0	0	2	0	0	0	0	3	0	0	0	0	0	1	0	4	2	0	0	0	0	0	0	0	3	1	0	0	0
o490	0	6	0	0	0	0	0	6	5	4	0	0	0	0	0	0	1	5	0	0	0	0	0	0	5	0	0	0	3	0	0	4	0	0	0	0	1	0	0	0	0	0	3	5	4	0	0	0	0	0	0	1	3	0	0	0	0	0	0	0	5	0	3	2	0	0	0	0	4	0	3	0	0	0	1	0	0	4	0	5
o491	0	0	4	1	0	0	0	2	0	0	0	0	0	0	0	0	0	5	0	1	0	0	0	0	3	0	0	0	0	1	0	5	0	0	0	0	4	2	0	1	0	2	0	0	0	0	2	0	0	4	0	0	0	5	0	0	0	6	0	0	0	0	3	0	1	0	0	0	0	0	0	0	0	0	4	0	0	0	0	0
o492	0	0	0	2	0	0	4	0	0	0	0	0	0	0	0	2	0	1	0	0	0	3	5	0	1	1	3	3	0	0	0	2	3	3	0	0	0	0	0	0	0	0	0	5	0	0	0	0	0	0	0	0	0	0	0	0	0	0	0	0	0	1	2	2	0	0	0	2	0	5	0	2	0	0	0	0	0	0	0	0
o493	0	0	5	0	4	0	0	0	0	1	0	0	0	0	0	0	1	0	0	0	0	0	2	0	0	0	0	0	0	6	6	0	4	2	0	0	0	0	0	0	0	3	0	0	0	3	0	0	0	0	0	0	1	0	0	0	0	0	0	0	0	0	3	0	0	0	0	0	4	2	5	0	0	1	0	0	3	2	4	0
o494	0	0	0	0	5	0	0	4	5	0	0	0	0	0	0	0	0	0	0	0	0	0	5	0	0	4	0	0	2	0	3	0	0	0	2	6	0	0	0	0	4	0	0	0	0	0	0	0	0	1	0	0	0	0	4	0	0	0	1	0	0	0	0	0	1	0	0	0	0	3	0	0	1	0	0	0	0	0	0	0
o495	0	0	0	0	0	0	0	1	5	0	2	0	3	0	0	0	1	0	0	0	0	0	5	3	0	0	0	0	3	0	0	0	0	0	0	3	0	0	5	0	0	1	0	0	0	0	1	0	0	0	0	0	2	0	5	0	0	4	0	5	0	0	4	0	0	0	2	2	0	0	0	0	0	0	1	0	0	0	3	2
o496	0	5	0	0	5	0	0	0	0	0	0	0	0	0	0	0	0	0	4	3	0	3	0	0	0	0	0	0	0	0	2	4	0	3	0	5	3	0	6	0	0	0	0	0	0	7	4	0	0	0	0	0	0	0	0	3	0	6	0	5	0	0	1	0	0	0	0	1	0	0	0	0	1	4	0	0	0	3	2	0
o497	0	2	0	0	0	0	0	0	0	0	0	0	0	0	5	0	0	0	0	0	0	0	5	4	0	0	0	0	0	0	0	0	0	3	0	0	0	0	0	0	1	0	4	0	0	0	0	0	0	0	0	0	0	0	0	0	4	0	0	0	1	0	0	0	6	0	0	0	0	5	4	0	0	0	0	0	0	2	0	0
o498	0	0	0	0	0	3	0	0	0	0	0	0	0	0	0	0	1	0	0	0	3	0	0	0	0	0	0	6	0	0	4	0	0	0	0	0	0	3	0	3	0	0	0	0	0	0	0	0	5	3	4	2	0	0	0	0	4	0	0	0	5	0	3	5	0	0	5	0	0	5	0	7	0	3	0	0	0	0	0	8
o499	6	0	0	0	2	0	3	4	0	0	0	0	0	0	0	0	0	0	0	0	0	0	0	5	0	0	4	0	0	0	0	0	3	0	0	0	0	0	4	0	0	3	0	0	0	0	0	0	0	0	0	0	0	3	0	2	1	0	0	5	0	0	0	0	0	0	0	0	0	0	0	0	0	0	0	0	5	0	0	0
o500	0	0	0	0	0	0	0	0	0	0	7	0	0	0	0	0	2	0	0	0	3	5	0	3	5	2	0	0	0	1	0	1	0	5	2	0	0	0	2	0	3	0	0	0	3	0	0	0	0	0	0	4	3	0	0	0	2	0	0	0	0	0	0	0	0	1	1	1	0	0	4	0	0	2	4	0	1	0	0	3
o501	0	0	0	0	0	0	0	0	0	0	7	0	0	0	0	0	2	0	0	0	3	5	0	3	5	2	0	0	0	1	0	1	0	5	2	0	0	0	2	0	3	0	0	0	3	0	0	0	0	0	0	4	3	0	0	0	2	0	0	0	0	0	0	0	0	1	1	1	0	0	4	0	0	2	4	0	1	0	0	3
o502	1	3	3	5	7	6	5	6	3	7	67	6	1	7	1	7	14	8	3	8	14	13	9	11	19	10	10	7	7	9	9	12	7	16	10	6	5	7	11	8	10	7	1	5	10	7	6	6	6	7	3	11	9	9	0	0	8	7	5	5	7	6	9	7	6	9	9	8	6	7	14	6	0	9	15	6	10	8	5	12
o503	3	6	0	5	7	7	6	6	3	6	148	5	0	7	4	7	8	8	5	8	9	41	8	15	17	11	8	7	7	9	9	8	6	21	10	6	4	6	9	8	14	5	5	4	13	9	7	7	8	7	0	16	18	8	3	3	13	8	5	6	6	7	9	10	6	10	9	10	6	6	18	7	0	12	13	8	9	7	4	11
o504	0	0	0	0	0	0	0	0	0	0	6	0	0	0	0	0	5	0	0	0	4	1	0	2	5	1	2	0	0	1	1	4	0	4	1	0	0	0	3	0	0	0	0	0	0	0	0	0	0	0	0	1	0	0	0	0	0	0	0	0	0	0	0	0	0	0	0	0	0	0	3	0	0	0	4	0	2	0	0	3
o505	0	0	0	0	0	0	0	0	0	0	7	0	0	0	0	0	0	0	0	0	0	6	0	4	4	2	0	0	0	0	0	0	0	5	2	0	0	0	0	0	4	0	0	0	4	1	0	0	0	0	0	5	5	0	0	0	4	0	0	0	0	0	0	3	0	2	1	1	0	0	5	0	0	4	3	0	0	0	0	2
o506	0	0	0	0	0	0	0	0	0	0	5	0	0	0	0	0	5	0	0	0	5	0	0	0	4	0	3	0	0	1	1	5	0	3	1	0	0	0	3	0	0	0	0	0	0	0	0	0	0	0	0	0	0	0	0	0	0	0	0	0	0	0	0	0	0	0	0	0	0	0	3	0	0	0	4	0	3	0	0	3
o507	0	0	0	0	0	0	0	0	0	0	7	0	0	0	0	0	0	0	0	0	0	7	0	4	4	2	0	0	0	0	0	0	0	5	1	0	0	0	0	0	4	0	0	0	4	2	0	0	2	0	0	5	6	0	0	0	5	0	0	0	0	0	0	4	0	2	0	2	0	0	5	0	0	4	2	2	0	0	0	1
o508	0	0	0	0	0	0	0	0	0	0	5	0	0	0	0	0	5	0	0	0	5	0	0	0	4	0	3	0	0	1	1	5	0	3	0	0	0	0	3	0	0	0	0	0	0	0	0	0	0	0	0	0	0	1	0	0	0	0	0	0	0	0	0	0	0	0	0	0	0	0	2	0	0	0	4	0	3	0	0	3
o509	0	0	0	0	0	0	0	0	0	0	7	0	0	0	0	0	0	0	0	0	0	7	0	4	3	2	0	0	0	0	0	0	0	5	1	0	0	0	0	0	4	0	0	0	4	2	0	0	2	0	0	5	6	0	0	0	5	0	0	0	0	0	0	4	0	2	0	2	0	0	4	0	0	4	1	2	0	0	0	0
o510	0	0	0	0	0	0	0	0	0	0	5	0	0	0	0	0	6	0	0	0	5	0	0	0	4	0	3	0	0	1	0	5	0	2	0	0	0	0	3	0	0	0	0	0	0	0	0	0	0	0	0	0	0	1	0	0	0	0	0	0	0	0	0	0	0	0	0	0	0	0	2	0	0	0	4	0	3	0	0	3
o511	0	0	0	0	0	1	0	0	0	0	6	0	0	0	0	0	0	0	0	0	0	7	0	4	3	2	0	0	0	0	0	0	0	5	0	0	0	0	0	0	4	0	0	0	4	3	0	0	3	0	0	5	6	0	0	0	5	0	0	0	0	0	0	4	0	2	0	2	0	0	4	0	0	4	1	3	0	0	0	0
o512	0	0	0	0	0	0	0	0	0	0	7	0	0	0	0	0	2	0	0	0	3	5	0	3	5	2	0	0	0	1	0	1	0	5	2	0	0	0	2	0	3	0	0	0	3	0	0	0	0	0	0	4	3	0	0	0	2	0	0	0	0	0	0	0	0	1	1	1	0	0	4	0	0	2	4	0	1	0	0	3
o513	5	2	5	2	0	0	1	0	4	0	0	2	6	0	4	0	0	0	4	0	0	0	0	0	0	0	0	0	0	0	0	0	0	0	0	1	3	0	0	0	0	0	4	3	0	0	0	0	0	0	5	0	0	0	6	5	0	0	2	0	0	0	0	0	1	0	0	0	0	0	0	0	6	0	0	0	0	0	3	0
o514	0	0	0	0	0	0	0	0	0	0	7	0	0	0	0	0	0	0	0	0	0	6	0	4	4	2	0	0	0	0	0	0	0	5	2	0	0	0	0	0	4	0	0	0	4	0	0	0	0	0	0	4	5	0	0	0	4	0	0	0	0	0	0	1	0	2	1	1	0	0	5	0	0	3	3	0	0	0	0	2
o515	5	4	5	2	0	0	1	0	4	0	0	0	5	0	5	0	0	0	4	0	0	0	0	0	0	0	0	0	0	0	0	0	0	0	0	1	1	0	0	0	0	0	5	3	0	0	0	0	0	0	5	0	0	0	6	6	0	0	2	1	0	0	0	0	1	0	0	0	0	0	0	0	7	0	0	0	0	0	2	0
o516	0	0	0	0	0	0	0	0	0	0	7	0	0	0	0	0	0	0	0	0	0	6	0	4	4	2	0	0	0	0	0	0	0	5	2	0	0	0	0	0	4	0	0	0	4	1	0	0	0	0	0	5	5	0	0	0	4	0	0	0	0	0	0	3	0	2	1	1	0	0	5	0	0	4	3	0	0	0	0	2
o517	5	5	4	1	0	0	0	0	4	0	0	0	5	0	6	0	0	0	5	0	0	0	0	0	0	0	0	0	0	0	0	0	0	0	0	1	0	0	0	0	0	0	6	3	0	0	0	0	0	0	3	0	0	0	6	6	0	0	1	2	0	1	0	0	1	0	0	0	0	0	0	0	7	0	0	0	0	0	0	0
o518	0	0	0	0	0	0	0	0	0	0	7	0	0	0	0	0	0	0	0	0	0	7	0	4	4	2	0	0	0	0	0	0	0	5	1	0	0	0	0	0	4	0	0	0	4	2	0	0	2	0	0	5	6	0	0	0	5	0	0	0	0	0	0	4	0	2	0	2	0	0	5	0	0	4	2	2	0	0	0	1
o519	5	6	3	1	0	1	0	0	3	0	0	0	4	0	6	0	0	0	5	0	0	0	0	0	0	0	0	0	0	0	0	0	0	0	0	1	0	0	0	0	0	0	6	2	0	0	0	0	2	0	2	0	0	0	6	6	0	0	1	2	0	2	0	0	1	0	0	0	0	0	0	0	7	0	0	1	0	0	0	0
o520	0	0	0	0	0	0	0	0	0	0	7	0	0	0	0	0	0	0	0	0	0	7	0	4	3	2	0	0	0	0	0	0	0	5	1	0	0	0	0	0	4	0	0	0	4	2	0	0	2	0	0	5	6	0	0	0	5	0	0	0	0	0	0	4	0	2	0	2	0	0	4	0	0	4	1	2	0	0	0	0
o521	5	6	3	1	0	2	0	0	3	0	0	0	3	0	6	0	0	0	5	0	0	0	0	0	0	0	0	0	0	0	0	0	0	0	0	1	0	0	0	0	0	0	6	2	0	0	0	0	2	0	1	0	0	0	7	6	0	0	1	3	0	2	0	0	1	0	0	0	0	0	0	0	7	0	0	2	0	0	0	0
o522	0	0	0	0	0	1	0	0	0	0	6	0	0	0	0	0	0	0	0	0	0	7	0	4	3	2	0	0	0	0	0	0	0	5	0	0	0	0	0	0	4	0	0	0	4	3	0	0	3	0	0	5	6	0	0	0	5	0	0	0	0	0	0	4	0	2	0	2	0	0	4	0	0	4	1	3	0	0	0	0
o523	5	6	2	1	0	2	0	0	2	0	0	0	2	0	6	0	0	0	5	0	0	0	0	0	0	0	0	0	0	0	0	0	0	0	0	1	0	0	0	0	0	0	6	1	0	0	1	0	3	0	1	0	0	0	7	6	0	0	1	3	0	3	0	1	1	0	0	0	0	0	0	0	7	0	0	2	0	0	0	0
