# Constructed from biom file
#OTU ID	s0	s1	s2	s3	s4	s5	s6	s7	s8	s9	s10	s11	s12	s13	s14	s15	s16	s17	s18	s19	s20	s21	s22	s23	s24	s25	s26	s27	s28	s29	s30	s31	s32	s33	s34	s35	s36
o0	197.0	136.0	182.0	204.0	183.0	157.0	175.0	168.0	208.0	221.0	166.0	156.0	238.0	211.0	210.0	178.0	189.0	187.0	243.0	243.0	189.0	245.0	229.0	283.0	230.0	287.0	241.0	284.0	220.0	276.0	282.0	284.0	215.0	270.0	243.0	267.0	243.0
o1	201.0	202.0	180.0	143.0	189.0	147.0	195.0	166.0	236.0	193.0	172.0	154.0	212.0	215.0	184.0	253.0	239.0	237.0	199.0	226.0	220.0	269.0	207.0	265.0	195.0	202.0	260.0	238.0	222.0	283.0	256.0	201.0	204.0	207.0	202.0	227.0	266.0
o2	105.0	0.0	0.0	0.0	0.0	0.0	0.0	0.0	0.0	166.0	0.0	0.0	0.0	0.0	0.0	161.0	240.0	0.0	0.0	0.0	0.0	251.0	0.0	238.0	0.0	0.0	259.0	0.0	0.0	0.0	0.0	213.0	0.0	267.0	0.0	0.0	0.0
o3	196.0	172.0	208.0	211.0	214.0	229.0	169.0	165.0	233.0	195.0	176.0	256.0	190.0	203.0	259.0	232.0	248.0	194.0	275.0	264.0	207.0	263.0	291.0	249.0	228.0	215.0	269.0	260.0	251.0	273.0	268.0	252.0	242.0	295.0	198.0	288.0	193.0
o4	153.0	219.0	212.0	231.0	203.0	196.0	209.0	175.0	213.0	236.0	177.0	210.0	196.0	227.0	282.0	202.0	280.0	272.0	234.0	259.0	239.0	244.0	231.0	210.0	289.0	225.0	264.0	213.0	279.0	212.0	297.0	216.0	284.0	220.0	233.0	276.0	214.0
o5	0.0	0.0	0.0	0.0	170.0	217.0	0.0	256.0	227.0	0.0	0.0	0.0	0.0	0.0	0.0	201.0	0.0	0.0	205.0	0.0	0.0	0.0	0.0	0.0	0.0	0.0	0.0	0.0	0.0	209.0	0.0	238.0	0.0	0.0	221.0	238.0	0.0
o6	147.0	201.0	190.0	168.0	185.0	189.0	233.0	228.0	233.0	218.0	189.0	253.0	199.0	214.0	274.0	244.0	252.0	204.0	243.0	217.0	260.0	265.0	220.0	201.0	204.0	261.0	184.0	201.0	213.0	229.0	206.0	179.0	236.0	195.0	157.0	140.0	104.0
o7	162.0	167.0	136.0	172.0	159.0	225.0	206.0	243.0	243.0	189.0	278.0	199.0	211.0	285.0	211.0	199.0	268.0	258.0	282.0	296.0	205.0	242.0	265.0	226.0	237.0	203.0	255.0	222.0	175.0	202.0	238.0	167.0	210.0	225.0	127.0	135.0	198.0
o8	0.0	175.0	0.0	0.0	0.0	0.0	0.0	0.0	261.0	228.0	0.0	209.0	0.0	197.0	271.0	0.0	0.0	0.0	214.0	285.0	0.0	241.0	222.0	271.0	0.0	0.0	0.0	0.0	265.0	0.0	0.0	0.0	0.0	0.0	0.0	0.0	0.0
o9	253.0	206.0	221.0	202.0	237.0	224.0	247.0	281.0	258.0	208.0	222.0	275.0	219.0	268.0	258.0	253.0	264.0	241.0	193.0	238.0	243.0	209.0	189.0	202.0	131.0	138.0	122.0	150.0	137.0	167.0	166.0	144.0	110.0	116.0	124.0	63.0	35.0
o10	239.0	238.0	238.0	241.0	207.0	243.0	246.0	211.0	211.0	253.0	225.0	275.0	297.0	205.0	209.0	271.0	190.0	268.0	229.0	189.0	241.0	238.0	221.0	232.0	131.0	120.0	126.0	105.0	108.0	153.0	134.0	103.0	153.0	64.0	62.0	90.0	89.0
o11	201.0	0.0	0.0	0.0	0.0	0.0	0.0	253.0	0.0	0.0	0.0	0.0	0.0	0.0	0.0	0.0	0.0	0.0	0.0	166.0	0.0	0.0	204.0	0.0	207.0	0.0	0.0	0.0	111.0	0.0	142.0	0.0	0.0	112.0	0.0	99.0	0.0
o12	170.0	202.0	166.0	209.0	249.0	228.0	198.0	229.0	297.0	274.0	258.0	275.0	274.0	260.0	186.0	193.0	152.0	141.0	176.0	163.0	123.0	66.0	137.0	105.0	61.0	85.0	65.0	37.0	65.0	72.0	104.0	96.0	63.0	52.0	130.0	159.0	105.0
o13	165.0	172.0	182.0	211.0	260.0	256.0	225.0	235.0	203.0	296.0	201.0	204.0	257.0	269.0	223.0	187.0	144.0	132.0	160.0	149.0	100.0	122.0	97.0	49.0	99.0	103.0	53.0	37.0	36.0	65.0	76.0	90.0	39.0	54.0	142.0	129.0	117.0
o14	0.0	0.0	0.0	0.0	0.0	254.0	0.0	0.0	0.0	0.0	200.0	263.0	0.0	0.0	0.0	0.0	0.0	0.0	118.0	0.0	0.0	0.0	0.0	0.0	0.0	0.0	12.0	0.0	39.0	0.0	0.0	0.0	0.0	57.0	0.0	0.0	0.0
o15	244.0	239.0	204.0	266.0	228.0	223.0	232.0	179.0	192.0	146.0	173.0	112.0	125.0	58.0	31.0	109.0	53.0	74.0	76.0	97.0	38.0	15.0	39.0	117.0	146.0	160.0	101.0	107.0	172.0	137.0	229.0	202.0	218.0	230.0	290.0	196.0	255.0
o16	277.0	260.0	208.0	267.0	197.0	213.0	181.0	174.0	197.0	114.0	98.0	147.0	72.0	54.0	72.0	47.0	38.0	95.0	32.0	51.0	69.0	49.0	75.0	87.0	96.0	80.0	149.0	136.0	207.0	172.0	207.0	238.0	242.0	183.0	208.0	292.0	223.0
o17	0.0	0.0	0.0	185.0	257.0	0.0	0.0	0.0	0.0	0.0	0.0	0.0	128.0	0.0	0.0	0.0	98.0	0.0	0.0	0.0	0.0	0.0	0.0	0.0	132.0	0.0	0.0	164.0	0.0	0.0	153.0	0.0	0.0	270.0	0.0	198.0	253.0
o18	189.0	156.0	215.0	240.0	218.0	209.0	272.0	210.0	295.0	216.0	267.0	224.0	154.0	214.0	154.0	97.0	144.0	52.0	121.0	24.0	81.0	62.0	29.0	26.0	35.0	91.0	92.0	143.0	101.0	182.0	204.0	166.0	246.0	222.0	203.0	234.0	266.0
o19	197.0	163.0	154.0	214.0	217.0	288.0	271.0	248.0	203.0	186.0	252.0	218.0	161.0	197.0	153.0	83.0	68.0	53.0	35.0	54.0	98.0	21.0	88.0	85.0	91.0	106.0	71.0	72.0	123.0	148.0	137.0	228.0	244.0	238.0	258.0	277.0	205.0
o20	112.0	0.0	0.0	258.0	241.0	214.0	0.0	0.0	0.0	0.0	0.0	0.0	0.0	0.0	0.0	134.0	0.0	0.0	0.0	0.0	30.0	0.0	0.0	0.0	0.0	0.0	0.0	98.0	123.0	0.0	176.0	0.0	0.0	0.0	0.0	242.0	0.0
o21	244.0	259.0	200.0	209.0	139.0	114.0	92.0	157.0	128.0	80.0	24.0	10.0	42.0	94.0	28.0	85.0	40.0	103.0	114.0	136.0	179.0	198.0	153.0	186.0	195.0	222.0	294.0	289.0	289.0	258.0	203.0	214.0	181.0	227.0	134.0	102.0	101.0
o22	271.0	203.0	189.0	172.0	191.0	190.0	173.0	86.0	119.0	129.0	102.0	29.0	63.0	63.0	80.0	24.0	88.0	118.0	110.0	111.0	135.0	227.0	179.0	246.0	226.0	216.0	235.0	223.0	254.0	206.0	246.0	258.0	228.0	161.0	173.0	156.0	142.0
o23	264.0	0.0	0.0	0.0	0.0	0.0	0.0	0.0	0.0	0.0	0.0	0.0	65.0	0.0	0.0	0.0	0.0	0.0	95.0	0.0	0.0	0.0	0.0	0.0	0.0	244.0	0.0	0.0	0.0	0.0	0.0	255.0	0.0	0.0	0.0	0.0	140.0
o24	156.0	150.0	222.0	239.0	188.0	235.0	254.0	294.0	224.0	217.0	220.0	219.0	177.0	123.0	124.0	108.0	91.0	27.0	48.0	20.0	95.0	30.0	91.0	78.0	116.0	175.0	203.0	189.0	258.0	239.0	281.0	290.0	226.0	199.0	169.0	184.0	171.0
o25	194.0	175.0	201.0	160.0	268.0	245.0	253.0	280.0	272.0	269.0	200.0	187.0	168.0	139.0	67.0	107.0	37.0	55.0	40.0	75.0	72.0	48.0	78.0	129.0	130.0	123.0	171.0	146.0	201.0	237.0	194.0	264.0	276.0	255.0	237.0	223.0	192.0
o26	188.0	0.0	197.0	0.0	0.0	0.0	0.0	0.0	0.0	247.0	0.0	0.0	0.0	80.0	0.0	0.0	0.0	0.0	0.0	0.0	0.0	0.0	0.0	0.0	197.0	175.0	0.0	0.0	0.0	0.0	227.0	0.0	0.0	196.0	247.0	0.0	150.0
o27	176.0	158.0	180.0	117.0	86.0	58.0	123.0	114.0	93.0	72.0	17.0	88.0	79.0	63.0	150.0	188.0	166.0	222.0	238.0	253.0	224.0	212.0	203.0	191.0	235.0	181.0	177.0	115.0	146.0	67.0	74.0	63.0	101.0	82.0	16.0	93.0	31.0
o28	190.0	222.0	153.0	148.0	138.0	144.0	52.0	17.0	10.0	17.0	54.0	45.0	78.0	87.0	117.0	157.0	137.0	195.0	204.0	189.0	208.0	199.0	253.0	227.0	267.0	226.0	170.0	221.0	125.0	161.0	55.0	112.0	16.0	67.0	99.0	76.0	50.0
o29	0.0	191.0	0.0	0.0	0.0	96.0	51.0	110.0	0.0	0.0	0.0	0.0	0.0	0.0	0.0	0.0	223.0	0.0	202.0	0.0	0.0	0.0	215.0	239.0	242.0	0.0	0.0	0.0	0.0	0.0	64.0	0.0	0.0	0.0	39.0	0.0	0.0
o30	177.0	227.0	236.0	206.0	245.0	251.0	196.0	208.0	135.0	179.0	97.0	119.0	56.0	48.0	85.0	64.0	96.0	156.0	122.0	132.0	253.0	209.0	285.0	275.0	248.0	186.0	212.0	186.0	143.0	109.0	51.0	17.0	59.0	23.0	31.0	129.0	131.0
o31	122.0	178.0	190.0	240.0	265.0	229.0	207.0	292.0	198.0	185.0	172.0	117.0	146.0	58.0	38.0	52.0	33.0	34.0	117.0	179.0	182.0	188.0	177.0	192.0	253.0	263.0	247.0	260.0	147.0	130.0	143.0	115.0	87.0	59.0	99.0	90.0	90.0
o32	0.0	161.0	210.0	235.0	0.0	0.0	0.0	244.0	0.0	114.0	0.0	0.0	0.0	0.0	0.0	0.0	0.0	0.0	104.0	0.0	0.0	0.0	0.0	0.0	0.0	0.0	0.0	0.0	0.0	64.0	0.0	0.0	0.0	0.0	0.0	106.0	185.0
o33	178.0	122.0	63.0	58.0	14.0	35.0	106.0	99.0	149.0	156.0	182.0	251.0	258.0	275.0	221.0	198.0	238.0	195.0	112.0	74.0	101.0	36.0	29.0	47.0	65.0	115.0	133.0	106.0	160.0	227.0	279.0	244.0	271.0	286.0	175.0	151.0	129.0
o34	100.0	97.0	78.0	97.0	18.0	7.0	64.0	72.0	66.0	85.0	140.0	247.0	224.0	223.0	277.0	227.0	264.0	217.0	217.0	123.0	68.0	102.0	83.0	9.0	74.0	89.0	152.0	184.0	203.0	234.0	239.0	226.0	224.0	257.0	206.0	248.0	164.0
o35	139.0	0.0	75.0	0.0	2.0	0.0	0.0	0.0	0.0	119.0	0.0	0.0	217.0	214.0	0.0	0.0	0.0	0.0	190.0	0.0	0.0	0.0	32.0	94.0	0.0	0.0	0.0	0.0	0.0	216.0	0.0	209.0	0.0	0.0	180.0	0.0	0.0
o36	181.0	163.0	245.0	292.0	221.0	165.0	90.0	92.0	28.0	94.0	91.0	88.0	170.0	164.0	263.0	218.0	240.0	197.0	180.0	145.0	25.0	10.0	48.0	141.0	189.0	236.0	253.0	252.0	215.0	196.0	161.0	141.0	73.0	78.0	11.0	46.0	114.0
o37	164.0	200.0	189.0	265.0	236.0	190.0	128.0	102.0	67.0	88.0	16.0	18.0	61.0	100.0	186.0	201.0	258.0	230.0	258.0	223.0	171.0	110.0	14.0	99.0	122.0	191.0	217.0	294.0	205.0	271.0	181.0	80.0	54.0	111.0	72.0	92.0	122.0
o38	194.0	0.0	0.0	0.0	0.0	0.0	0.0	0.0	0.0	0.0	71.0	0.0	0.0	0.0	0.0	0.0	0.0	0.0	0.0	0.0	0.0	0.0	62.0	0.0	0.0	0.0	0.0	241.0	0.0	0.0	0.0	0.0	36.0	0.0	33.0	0.0	0.0
o39	51.0	52.0	130.0	165.0	166.0	263.0	262.0	264.0	166.0	174.0	76.0	82.0	70.0	113.0	96.0	100.0	169.0	211.0	247.0	274.0	200.0	173.0	145.0	29.0	74.0	61.0	104.0	112.0	220.0	231.0	246.0	201.0	253.0	138.0	130.0	118.0	34.0
o40	24.0	18.0	59.0	166.0	142.0	245.0	273.0	249.0	250.0	209.0	99.0	91.0	52.0	113.0	123.0	136.0	275.0	280.0	222.0	237.0	179.0	168.0	98.0	50.0	65.0	86.0	114.0	119.0	254.0	204.0	240.0	153.0	128.0	117.0	64.0	64.0	22.0
o41	0.0	52.0	88.0	180.0	0.0	0.0	0.0	0.0	193.0	131.0	0.0	0.0	0.0	75.0	0.0	171.0	0.0	0.0	222.0	0.0	198.0	0.0	0.0	0.0	83.0	0.0	0.0	0.0	196.0	254.0	0.0	0.0	0.0	194.0	0.0	0.0	0.0
o42	139.0	80.0	105.0	210.0	6.0	113.0	259.0	13.0	114.0	292.0	195.0	107.0	206.0	230.0	83.0	187.0	165.0	45.0	239.0	256.0	98.0	184.0	249.0	92.0	55.0	214.0	68.0	89.0	238.0	158.0	12.0	162.0	121.0	35.0	144.0	139.0	54.0
o43	139.0	123.0	229.0	94.0	169.0	150.0	150.0	242.0	67.0	290.0	177.0	35.0	218.0	98.0	262.0	164.0	47.0	193.0	109.0	242.0	96.0	99.0	254.0	52.0	199.0	109.0	160.0	118.0	97.0	186.0	137.0	97.0	6.0	191.0	224.0	13.0	144.0
o44	159.0	0.0	93.0	0.0	0.0	0.0	0.0	0.0	147.0	0.0	0.0	0.0	0.0	0.0	0.0	231.0	0.0	0.0	0.0	228.0	0.0	0.0	0.0	0.0	0.0	0.0	91.0	0.0	245.0	0.0	86.0	0.0	0.0	0.0	149.0	0.0	68.0
o45	241.0	131.0	15.0	140.0	162.0	30.0	165.0	204.0	17.0	126.0	274.0	56.0	132.0	208.0	23.0	124.0	196.0	204.0	118.0	176.0	230.0	79.0	189.0	214.0	117.0	212.0	214.0	96.0	185.0	255.0	87.0	38.0	217.0	87.0	38.0	242.0	109.0
o46	250.0	188.0	112.0	147.0	140.0	154.0	83.0	110.0	105.0	17.0	83.0	225.0	134.0	215.0	82.0	238.0	114.0	172.0	205.0	107.0	243.0	48.0	173.0	121.0	194.0	132.0	191.0	211.0	138.0	87.0	195.0	146.0	199.0	272.0	33.0	255.0	48.0
o47	0.0	0.0	0.0	0.0	0.0	0.0	0.0	0.0	29.0	0.0	0.0	38.0	0.0	246.0	0.0	0.0	0.0	0.0	69.0	0.0	0.0	0.0	244.0	242.0	0.0	0.0	203.0	91.0	0.0	0.0	169.0	0.0	284.0	0.0	0.0	0.0	0.0
o48	194.0	140.0	140.0	145.0	102.0	157.0	122.0	75.0	187.0	80.0	236.0	184.0	66.0	208.0	250.0	99.0	227.0	78.0	69.0	272.0	77.0	79.0	259.0	97.0	269.0	261.0	48.0	194.0	234.0	81.0	186.0	74.0	144.0	176.0	168.0	122.0	198.0
o49	181.0	120.0	184.0	208.0	89.0	215.0	218.0	101.0	134.0	187.0	202.0	273.0	249.0	73.0	19.0	89.0	30.0	26.0	212.0	74.0	252.0	43.0	74.0	104.0	241.0	36.0	65.0	192.0	126.0	117.0	75.0	75.0	122.0	191.0	212.0	209.0	180.0
o50	0.0	180.0	187.0	145.0	0.0	0.0	0.0	113.0	0.0	0.0	0.0	0.0	0.0	0.0	0.0	0.0	0.0	0.0	0.0	0.0	0.0	0.0	0.0	0.0	0.0	0.0	0.0	214.0	0.0	0.0	0.0	94.0	0.0	0.0	0.0	0.0	129.0
o51	196.0	151.0	126.0	195.0	172.0	152.0	193.0	223.0	132.0	262.0	76.0	42.0	190.0	56.0	21.0	261.0	4.0	212.0	274.0	27.0	284.0	293.0	12.0	246.0	102.0	47.0	213.0	117.0	77.0	248.0	108.0	189.0	170.0	82.0	192.0	197.0	193.0
o52	105.0	173.0	140.0	155.0	135.0	158.0	82.0	133.0	103.0	231.0	253.0	278.0	192.0	220.0	216.0	50.0	291.0	50.0	27.0	237.0	219.0	290.0	46.0	67.0	65.0	276.0	276.0	274.0	95.0	228.0	228.0	77.0	235.0	136.0	174.0	125.0	165.0
o53	101.0	0.0	0.0	0.0	0.0	0.0	243.0	239.0	0.0	0.0	0.0	0.0	0.0	0.0	63.0	0.0	0.0	0.0	284.0	0.0	0.0	291.0	53.0	0.0	75.0	36.0	0.0	0.0	0.0	0.0	0.0	236.0	0.0	0.0	0.0	0.0	0.0
o54	112.0	177.0	179.0	173.0	208.0	246.0	229.0	236.0	241.0	234.0	272.0	287.0	194.0	257.0	167.0	245.0	173.0	122.0	110.0	152.0	122.0	68.0	41.0	88.0	86.0	40.0	79.0	93.0	81.0	30.0	51.0	92.0	41.0	69.0	67.0	168.0	128.0
o55	134.0	215.0	213.0	204.0	256.0	243.0	254.0	194.0	245.0	215.0	286.0	209.0	226.0	237.0	222.0	169.0	239.0	238.0	233.0	157.0	170.0	119.0	109.0	99.0	104.0	82.0	51.0	46.0	93.0	46.0	99.0	14.0	108.0	72.0	75.0	117.0	146.0
o56	0.0	0.0	0.0	0.0	0.0	0.0	0.0	252.0	238.0	0.0	0.0	244.0	227.0	0.0	0.0	0.0	0.0	193.0	0.0	0.0	0.0	0.0	0.0	69.0	0.0	0.0	0.0	0.0	0.0	0.0	50.0	121.0	0.0	0.0	0.0	0.0	0.0
o57	113.0	143.0	227.0	243.0	248.0	206.0	247.0	200.0	283.0	206.0	275.0	232.0	214.0	202.0	239.0	160.0	223.0	204.0	196.0	183.0	131.0	104.0	84.0	48.0	75.0	60.0	69.0	33.0	16.0	47.0	101.0	61.0	67.0	96.0	162.0	97.0	178.0
o58	100.0	175.0	202.0	166.0	210.0	241.0	212.0	286.0	293.0	278.0	236.0	223.0	224.0	193.0	240.0	250.0	167.0	227.0	183.0	202.0	135.0	140.0	133.0	69.0	92.0	104.0	46.0	71.0	47.0	36.0	103.0	60.0	77.0	138.0	60.0	164.0	125.0
o59	0.0	0.0	0.0	0.0	0.0	0.0	0.0	0.0	0.0	0.0	0.0	0.0	0.0	205.0	0.0	168.0	180.0	0.0	0.0	0.0	0.0	0.0	0.0	104.0	0.0	73.0	0.0	37.0	0.0	0.0	0.0	0.0	0.0	53.0	0.0	0.0	0.0
o60	178.0	212.0	258.0	228.0	249.0	264.0	231.0	214.0	156.0	166.0	63.0	135.0	38.0	39.0	13.0	55.0	95.0	79.0	100.0	225.0	236.0	199.0	291.0	215.0	230.0	256.0	193.0	103.0	106.0	115.0	17.0	77.0	17.0	24.0	38.0	59.0	111.0
o61	174.0	223.0	221.0	222.0	280.0	278.0	207.0	248.0	265.0	197.0	177.0	102.0	123.0	82.0	82.0	73.0	26.0	30.0	69.0	79.0	111.0	197.0	238.0	278.0	252.0	252.0	274.0	191.0	186.0	129.0	76.0	132.0	41.0	94.0	110.0	105.0	142.0
o62	195.0	0.0	0.0	0.0	0.0	0.0	0.0	197.0	147.0	0.0	0.0	0.0	0.0	0.0	0.0	0.0	36.0	94.0	0.0	186.0	0.0	0.0	0.0	0.0	0.0	0.0	0.0	0.0	0.0	59.0	106.0	0.0	0.0	0.0	0.0	0.0	0.0
o63	100.0	233.0	193.0	287.0	283.0	278.0	207.0	253.0	154.0	128.0	61.0	66.0	88.0	60.0	64.0	32.0	46.0	77.0	105.0	183.0	172.0	192.0	237.0	282.0	210.0	179.0	156.0	184.0	85.0	70.0	47.0	19.0	26.0	98.0	45.0	104.0	169.0
o64	119.0	208.0	184.0	197.0	203.0	222.0	248.0	261.0	183.0	196.0	135.0	162.0	143.0	51.0	38.0	38.0	64.0	88.0	150.0	122.0	160.0	208.0	254.0	264.0	206.0	193.0	214.0	136.0	94.0	95.0	53.0	10.0	29.0	7.0	64.0	104.0	171.0
o65	273.0	244.0	264.0	297.0	229.0	253.0	245.0	219.0	226.0	208.0	221.0	207.0	299.0	264.0	220.0	228.0	269.0	200.0	227.0	211.0	231.0	207.0	213.0	261.0	219.0	256.0	212.0	223.0	243.0	294.0	214.0	289.0	279.0	202.0	258.0	270.0	212.0
o66	210.0	236.0	228.0	258.0	281.0	291.0	285.0	210.0	294.0	293.0	235.0	232.0	263.0	221.0	279.0	295.0	292.0	204.0	240.0	242.0	291.0	294.0	270.0	239.0	268.0	242.0	273.0	284.0	209.0	255.0	267.0	235.0	269.0	239.0	241.0	298.0	239.0
o67	0.0	0.0	291.0	0.0	0.0	0.0	0.0	0.0	0.0	237.0	0.0	0.0	0.0	0.0	265.0	0.0	0.0	0.0	0.0	0.0	0.0	0.0	239.0	0.0	293.0	236.0	0.0	0.0	285.0	228.0	0.0	0.0	0.0	292.0	0.0	268.0	0.0
o68	208.0	212.0	262.0	299.0	295.0	296.0	203.0	249.0	247.0	278.0	238.0	273.0	276.0	237.0	235.0	234.0	227.0	262.0	214.0	252.0	280.0	263.0	277.0	244.0	297.0	287.0	214.0	286.0	218.0	252.0	211.0	294.0	286.0	255.0	236.0	296.0	202.0
o69	264.0	210.0	284.0	255.0	252.0	288.0	274.0	201.0	243.0	216.0	245.0	205.0	214.0	291.0	256.0	299.0	224.0	277.0	238.0	209.0	260.0	246.0	288.0	220.0	268.0	226.0	264.0	268.0	288.0	212.0	297.0	214.0	232.0	241.0	299.0	227.0	210.0
o70	0.0	0.0	0.0	0.0	0.0	263.0	0.0	0.0	0.0	0.0	0.0	0.0	244.0	0.0	218.0	0.0	0.0	0.0	0.0	0.0	0.0	0.0	287.0	0.0	0.0	0.0	0.0	0.0	0.0	0.0	0.0	0.0	0.0	0.0	0.0	295.0	227.0
o71	283.0	228.0	298.0	220.0	278.0	212.0	279.0	271.0	268.0	225.0	207.0	203.0	272.0	281.0	212.0	232.0	266.0	207.0	230.0	259.0	238.0	296.0	282.0	250.0	290.0	203.0	299.0	215.0	244.0	276.0	218.0	246.0	286.0	230.0	250.0	209.0	203.0
o72	250.0	258.0	224.0	293.0	207.0	223.0	284.0	208.0	211.0	280.0	233.0	259.0	293.0	218.0	287.0	201.0	245.0	295.0	222.0	275.0	243.0	227.0	267.0	204.0	261.0	263.0	260.0	251.0	238.0	230.0	245.0	219.0	285.0	204.0	215.0	240.0	252.0
o73	0.0	0.0	0.0	0.0	272.0	0.0	0.0	0.0	0.0	274.0	0.0	242.0	0.0	0.0	207.0	0.0	0.0	0.0	246.0	0.0	0.0	221.0	0.0	0.0	0.0	0.0	0.0	0.0	0.0	0.0	237.0	238.0	0.0	0.0	0.0	0.0	0.0
o74	249.0	253.0	281.0	232.0	213.0	246.0	235.0	224.0	273.0	280.0	269.0	267.0	270.0	215.0	264.0	283.0	210.0	267.0	214.0	232.0	298.0	238.0	285.0	209.0	202.0	201.0	292.0	219.0	12.0	87.0	81.0	32.0	92.0	67.0	38.0	83.0	75.0
o75	227.0	297.0	217.0	271.0	250.0	216.0	211.0	268.0	289.0	220.0	256.0	279.0	207.0	281.0	278.0	217.0	288.0	272.0	246.0	204.0	249.0	258.0	237.0	262.0	263.0	270.0	258.0	266.0	247.0	238.0	73.0	99.0	93.0	6.0	73.0	41.0	2.0
o76	0.0	0.0	0.0	257.0	0.0	0.0	0.0	0.0	252.0	244.0	0.0	0.0	222.0	264.0	0.0	0.0	0.0	0.0	0.0	0.0	0.0	0.0	0.0	0.0	0.0	0.0	266.0	276.0	0.0	0.0	25.0	0.0	98.0	0.0	0.0	0.0	0.0
o77	243.0	290.0	237.0	211.0	268.0	259.0	287.0	272.0	273.0	280.0	207.0	286.0	204.0	223.0	295.0	267.0	278.0	210.0	227.0	21.0	98.0	78.0	13.0	93.0	87.0	16.0	2.0	68.0	51.0	54.0	76.0	4.0	77.0	90.0	79.0	5.0	4.0
o78	258.0	221.0	261.0	204.0	202.0	201.0	223.0	277.0	204.0	247.0	213.0	234.0	208.0	298.0	250.0	213.0	201.0	245.0	42.0	66.0	5.0	21.0	65.0	44.0	91.0	94.0	85.0	42.0	73.0	76.0	21.0	64.0	84.0	42.0	12.0	77.0	50.0
o79	0.0	259.0	0.0	0.0	0.0	0.0	0.0	238.0	0.0	0.0	0.0	0.0	0.0	0.0	0.0	0.0	0.0	0.0	0.0	0.0	0.0	78.0	0.0	0.0	0.0	6.0	0.0	27.0	25.0	72.0	0.0	0.0	57.0	0.0	0.0	0.0	45.0
o80	206.0	281.0	259.0	222.0	229.0	238.0	287.0	206.0	211.0	56.0	8.0	21.0	39.0	56.0	27.0	74.0	84.0	23.0	5.0	92.0	82.0	25.0	23.0	85.0	50.0	25.0	4.0	32.0	266.0	241.0	209.0	234.0	226.0	260.0	286.0	253.0	270.0
o81	211.0	284.0	286.0	215.0	212.0	292.0	214.0	206.0	275.0	79.0	34.0	20.0	43.0	5.0	42.0	36.0	12.0	87.0	45.0	48.0	61.0	71.0	20.0	89.0	49.0	79.0	16.0	6.0	243.0	211.0	228.0	286.0	219.0	259.0	253.0	236.0	283.0
o82	0.0	286.0	206.0	0.0	0.0	0.0	0.0	260.0	0.0	0.0	0.0	0.0	0.0	0.0	0.0	33.0	0.0	0.0	0.0	0.0	28.0	94.0	19.0	0.0	6.0	0.0	0.0	0.0	228.0	0.0	0.0	0.0	296.0	0.0	0.0	0.0	0.0
o83	235.0	218.0	235.0	233.0	255.0	227.0	222.0	219.0	285.0	233.0	269.0	232.0	218.0	299.0	291.0	37.0	80.0	12.0	68.0	92.0	91.0	87.0	41.0	64.0	57.0	75.0	78.0	96.0	97.0	39.0	217.0	291.0	245.0	287.0	266.0	226.0	222.0
o84	247.0	279.0	211.0	224.0	245.0	289.0	231.0	289.0	274.0	208.0	281.0	274.0	231.0	261.0	219.0	291.0	8.0	97.0	34.0	77.0	20.0	24.0	97.0	97.0	49.0	52.0	29.0	19.0	1.0	63.0	12.0	290.0	249.0	259.0	226.0	250.0	273.0
o85	0.0	244.0	0.0	0.0	0.0	0.0	270.0	0.0	0.0	0.0	0.0	0.0	0.0	0.0	0.0	0.0	0.0	50.0	0.0	53.0	0.0	19.0	0.0	98.0	0.0	0.0	19.0	0.0	0.0	0.0	0.0	246.0	0.0	0.0	0.0	0.0	0.0
o86	283.0	273.0	270.0	275.0	203.0	257.0	47.0	7.0	48.0	31.0	64.0	77.0	23.0	60.0	85.0	79.0	98.0	43.0	60.0	35.0	226.0	290.0	278.0	251.0	203.0	272.0	277.0	290.0	289.0	223.0	267.0	216.0	227.0	205.0	253.0	7.0	36.0
o87	268.0	243.0	285.0	271.0	273.0	215.0	42.0	47.0	67.0	81.0	1.0	37.0	22.0	65.0	85.0	33.0	40.0	26.0	66.0	55.0	270.0	201.0	251.0	298.0	217.0	299.0	233.0	282.0	285.0	220.0	270.0	272.0	237.0	291.0	273.0	34.0	53.0
o88	245.0	0.0	216.0	0.0	270.0	0.0	0.0	0.0	5.0	0.0	0.0	19.0	0.0	22.0	0.0	0.0	0.0	0.0	0.0	0.0	0.0	0.0	204.0	281.0	0.0	260.0	250.0	0.0	0.0	0.0	0.0	207.0	0.0	0.0	227.0	57.0	42.0
o89	230.0	286.0	268.0	243.0	220.0	208.0	209.0	238.0	232.0	244.0	233.0	289.0	29.0	21.0	92.0	92.0	34.0	49.0	96.0	30.0	23.0	95.0	79.0	31.0	220.0	239.0	258.0	267.0	272.0	204.0	271.0	277.0	236.0	212.0	246.0	259.0	214.0
o90	249.0	210.0	251.0	247.0	290.0	220.0	230.0	251.0	299.0	278.0	223.0	261.0	282.0	86.0	93.0	64.0	2.0	67.0	31.0	46.0	63.0	21.0	19.0	28.0	200.0	248.0	223.0	237.0	278.0	203.0	273.0	217.0	225.0	206.0	239.0	263.0	284.0
o91	0.0	0.0	261.0	0.0	0.0	0.0	0.0	226.0	288.0	290.0	0.0	0.0	0.0	52.0	0.0	0.0	0.0	0.0	0.0	0.0	92.0	0.0	0.0	95.0	0.0	0.0	0.0	0.0	223.0	0.0	0.0	238.0	0.0	0.0	0.0	0.0	0.0
o92	209.0	279.0	290.0	0.0	25.0	85.0	71.0	16.0	93.0	98.0	56.0	93.0	79.0	99.0	93.0	85.0	250.0	287.0	227.0	209.0	289.0	259.0	245.0	274.0	204.0	201.0	219.0	237.0	92.0	37.0	99.0	19.0	77.0	75.0	66.0	91.0	75.0
o93	215.0	252.0	291.0	11.0	59.0	88.0	43.0	18.0	9.0	88.0	69.0	34.0	45.0	62.0	30.0	268.0	247.0	203.0	272.0	239.0	245.0	249.0	293.0	251.0	279.0	290.0	249.0	216.0	85.0	52.0	62.0	97.0	34.0	99.0	38.0	47.0	92.0
o94	231.0	0.0	0.0	0.0	0.0	0.0	0.0	0.0	42.0	0.0	0.0	0.0	0.0	0.0	0.0	94.0	0.0	0.0	241.0	0.0	0.0	0.0	243.0	0.0	0.0	0.0	0.0	0.0	68.0	80.0	0.0	0.0	0.0	0.0	93.0	0.0	0.0
o95	217.0	221.0	281.0	221.0	278.0	247.0	244.0	208.0	293.0	6.0	93.0	27.0	5.0	79.0	11.0	68.0	47.0	6.0	12.0	282.0	231.0	247.0	213.0	216.0	258.0	256.0	207.0	296.0	44.0	39.0	98.0	33.0	72.0	30.0	54.0	36.0	8.0
o96	276.0	228.0	244.0	253.0	285.0	202.0	295.0	245.0	250.0	209.0	30.0	98.0	65.0	18.0	8.0	67.0	39.0	82.0	15.0	15.0	248.0	209.0	263.0	252.0	260.0	212.0	278.0	235.0	93.0	27.0	22.0	94.0	15.0	92.0	21.0	70.0	32.0
o97	0.0	0.0	0.0	230.0	0.0	269.0	0.0	0.0	0.0	0.0	0.0	0.0	0.0	9.0	83.0	48.0	0.0	0.0	0.0	0.0	0.0	0.0	0.0	0.0	0.0	0.0	0.0	0.0	0.0	0.0	0.0	0.0	0.0	0.0	0.0	0.0	85.0
o98	41.0	25.0	33.0	35.0	69.0	21.0	27.0	61.0	7.0	266.0	235.0	205.0	291.0	208.0	226.0	260.0	218.0	217.0	225.0	95.0	31.0	64.0	13.0	16.0	72.0	75.0	71.0	68.0	231.0	242.0	201.0	230.0	294.0	211.0	280.0	262.0	249.0
o99	53.0	55.0	43.0	90.0	7.0	60.0	92.0	39.0	27.0	18.0	31.0	208.0	281.0	201.0	295.0	297.0	207.0	230.0	299.0	243.0	200.0	69.0	10.0	3.0	5.0	68.0	54.0	3.0	249.0	206.0	264.0	273.0	277.0	248.0	236.0	268.0	241.0
o100	78.0	39.0	0.0	0.0	0.0	0.0	77.0	87.0	0.0	208.0	0.0	0.0	253.0	296.0	0.0	0.0	0.0	235.0	239.0	27.0	0.0	0.0	0.0	11.0	0.0	0.0	0.0	0.0	0.0	0.0	232.0	0.0	0.0	0.0	0.0	0.0	0.0
o101	225.0	279.0	232.0	245.0	226.0	232.0	5.0	16.0	63.0	64.0	29.0	74.0	270.0	237.0	209.0	219.0	290.0	298.0	220.0	61.0	8.0	37.0	8.0	85.0	256.0	235.0	258.0	214.0	293.0	211.0	233.0	21.0	47.0	97.0	58.0	32.0	35.0
o102	252.0	280.0	228.0	240.0	233.0	216.0	298.0	72.0	77.0	27.0	76.0	26.0	265.0	230.0	274.0	219.0	203.0	290.0	46.0	87.0	7.0	24.0	24.0	58.0	84.0	233.0	201.0	299.0	275.0	208.0	217.0	56.0	69.0	79.0	28.0	28.0	53.0
o103	0.0	0.0	0.0	0.0	0.0	246.0	0.0	0.0	0.0	0.0	22.0	0.0	206.0	0.0	0.0	0.0	0.0	0.0	0.0	0.0	0.0	0.0	0.0	0.0	0.0	0.0	0.0	0.0	0.0	0.0	0.0	1.0	0.0	0.0	0.0	6.0	0.0
o104	22.0	18.0	3.0	272.0	210.0	245.0	258.0	203.0	208.0	36.0	90.0	21.0	96.0	40.0	89.0	90.0	206.0	242.0	291.0	236.0	296.0	254.0	99.0	65.0	89.0	0.0	3.0	86.0	257.0	294.0	291.0	299.0	268.0	289.0	45.0	59.0	93.0
o105	95.0	15.0	13.0	72.0	282.0	248.0	200.0	244.0	253.0	83.0	20.0	3.0	67.0	44.0	76.0	93.0	236.0	287.0	235.0	251.0	277.0	243.0	70.0	3.0	15.0	33.0	1.0	34.0	244.0	226.0	242.0	209.0	248.0	230.0	91.0	11.0	12.0
o106	0.0	0.0	39.0	256.0	0.0	0.0	0.0	0.0	0.0	0.0	0.0	20.0	0.0	0.0	0.0	0.0	202.0	226.0	288.0	0.0	0.0	285.0	0.0	0.0	0.0	0.0	0.0	0.0	251.0	289.0	299.0	271.0	0.0	0.0	23.0	0.0	83.0
o107	242.0	5.0	77.0	205.0	3.0	56.0	274.0	25.0	78.0	279.0	298.0	56.0	244.0	269.0	32.0	201.0	285.0	44.0	200.0	235.0	86.0	259.0	235.0	49.0	4.0	254.0	21.0	27.0	234.0	24.0	21.0	273.0	8.0	30.0	240.0	29.0	30.0
o108	200.0	254.0	45.0	287.0	248.0	200.0	214.0	31.0	98.0	239.0	238.0	39.0	30.0	254.0	53.0	297.0	290.0	28.0	270.0	42.0	202.0	34.0	247.0	80.0	285.0	24.0	247.0	10.0	225.0	228.0	5.0	260.0	46.0	241.0	67.0	3.0	22.0
o109	0.0	0.0	0.0	0.0	7.0	42.0	0.0	0.0	55.0	0.0	0.0	0.0	0.0	0.0	0.0	0.0	0.0	0.0	294.0	0.0	0.0	0.0	0.0	54.0	0.0	0.0	52.0	16.0	0.0	0.0	73.0	0.0	0.0	0.0	223.0	53.0	0.0
o110	205.0	279.0	76.0	67.0	223.0	74.0	1.0	249.0	55.0	94.0	230.0	10.0	97.0	254.0	86.0	34.0	235.0	257.0	0.0	219.0	227.0	3.0	200.0	227.0	75.0	269.0	208.0	67.0	236.0	222.0	78.0	36.0	227.0	28.0	18.0	286.0	65.0
o111	216.0	236.0	36.0	209.0	19.0	235.0	46.0	69.0	212.0	5.0	94.0	210.0	51.0	92.0	294.0	0.0	207.0	11.0	58.0	272.0	15.0	257.0	7.0	258.0	87.0	255.0	254.0	67.0	298.0	85.0	33.0	217.0	10.0	233.0	7.0	51.0	42.0
o112	0.0	0.0	0.0	0.0	278.0	0.0	0.0	0.0	0.0	0.0	273.0	0.0	0.0	0.0	17.0	0.0	0.0	0.0	0.0	0.0	0.0	0.0	244.0	0.0	0.0	0.0	0.0	0.0	0.0	266.0	64.0	15.0	0.0	71.0	0.0	0.0	66.0
o113	200.0	14.0	282.0	29.0	63.0	274.0	68.0	44.0	220.0	75.0	219.0	240.0	30.0	272.0	246.0	34.0	288.0	58.0	8.0	291.0	54.0	86.0	233.0	55.0	296.0	219.0	11.0	206.0	292.0	81.0	227.0	43.0	54.0	273.0	42.0	44.0	284.0
o114	98.0	274.0	264.0	231.0	92.0	77.0	95.0	37.0	97.0	57.0	221.0	70.0	24.0	32.0	71.0	17.0	24.0	88.0	81.0	54.0	37.0	31.0	79.0	35.0	63.0	16.0	259.0	85.0	61.0	0.0	0.0	281.0	16.0	205.0	262.0	264.0	250.0
o115	235.0	87.0	0.0	0.0	82.0	0.0	50.0	0.0	0.0	0.0	233.0	0.0	0.0	0.0	0.0	0.0	287.0	0.0	0.0	0.0	0.0	12.0	240.0	0.0	0.0	0.0	0.0	0.0	0.0	17.0	227.0	0.0	0.0	261.0	0.0	28.0	226.0
o116	28.0	249.0	94.0	290.0	239.0	58.0	242.0	273.0	58.0	270.0	49.0	20.0	254.0	36.0	67.0	236.0	11.0	201.0	273.0	31.0	218.0	272.0	44.0	211.0	3.0	70.0	203.0	11.0	88.0	282.0	66.0	278.0	274.0	81.0	263.0	241.0	33.0
o117	18.0	83.0	200.0	17.0	22.0	68.0	94.0	77.0	93.0	77.0	22.0	97.0	24.0	14.0	76.0	83.0	56.0	66.0	96.0	270.0	259.0	270.0	7.0	247.0	29.0	15.0	52.0	53.0	242.0	254.0	9.0	27.0	274.0	77.0	28.0	44.0	230.0
o118	38.0	0.0	24.0	0.0	206.0	0.0	0.0	0.0	0.0	0.0	0.0	2.0	236.0	0.0	20.0	0.0	0.0	0.0	0.0	0.0	0.0	299.0	0.0	0.0	0.0	0.0	211.0	0.0	0.0	0.0	0.0	0.0	262.0	0.0	0.0	0.0	16.0
o119	286.0	231.0	278.0	280.0	205.0	220.0	225.0	296.0	285.0	211.0	200.0	299.0	229.0	276.0	296.0	276.0	289.0	241.0	285.0	2.0	78.0	39.0	96.0	76.0	25.0	70.0	14.0	76.0	16.0	0.0	16.0	88.0	41.0	1.0	99.0	90.0	25.0
o120	213.0	251.0	291.0	213.0	281.0	234.0	270.0	254.0	289.0	222.0	267.0	286.0	233.0	217.0	277.0	291.0	230.0	278.0	275.0	50.0	43.0	85.0	61.0	45.0	51.0	69.0	87.0	91.0	17.0	77.0	35.0	13.0	45.0	58.0	29.0	26.0	97.0
o121	0.0	230.0	0.0	0.0	206.0	0.0	0.0	0.0	0.0	241.0	277.0	0.0	0.0	0.0	0.0	0.0	263.0	0.0	0.0	0.0	39.0	0.0	0.0	0.0	89.0	0.0	0.0	0.0	0.0	0.0	3.0	31.0	0.0	0.0	0.0	0.0	0.0
o122	269.0	288.0	221.0	279.0	297.0	245.0	205.0	299.0	265.0	241.0	261.0	261.0	245.0	274.0	260.0	254.0	243.0	230.0	216.0	27.0	61.0	36.0	82.0	47.0	92.0	11.0	7.0	74.0	40.0	60.0	88.0	82.0	57.0	47.0	31.0	35.0	5.0
o123	223.0	229.0	284.0	245.0	244.0	207.0	217.0	289.0	288.0	243.0	249.0	291.0	298.0	223.0	264.0	267.0	291.0	257.0	276.0	90.0	13.0	92.0	5.0	25.0	43.0	24.0	33.0	69.0	17.0	12.0	8.0	58.0	47.0	15.0	78.0	29.0	48.0
o124	217.0	0.0	0.0	208.0	0.0	0.0	0.0	0.0	232.0	263.0	274.0	0.0	0.0	239.0	0.0	215.0	0.0	0.0	0.0	0.0	41.0	0.0	0.0	0.0	0.0	0.0	0.0	0.0	48.0	0.0	0.0	0.0	0.0	0.0	31.0	0.0	0.0
o125	298.0	250.0	218.0	224.0	249.0	248.0	273.0	272.0	236.0	26.0	60.0	68.0	4.0	0.0	58.0	31.0	50.0	20.0	80.0	291.0	284.0	254.0	277.0	230.0	200.0	211.0	224.0	288.0	57.0	11.0	26.0	51.0	32.0	40.0	88.0	57.0	62.0
o126	275.0	243.0	225.0	251.0	216.0	266.0	228.0	235.0	207.0	16.0	70.0	27.0	95.0	48.0	84.0	91.0	90.0	13.0	96.0	296.0	289.0	283.0	225.0	245.0	275.0	281.0	248.0	293.0	79.0	39.0	49.0	89.0	19.0	15.0	58.0	81.0	98.0
o127	0.0	208.0	0.0	0.0	0.0	0.0	0.0	0.0	0.0	0.0	26.0	0.0	0.0	0.0	0.0	0.0	90.0	0.0	0.0	0.0	0.0	0.0	203.0	210.0	288.0	0.0	0.0	0.0	0.0	0.0	15.0	0.0	0.0	0.0	0.0	30.0	0.0
o128	261.0	236.0	294.0	201.0	259.0	284.0	249.0	242.0	297.0	12.0	21.0	61.0	99.0	31.0	87.0	95.0	37.0	23.0	24.0	217.0	283.0	243.0	283.0	204.0	234.0	286.0	232.0	266.0	81.0	89.0	36.0	87.0	30.0	88.0	35.0	81.0	15.0
o129	201.0	224.0	218.0	255.0	255.0	251.0	277.0	287.0	227.0	298.0	63.0	76.0	44.0	47.0	93.0	26.0	60.0	11.0	89.0	214.0	298.0	298.0	204.0	274.0	277.0	292.0	245.0	285.0	68.0	75.0	31.0	36.0	30.0	65.0	24.0	55.0	47.0
o130	252.0	202.0	227.0	268.0	277.0	290.0	266.0	283.0	246.0	209.0	250.0	218.0	230.0	235.0	235.0	212.0	289.0	290.0	213.0	230.0	229.0	290.0	281.0	228.0	258.0	218.0	272.0	251.0	260.0	201.0	236.0	243.0	173.0	169.0	190.0	172.0	190.0
o131	248.0	221.0	254.0	242.0	279.0	245.0	223.0	246.0	228.0	287.0	242.0	213.0	255.0	286.0	288.0	255.0	298.0	259.0	257.0	293.0	244.0	230.0	261.0	197.0	226.0	284.0	234.0	222.0	174.0	253.0	173.0	245.0	143.0	171.0	172.0	142.0	149.0
o132	214.0	0.0	0.0	0.0	0.0	0.0	0.0	284.0	222.0	0.0	0.0	0.0	0.0	298.0	0.0	0.0	0.0	0.0	258.0	0.0	0.0	247.0	0.0	0.0	0.0	0.0	0.0	0.0	231.0	0.0	233.0	226.0	0.0	0.0	134.0	0.0	0.0
o133	225.0	260.0	273.0	213.0	207.0	286.0	263.0	298.0	215.0	220.0	244.0	296.0	244.0	213.0	222.0	299.0	231.0	293.0	257.0	225.0	241.0	183.0	261.0	207.0	220.0	203.0	247.0	231.0	200.0	170.0	127.0	196.0	115.0	113.0	127.0	134.0	129.0
o134	295.0	294.0	235.0	226.0	230.0	208.0	200.0	291.0	233.0	229.0	200.0	213.0	295.0	220.0	271.0	210.0	271.0	216.0	210.0	247.0	269.0	213.0	202.0	266.0	214.0	181.0	234.0	233.0	216.0	205.0	186.0	211.0	172.0	191.0	170.0	133.0	161.0
o135	0.0	0.0	0.0	0.0	0.0	0.0	257.0	212.0	0.0	221.0	0.0	229.0	276.0	0.0	0.0	0.0	0.0	0.0	0.0	196.0	0.0	279.0	0.0	0.0	242.0	0.0	243.0	0.0	0.0	0.0	0.0	0.0	0.0	0.0	0.0	0.0	0.0
o136	264.0	240.0	214.0	244.0	207.0	273.0	261.0	223.0	265.0	266.0	205.0	283.0	279.0	242.0	276.0	275.0	267.0	243.0	214.0	231.0	222.0	241.0	267.0	267.0	175.0	228.0	171.0	171.0	94.0	151.0	113.0	75.0	108.0	80.0	33.0	37.0	72.0
o137	288.0	245.0	228.0	231.0	292.0	280.0	264.0	254.0	202.0	228.0	289.0	228.0	293.0	203.0	296.0	276.0	203.0	269.0	222.0	288.0	249.0	221.0	191.0	185.0	168.0	167.0	224.0	130.0	200.0	172.0	67.0	129.0	127.0	35.0	54.0	54.0	4.0
o138	0.0	0.0	0.0	0.0	0.0	0.0	284.0	0.0	237.0	0.0	240.0	0.0	284.0	0.0	273.0	0.0	0.0	0.0	0.0	0.0	215.0	0.0	0.0	0.0	0.0	0.0	0.0	0.0	0.0	0.0	137.0	0.0	0.0	0.0	0.0	0.0	0.0
o139	253.0	206.0	203.0	294.0	243.0	217.0	295.0	255.0	299.0	212.0	229.0	221.0	244.0	238.0	9.0	29.0	86.0	82.0	61.0	198.0	194.0	226.0	214.0	160.0	98.0	163.0	84.0	38.0	80.0	103.0	21.0	46.0	78.0	83.0	73.0	44.0	76.0
o140	287.0	210.0	213.0	216.0	224.0	250.0	205.0	281.0	220.0	273.0	269.0	238.0	272.0	278.0	36.0	30.0	71.0	86.0	90.0	159.0	173.0	201.0	152.0	146.0	104.0	99.0	147.0	98.0	70.0	33.0	104.0	15.0	80.0	51.0	72.0	47.0	112.0
o141	0.0	0.0	0.0	0.0	0.0	249.0	0.0	217.0	0.0	0.0	0.0	0.0	0.0	0.0	53.0	0.0	48.0	2.0	0.0	0.0	0.0	0.0	0.0	119.0	0.0	0.0	53.0	0.0	0.0	0.0	0.0	0.0	13.0	69.0	0.0	0.0	60.0
o142	247.0	246.0	209.0	251.0	297.0	211.0	270.0	219.0	282.0	295.0	7.0	35.0	83.0	8.0	22.0	53.0	32.0	94.0	95.0	276.0	227.0	190.0	147.0	179.0	151.0	112.0	95.0	5.0	99.0	90.0	41.0	131.0	123.0	212.0	258.0	242.0	280.0
o143	268.0	231.0	217.0	220.0	232.0	296.0	205.0	239.0	254.0	214.0	69.0	38.0	80.0	29.0	81.0	30.0	49.0	73.0	56.0	203.0	269.0	170.0	221.0	171.0	77.0	67.0	63.0	40.0	11.0	111.0	80.0	81.0	197.0	160.0	172.0	201.0	224.0
o144	214.0	229.0	0.0	0.0	0.0	0.0	0.0	0.0	0.0	296.0	0.0	28.0	0.0	29.0	8.0	0.0	0.0	90.0	0.0	0.0	207.0	166.0	0.0	0.0	0.0	0.0	0.0	0.0	56.0	0.0	0.0	0.0	0.0	195.0	0.0	0.0	216.0
o145	213.0	248.0	262.0	202.0	275.0	23.0	37.0	70.0	47.0	93.0	40.0	89.0	63.0	87.0	291.0	214.0	278.0	242.0	277.0	146.0	91.0	63.0	8.0	10.0	19.0	110.0	87.0	138.0	212.0	175.0	252.0	233.0	263.0	230.0	187.0	211.0	159.0
o146	253.0	299.0	249.0	206.0	273.0	283.0	96.0	7.0	69.0	15.0	72.0	11.0	36.0	81.0	83.0	206.0	256.0	209.0	207.0	107.0	112.0	103.0	53.0	31.0	13.0	29.0	105.0	67.0	195.0	144.0	212.0	276.0	241.0	288.0	206.0	177.0	173.0
o147	0.0	0.0	205.0	0.0	0.0	0.0	0.0	0.0	0.0	3.0	0.0	54.0	92.0	0.0	224.0	0.0	0.0	0.0	0.0	0.0	0.0	0.0	0.0	0.0	0.0	0.0	68.0	0.0	0.0	0.0	0.0	0.0	0.0	242.0	187.0	220.0	0.0
o148	246.0	200.0	284.0	232.0	297.0	267.0	267.0	282.0	92.0	63.0	24.0	47.0	98.0	68.0	76.0	228.0	206.0	221.0	214.0	256.0	195.0	202.0	131.0	107.0	88.0	44.0	87.0	98.0	63.0	143.0	138.0	238.0	262.0	266.0	265.0	205.0	182.0
o149	265.0	284.0	292.0	267.0	283.0	267.0	230.0	17.0	9.0	51.0	2.0	7.0	73.0	22.0	9.0	249.0	206.0	236.0	229.0	206.0	222.0	222.0	102.0	95.0	99.0	25.0	34.0	65.0	85.0	137.0	159.0	269.0	230.0	226.0	197.0	234.0	184.0
o150	242.0	0.0	0.0	0.0	0.0	0.0	0.0	0.0	0.0	0.0	0.0	50.0	0.0	0.0	0.0	0.0	0.0	282.0	0.0	0.0	0.0	0.0	0.0	120.0	0.0	0.0	0.0	0.0	0.0	167.0	0.0	194.0	0.0	0.0	220.0	0.0	0.0
o151	200.0	285.0	292.0	29.0	32.0	26.0	75.0	25.0	90.0	33.0	274.0	264.0	207.0	205.0	237.0	210.0	266.0	213.0	8.0	105.0	94.0	8.0	69.0	108.0	112.0	203.0	179.0	244.0	229.0	243.0	190.0	185.0	113.0	134.0	123.0	61.0	39.0
o152	259.0	277.0	213.0	16.0	23.0	71.0	11.0	31.0	77.0	23.0	68.0	210.0	249.0	261.0	272.0	215.0	228.0	209.0	45.0	118.0	46.0	46.0	17.0	112.0	78.0	106.0	119.0	170.0	266.0	275.0	188.0	217.0	137.0	79.0	47.0	14.0	20.0
o153	0.0	0.0	266.0	0.0	0.0	0.0	0.0	0.0	0.0	0.0	0.0	0.0	293.0	261.0	0.0	261.0	0.0	230.0	0.0	109.0	60.0	0.0	38.0	71.0	0.0	137.0	0.0	0.0	0.0	0.0	0.0	0.0	0.0	0.0	0.0	55.0	0.0
o154	205.0	230.0	255.0	245.0	202.0	269.0	4.0	50.0	76.0	95.0	7.0	20.0	282.0	241.0	252.0	209.0	266.0	221.0	232.0	273.0	243.0	181.0	175.0	100.0	86.0	47.0	73.0	95.0	151.0	256.0	266.0	290.0	199.0	198.0	145.0	109.0	102.0
o155	245.0	278.0	203.0	286.0	257.0	206.0	81.0	95.0	41.0	17.0	90.0	91.0	70.0	225.0	289.0	210.0	238.0	230.0	238.0	243.0	208.0	176.0	105.0	88.0	44.0	14.0	105.0	156.0	174.0	246.0	240.0	254.0	191.0	208.0	111.0	61.0	70.0
o156	0.0	0.0	0.0	0.0	237.0	0.0	0.0	0.0	87.0	37.0	8.0	0.0	0.0	255.0	254.0	0.0	0.0	0.0	0.0	0.0	0.0	0.0	0.0	0.0	0.0	0.0	0.0	0.0	0.0	0.0	0.0	0.0	243.0	0.0	0.0	100.0	81.0
o157	241.0	298.0	68.0	57.0	77.0	78.0	3.0	87.0	276.0	262.0	208.0	250.0	265.0	297.0	79.0	5.0	12.0	37.0	68.0	52.0	49.0	19.0	97.0	194.0	171.0	210.0	272.0	240.0	172.0	113.0	118.0	78.0	18.0	76.0	129.0	137.0	230.0
o158	279.0	268.0	62.0	65.0	34.0	68.0	76.0	22.0	242.0	215.0	292.0	242.0	277.0	222.0	276.0	44.0	72.0	91.0	84.0	70.0	100.0	113.0	80.0	104.0	145.0	243.0	273.0	268.0	269.0	130.0	125.0	47.0	57.0	40.0	34.0	149.0	201.0
o159	0.0	0.0	0.0	0.0	26.0	19.0	0.0	42.0	0.0	0.0	0.0	263.0	0.0	0.0	0.0	0.0	0.0	0.0	0.0	26.0	0.0	88.0	0.0	0.0	0.0	0.0	234.0	227.0	0.0	193.0	0.0	89.0	0.0	0.0	0.0	0.0	0.0
o160	297.0	213.0	236.0	238.0	211.0	47.0	98.0	4.0	78.0	68.0	289.0	273.0	274.0	293.0	24.0	57.0	65.0	85.0	6.0	229.0	166.0	168.0	74.0	50.0	89.0	120.0	163.0	247.0	233.0	222.0	142.0	49.0	15.0	72.0	109.0	217.0	190.0
o161	200.0	260.0	208.0	223.0	221.0	77.0	29.0	7.0	71.0	69.0	297.0	233.0	294.0	232.0	257.0	16.0	2.0	72.0	9.0	241.0	259.0	159.0	96.0	80.0	12.0	70.0	163.0	255.0	255.0	248.0	192.0	66.0	37.0	50.0	99.0	157.0	237.0
o162	238.0	0.0	0.0	270.0	0.0	0.0	92.0	0.0	21.0	0.0	0.0	221.0	0.0	0.0	98.0	0.0	0.0	0.0	0.0	0.0	0.0	176.0	54.0	0.0	45.0	0.0	0.0	0.0	0.0	0.0	0.0	0.0	0.0	0.0	0.0	0.0	0.0
o163	61.0	28.0	85.0	10.0	55.0	202.0	250.0	241.0	274.0	282.0	46.0	38.0	70.0	16.0	211.0	235.0	272.0	210.0	203.0	57.0	89.0	177.0	208.0	205.0	230.0	214.0	59.0	10.0	36.0	73.0	195.0	221.0	261.0	195.0	161.0	69.0	69.0
o164	44.0	18.0	99.0	57.0	29.0	212.0	299.0	263.0	210.0	97.0	92.0	29.0	60.0	95.0	202.0	200.0	260.0	290.0	289.0	46.0	70.0	178.0	197.0	269.0	234.0	141.0	89.0	60.0	7.0	73.0	125.0	220.0	296.0	221.0	125.0	121.0	92.0
o165	77.0	0.0	0.0	13.0	0.0	0.0	0.0	0.0	0.0	0.0	0.0	5.0	0.0	0.0	0.0	261.0	0.0	239.0	0.0	106.0	78.0	0.0	257.0	0.0	0.0	0.0	0.0	51.0	18.0	0.0	208.0	219.0	0.0	0.0	0.0	0.0	0.0
o166	241.0	295.0	235.0	43.0	73.0	67.0	217.0	292.0	257.0	231.0	24.0	76.0	226.0	235.0	287.0	218.0	99.0	60.0	55.0	282.0	178.0	75.0	72.0	143.0	269.0	248.0	175.0	18.0	64.0	125.0	209.0	284.0	137.0	106.0	104.0	106.0	196.0
o167	201.0	241.0	241.0	1.0	53.0	36.0	259.0	227.0	206.0	291.0	84.0	95.0	63.0	276.0	255.0	28.0	68.0	17.0	5.0	207.0	120.0	45.0	50.0	136.0	198.0	185.0	70.0	39.0	90.0	204.0	232.0	196.0	137.0	81.0	41.0	52.0	211.0
o168	0.0	0.0	0.0	70.0	11.0	0.0	0.0	0.0	0.0	0.0	0.0	33.0	0.0	0.0	0.0	260.0	0.0	0.0	0.0	0.0	151.0	49.0	29.0	0.0	0.0	0.0	0.0	0.0	0.0	149.0	0.0	0.0	0.0	0.0	0.0	0.0	242.0
o169	2.0	78.0	285.0	294.0	251.0	22.0	24.0	82.0	222.0	216.0	268.0	77.0	38.0	85.0	235.0	212.0	292.0	56.0	29.0	160.0	276.0	150.0	66.0	31.0	98.0	154.0	239.0	155.0	121.0	29.0	57.0	147.0	219.0	252.0	137.0	78.0	96.0
o170	87.0	17.0	264.0	200.0	239.0	40.0	15.0	34.0	225.0	206.0	272.0	19.0	59.0	27.0	255.0	239.0	297.0	8.0	39.0	181.0	242.0	229.0	180.0	47.0	22.0	123.0	222.0	231.0	199.0	31.0	102.0	190.0	282.0	256.0	200.0	122.0	4.0
o171	0.0	0.0	213.0	0.0	0.0	54.0	0.0	0.0	0.0	0.0	0.0	0.0	0.0	0.0	251.0	0.0	0.0	0.0	0.0	222.0	0.0	0.0	0.0	0.0	0.0	214.0	0.0	0.0	0.0	25.0	0.0	0.0	215.0	207.0	0.0	0.0	0.0
o172	259.0	12.0	88.0	246.0	85.0	216.0	218.0	82.0	230.0	212.0	77.0	252.0	1.0	10.0	208.0	98.0	23.0	278.0	3.0	168.0	117.0	95.0	148.0	86.0	26.0	213.0	40.0	202.0	243.0	88.0	260.0	188.0	98.0	253.0	10.0	116.0	294.0
o173	282.0	293.0	205.0	213.0	58.0	256.0	254.0	250.0	246.0	99.0	89.0	209.0	34.0	25.0	62.0	84.0	56.0	35.0	65.0	35.0	163.0	140.0	290.0	11.0	260.0	55.0	258.0	101.0	62.0	76.0	87.0	254.0	210.0	216.0	174.0	121.0	178.0
o174	0.0	0.0	0.0	0.0	0.0	0.0	208.0	36.0	287.0	0.0	0.0	249.0	0.0	0.0	0.0	41.0	23.0	0.0	0.0	0.0	0.0	0.0	0.0	0.0	0.0	0.0	79.0	237.0	0.0	0.0	0.0	0.0	0.0	267.0	0.0	0.0	0.0
o175	250.0	81.0	220.0	56.0	73.0	275.0	40.0	43.0	237.0	34.0	278.0	292.0	33.0	253.0	208.0	77.0	254.0	65.0	64.0	296.0	96.0	200.0	288.0	77.0	226.0	79.0	61.0	238.0	83.0	105.0	235.0	45.0	199.0	224.0	128.0	276.0	133.0
o176	295.0	234.0	206.0	277.0	27.0	30.0	36.0	268.0	70.0	90.0	85.0	225.0	230.0	244.0	42.0	11.0	72.0	11.0	1.0	197.0	151.0	55.0	136.0	176.0	117.0	80.0	80.0	199.0	212.0	250.0	255.0	240.0	290.0	206.0	270.0	228.0	203.0
o177	0.0	48.0	0.0	28.0	0.0	0.0	55.0	62.0	241.0	0.0	232.0	0.0	58.0	0.0	0.0	0.0	0.0	0.0	0.0	254.0	0.0	0.0	222.0	0.0	244.0	81.0	0.0	0.0	32.0	0.0	0.0	104.0	234.0	0.0	0.0	0.0	111.0
o178	206.0	208.0	10.0	74.0	213.0	225.0	99.0	253.0	201.0	97.0	5.0	250.0	247.0	74.0	271.0	252.0	89.0	22.0	291.0	67.0	96.0	220.0	92.0	84.0	166.0	161.0	87.0	145.0	100.0	198.0	164.0	108.0	101.0	233.0	249.0	38.0	201.0
o179	286.0	246.0	265.0	256.0	3.0	242.0	211.0	97.0	276.0	1.0	72.0	67.0	19.0	214.0	206.0	10.0	66.0	216.0	212.0	97.0	272.0	62.0	19.0	203.0	226.0	241.0	215.0	165.0	134.0	209.0	205.0	106.0	210.0	34.0	253.0	31.0	273.0
o180	0.0	0.0	0.0	98.0	286.0	215.0	51.0	0.0	0.0	0.0	0.0	0.0	0.0	83.0	0.0	0.0	0.0	0.0	0.0	93.0	0.0	196.0	0.0	0.0	0.0	205.0	0.0	94.0	0.0	196.0	0.0	0.0	0.0	0.0	0.0	0.0	0.0
o181	77.0	63.0	241.0	271.0	62.0	86.0	210.0	48.0	47.0	232.0	202.0	20.0	86.0	270.0	44.0	97.0	253.0	234.0	73.0	228.0	295.0	13.0	250.0	179.0	100.0	151.0	168.0	198.0	161.0	112.0	106.0	163.0	216.0	45.0	78.0	252.0	60.0
o182	45.0	34.0	0.0	58.0	19.0	248.0	68.0	58.0	5.0	8.0	233.0	295.0	3.0	74.0	275.0	97.0	289.0	230.0	84.0	75.0	83.0	277.0	263.0	267.0	253.0	198.0	146.0	136.0	110.0	132.0	209.0	196.0	110.0	59.0	81.0	8.0	16.0
o183	0.0	0.0	0.0	0.0	0.0	78.0	0.0	0.0	29.0	226.0	293.0	0.0	0.0	0.0	0.0	0.0	0.0	262.0	22.0	0.0	0.0	0.0	0.0	224.0	66.0	156.0	222.0	137.0	191.0	129.0	0.0	0.0	194.0	0.0	43.0	219.0	0.0
o184	276.0	221.0	292.0	211.0	224.0	204.0	260.0	264.0	294.0	297.0	17.0	81.0	51.0	7.0	56.0	83.0	4.0	49.0	32.0	217.0	201.0	249.0	166.0	106.0	82.0	100.0	98.0	53.0	70.0	38.0	37.0	130.0	158.0	178.0	209.0	207.0	246.0
o185	296.0	283.0	202.0	232.0	286.0	266.0	281.0	228.0	207.0	24.0	30.0	99.0	14.0	33.0	75.0	74.0	26.0	46.0	63.0	225.0	281.0	191.0	219.0	173.0	114.0	65.0	58.0	16.0	14.0	76.0	86.0	168.0	191.0	196.0	233.0	197.0	267.0
o186	0.0	0.0	0.0	0.0	0.0	229.0	272.0	0.0	0.0	254.0	0.0	0.0	0.0	0.0	0.0	94.0	0.0	0.0	0.0	0.0	0.0	0.0	154.0	0.0	0.0	0.0	0.0	0.0	0.0	87.0	0.0	0.0	0.0	0.0	0.0	0.0	0.0
o187	212.0	238.0	269.0	295.0	208.0	219.0	204.0	275.0	235.0	238.0	12.0	82.0	71.0	64.0	20.0	86.0	80.0	44.0	9.0	248.0	246.0	245.0	172.0	104.0	78.0	89.0	33.0	47.0	16.0	39.0	95.0	159.0	157.0	143.0	185.0	269.0	231.0
o188	232.0	263.0	234.0	263.0	279.0	265.0	277.0	297.0	275.0	275.0	10.0	65.0	6.0	40.0	27.0	15.0	17.0	42.0	56.0	207.0	255.0	188.0	136.0	163.0	122.0	110.0	79.0	3.0	49.0	55.0	102.0	145.0	186.0	149.0	221.0	233.0	249.0
o189	0.0	0.0	0.0	0.0	0.0	0.0	0.0	210.0	0.0	0.0	0.0	74.0	19.0	0.0	16.0	28.0	0.0	0.0	0.0	0.0	0.0	0.0	0.0	0.0	105.0	40.0	33.0	0.0	0.0	0.0	0.0	159.0	0.0	159.0	0.0	0.0	0.0
o190	201.0	227.0	276.0	280.0	294.0	4.0	4.0	40.0	47.0	48.0	234.0	208.0	217.0	208.0	39.0	57.0	82.0	8.0	51.0	270.0	152.0	124.0	89.0	51.0	69.0	139.0	168.0	211.0	234.0	166.0	96.0	121.0	97.0	115.0	162.0	199.0	283.0
o191	275.0	270.0	280.0	247.0	35.0	1.0	67.0	90.0	48.0	295.0	209.0	210.0	210.0	233.0	15.0	4.0	62.0	91.0	8.0	244.0	252.0	122.0	74.0	27.0	36.0	129.0	191.0	254.0	198.0	252.0	165.0	100.0	58.0	17.0	70.0	130.0	265.0
o192	211.0	0.0	0.0	251.0	0.0	72.0	23.0	84.0	0.0	0.0	0.0	0.0	0.0	266.0	0.0	76.0	0.0	15.0	57.0	0.0	0.0	0.0	0.0	0.0	0.0	0.0	0.0	0.0	196.0	0.0	164.0	0.0	3.0	0.0	0.0	222.0	0.0
o193	273.0	201.0	287.0	204.0	291.0	9.0	20.0	5.0	95.0	62.0	287.0	210.0	237.0	208.0	93.0	76.0	99.0	12.0	46.0	272.0	208.0	91.0	58.0	2.0	71.0	115.0	234.0	226.0	247.0	183.0	120.0	123.0	96.0	115.0	144.0	216.0	274.0
o194	277.0	280.0	281.0	200.0	59.0	40.0	65.0	43.0	48.0	207.0	227.0	212.0	256.0	286.0	67.0	85.0	62.0	54.0	75.0	205.0	208.0	161.0	127.0	44.0	44.0	91.0	128.0	245.0	293.0	202.0	139.0	164.0	52.0	16.0	82.0	144.0	215.0
o195	31.0	33.0	35.0	29.0	31.0	36.0	36.0	37.0	34.0	36.0	34.0	37.0	44.0	36.0	42.0	41.0	46.0	44.0	40.0	44.0	47.0	49.0	44.0	46.0	49.0	54.0	55.0	53.0	51.0	59.0	56.0	59.0	60.0	57.0	59.0	67.0	62.0
o196	29.0	31.0	27.0	29.0	33.0	35.0	37.0	30.0	31.0	32.0	33.0	38.0	33.0	43.0	44.0	41.0	38.0	45.0	47.0	41.0	42.0	50.0	47.0	47.0	52.0	58.0	54.0	58.0	58.0	58.0	59.0	59.0	61.0	59.0	65.0	61.0	64.0
o197	0.0	26.0	0.0	0.0	0.0	0.0	0.0	0.0	0.0	0.0	0.0	0.0	39.0	0.0	0.0	0.0	0.0	0.0	0.0	50.0	0.0	0.0	0.0	54.0	0.0	0.0	55.0	0.0	0.0	52.0	0.0	57.0	58.0	61.0	0.0	58.0	59.0
o198	41.0	37.0	40.0	37.0	41.0	36.0	39.0	42.0	44.0	49.0	45.0	47.0	50.0	54.0	48.0	48.0	47.0	53.0	51.0	59.0	58.0	62.0	55.0	59.0	65.0	65.0	67.0	66.0	62.0	67.0	66.0	67.0	66.0	70.0	74.0	69.0	70.0
o199	38.0	37.0	34.0	36.0	43.0	36.0	38.0	38.0	45.0	41.0	43.0	50.0	50.0	50.0	49.0	53.0	51.0	56.0	51.0	54.0	60.0	56.0	56.0	53.0	54.0	57.0	66.0	59.0	68.0	66.0	69.0	67.0	70.0	73.0	75.0	72.0	74.0
o200	35.0	35.0	0.0	35.0	0.0	41.0	0.0	42.0	0.0	0.0	0.0	0.0	0.0	0.0	47.0	0.0	0.0	58.0	0.0	0.0	0.0	0.0	0.0	55.0	0.0	0.0	0.0	0.0	0.0	65.0	0.0	0.0	0.0	74.0	0.0	0.0	0.0
o201	29.0	34.0	32.0	30.0	40.0	37.0	35.0	43.0	47.0	45.0	44.0	53.0	51.0	51.0	54.0	57.0	59.0	65.0	60.0	64.0	67.0	69.0	77.0	75.0	75.0	74.0	81.0	81.0	82.0	81.0	87.0	92.0	85.0	89.0	90.0	94.0	89.0
o202	27.0	30.0	33.0	35.0	34.0	39.0	35.0	38.0	41.0	49.0	45.0	50.0	44.0	49.0	58.0	54.0	61.0	59.0	59.0	61.0	66.0	66.0	73.0	74.0	76.0	78.0	80.0	83.0	78.0	87.0	82.0	89.0	85.0	88.0	90.0	94.0	90.0
o203	0.0	0.0	0.0	0.0	0.0	0.0	0.0	36.0	0.0	0.0	0.0	0.0	52.0	53.0	0.0	0.0	0.0	0.0	0.0	0.0	65.0	0.0	0.0	0.0	75.0	0.0	0.0	83.0	0.0	89.0	0.0	92.0	0.0	0.0	0.0	0.0	0.0
o204	48.0	48.0	54.0	49.0	58.0	54.0	55.0	58.0	61.0	68.0	69.0	66.0	69.0	72.0	76.0	78.0	80.0	78.0	83.0	81.0	90.0	85.0	86.0	93.0	88.0	95.0	92.0	93.0	93.0	99.0	99.0	99.0	103.0	99.0	98.0	98.0	98.0
o205	45.0	49.0	44.0	54.0	48.0	57.0	51.0	58.0	55.0	57.0	59.0	68.0	72.0	68.0	67.0	70.0	75.0	75.0	84.0	84.0	82.0	85.0	85.0	86.0	91.0	90.0	91.0	98.0	94.0	94.0	98.0	102.0	94.0	102.0	98.0	105.0	100.0
o206	0.0	0.0	0.0	0.0	54.0	55.0	0.0	0.0	57.0	60.0	64.0	0.0	0.0	73.0	0.0	0.0	0.0	0.0	85.0	0.0	0.0	87.0	0.0	0.0	0.0	0.0	0.0	0.0	91.0	0.0	0.0	0.0	0.0	103.0	96.0	0.0	0.0
o207	34.0	28.0	38.0	45.0	47.0	45.0	49.0	59.0	63.0	69.0	70.0	77.0	81.0	76.0	86.0	85.0	87.0	90.0	97.0	92.0	101.0	101.0	105.0	99.0	108.0	104.0	104.0	103.0	109.0	104.0	103.0	103.0	107.0	110.0	112.0	111.0	112.0
o208	28.0	38.0	39.0	42.0	48.0	52.0	62.0	59.0	70.0	72.0	70.0	82.0	85.0	90.0	89.0	88.0	88.0	99.0	95.0	92.0	103.0	101.0	103.0	102.0	100.0	103.0	107.0	108.0	106.0	109.0	108.0	104.0	111.0	106.0	107.0	108.0	106.0
o209	0.0	0.0	0.0	0.0	0.0	0.0	0.0	0.0	0.0	0.0	65.0	0.0	76.0	0.0	0.0	0.0	0.0	0.0	94.0	100.0	0.0	0.0	0.0	0.0	0.0	102.0	106.0	0.0	0.0	0.0	0.0	0.0	104.0	0.0	113.0	111.0	112.0
o210	69.0	72.0	75.0	78.0	78.0	88.0	87.0	86.0	90.0	92.0	100.0	95.0	100.0	101.0	106.0	101.0	102.0	107.0	106.0	103.0	106.0	105.0	104.0	108.0	111.0	112.0	107.0	109.0	105.0	107.0	109.0	111.0	105.0	111.0	113.0	107.0	107.0
o211	67.0	66.0	74.0	74.0	83.0	81.0	82.0	92.0	91.0	95.0	94.0	99.0	104.0	99.0	99.0	107.0	109.0	105.0	105.0	112.0	105.0	111.0	108.0	105.0	104.0	104.0	107.0	110.0	105.0	109.0	108.0	111.0	104.0	111.0	114.0	111.0	106.0
o212	0.0	0.0	77.0	73.0	0.0	0.0	0.0	86.0	0.0	0.0	0.0	0.0	104.0	0.0	106.0	0.0	110.0	0.0	0.0	0.0	0.0	104.0	0.0	0.0	0.0	0.0	109.0	0.0	0.0	0.0	0.0	0.0	0.0	0.0	0.0	106.0	0.0
o213	32.0	36.0	38.0	44.0	51.0	56.0	56.0	63.0	70.0	72.0	82.0	87.0	90.0	92.0	96.0	98.0	103.0	101.0	102.0	100.0	107.0	106.0	109.0	112.0	108.0	105.0	107.0	109.0	104.0	112.0	112.0	113.0	113.0	108.0	114.0	112.0	107.0
o214	26.0	28.0	40.0	38.0	40.0	54.0	58.0	61.0	70.0	72.0	73.0	77.0	89.0	88.0	94.0	93.0	98.0	98.0	98.0	106.0	105.0	107.0	109.0	103.0	112.0	106.0	111.0	103.0	104.0	108.0	113.0	114.0	111.0	108.0	108.0	113.0	112.0
o215	0.0	0.0	0.0	42.0	43.0	53.0	0.0	0.0	0.0	0.0	0.0	0.0	0.0	0.0	0.0	0.0	0.0	105.0	0.0	0.0	104.0	0.0	103.0	0.0	104.0	106.0	0.0	104.0	111.0	0.0	0.0	0.0	0.0	0.0	0.0	110.0	0.0
o216	77.0	76.0	87.0	83.0	89.0	94.0	93.0	98.0	101.0	100.0	103.0	106.0	109.0	111.0	104.0	111.0	106.0	105.0	110.0	110.0	109.0	106.0	111.0	109.0	111.0	105.0	114.0	114.0	106.0	108.0	111.0	111.0	113.0	112.0	109.0	106.0	109.0
o217	78.0	80.0	85.0	82.0	92.0	91.0	92.0	98.0	105.0	106.0	99.0	104.0	109.0	108.0	109.0	109.0	104.0	106.0	111.0	106.0	106.0	112.0	114.0	107.0	114.0	105.0	112.0	111.0	109.0	108.0	107.0	114.0	111.0	105.0	112.0	114.0	113.0
o218	0.0	81.0	86.0	86.0	0.0	0.0	0.0	0.0	0.0	0.0	0.0	0.0	109.0	0.0	0.0	0.0	0.0	108.0	0.0	108.0	0.0	108.0	0.0	105.0	0.0	0.0	0.0	0.0	107.0	0.0	0.0	0.0	0.0	108.0	0.0	112.0	0.0
o219	33.0	38.0	45.0	50.0	49.0	57.0	69.0	72.0	79.0	83.0	92.0	95.0	96.0	95.0	97.0	102.0	105.0	105.0	104.0	107.0	111.0	103.0	107.0	113.0	106.0	113.0	104.0	105.0	113.0	109.0	106.0	109.0	112.0	109.0	108.0	113.0	105.0
o220	27.0	32.0	33.0	38.0	53.0	54.0	61.0	70.0	72.0	88.0	90.0	96.0	100.0	100.0	101.0	106.0	103.0	104.0	104.0	107.0	105.0	111.0	111.0	104.0	108.0	107.0	111.0	113.0	113.0	105.0	107.0	114.0	111.0	110.0	111.0	112.0	105.0
o221	29.0	30.0	44.0	0.0	50.0	58.0	0.0	0.0	0.0	0.0	87.0	0.0	0.0	0.0	104.0	0.0	0.0	0.0	0.0	0.0	0.0	0.0	104.0	0.0	0.0	0.0	0.0	0.0	113.0	0.0	0.0	0.0	0.0	108.0	0.0	0.0	0.0
o222	81.0	90.0	93.0	95.0	94.0	99.0	98.0	108.0	108.0	103.0	111.0	112.0	111.0	106.0	104.0	107.0	113.0	111.0	107.0	111.0	110.0	113.0	105.0	106.0	110.0	108.0	111.0	105.0	109.0	107.0	111.0	107.0	108.0	113.0	110.0	114.0	112.0
o223	83.0	93.0	98.0	103.0	100.0	98.0	100.0	109.0	109.0	103.0	104.0	104.0	112.0	107.0	104.0	110.0	108.0	109.0	104.0	113.0	110.0	106.0	106.0	114.0	110.0	111.0	107.0	113.0	114.0	110.0	112.0	114.0	114.0	112.0	105.0	114.0	114.0
o224	87.0	89.0	0.0	0.0	0.0	0.0	0.0	104.0	0.0	105.0	0.0	103.0	0.0	112.0	0.0	104.0	0.0	105.0	0.0	0.0	111.0	0.0	0.0	105.0	0.0	0.0	109.0	0.0	108.0	0.0	0.0	0.0	0.0	0.0	0.0	0.0	0.0
o225	30.0	39.0	40.0	49.0	60.0	67.0	77.0	88.0	89.0	95.0	98.0	98.0	105.0	107.0	111.0	103.0	110.0	110.0	113.0	111.0	110.0	107.0	109.0	111.0	110.0	110.0	106.0	112.0	113.0	106.0	107.0	113.0	113.0	114.0	113.0	112.0	113.0
o226	30.0	32.0	43.0	45.0	52.0	60.0	62.0	77.0	84.0	93.0	100.0	99.0	97.0	100.0	104.0	112.0	108.0	110.0	107.0	104.0	105.0	114.0	108.0	105.0	109.0	110.0	110.0	106.0	109.0	109.0	106.0	111.0	106.0	105.0	108.0	108.0	110.0
o227	25.0	0.0	0.0	0.0	0.0	0.0	0.0	0.0	0.0	92.0	0.0	0.0	106.0	108.0	0.0	0.0	0.0	0.0	0.0	0.0	109.0	0.0	0.0	113.0	0.0	0.0	0.0	112.0	113.0	0.0	114.0	0.0	0.0	0.0	0.0	0.0	107.0
o228	94.0	96.0	104.0	103.0	105.0	105.0	106.0	111.0	112.0	107.0	105.0	105.0	110.0	113.0	105.0	107.0	106.0	113.0	114.0	111.0	114.0	107.0	111.0	111.0	114.0	112.0	111.0	112.0	108.0	110.0	105.0	111.0	113.0	114.0	113.0	107.0	107.0
o229	97.0	97.0	107.0	109.0	110.0	106.0	107.0	105.0	109.0	113.0	106.0	112.0	105.0	106.0	107.0	111.0	109.0	105.0	107.0	105.0	113.0	110.0	113.0	114.0	112.0	111.0	110.0	112.0	110.0	108.0	105.0	113.0	106.0	112.0	108.0	110.0	114.0
o230	0.0	0.0	0.0	107.0	102.0	0.0	0.0	108.0	0.0	0.0	106.0	0.0	0.0	0.0	0.0	112.0	0.0	0.0	104.0	0.0	114.0	0.0	0.0	106.0	0.0	0.0	108.0	0.0	0.0	0.0	0.0	0.0	0.0	114.0	0.0	112.0	0.0
o231	27.0	45.0	49.0	63.0	80.0	85.0	95.0	105.0	107.0	102.0	111.0	110.0	112.0	112.0	113.0	111.0	108.0	113.0	110.0	109.0	110.0	112.0	113.0	110.0	111.0	114.0	108.0	110.0	114.0	113.0	105.0	110.0	113.0	109.0	108.0	113.0	111.0
o232	30.0	44.0	52.0	69.0	80.0	85.0	90.0	92.0	106.0	101.0	106.0	110.0	106.0	104.0	107.0	110.0	113.0	109.0	106.0	113.0	112.0	112.0	111.0	108.0	114.0	106.0	112.0	109.0	106.0	108.0	108.0	112.0	109.0	109.0	105.0	110.0	105.0
o233	0.0	0.0	51.0	0.0	0.0	0.0	0.0	0.0	0.0	107.0	0.0	0.0	0.0	0.0	109.0	0.0	0.0	112.0	0.0	112.0	110.0	0.0	0.0	0.0	0.0	0.0	0.0	0.0	0.0	0.0	0.0	112.0	108.0	111.0	0.0	0.0	110.0
o234	111.0	103.0	106.0	112.0	113.0	107.0	113.0	109.0	112.0	112.0	111.0	114.0	109.0	113.0	113.0	110.0	108.0	109.0	107.0	105.0	114.0	114.0	113.0	106.0	111.0	114.0	111.0	110.0	110.0	112.0	110.0	107.0	111.0	108.0	113.0	114.0	114.0
o235	103.0	109.0	107.0	110.0	114.0	106.0	112.0	110.0	107.0	105.0	111.0	114.0	114.0	107.0	111.0	109.0	108.0	114.0	105.0	113.0	110.0	106.0	108.0	107.0	107.0	108.0	107.0	114.0	112.0	110.0	110.0	105.0	107.0	107.0	111.0	105.0	112.0
o236	0.0	109.0	0.0	111.0	0.0	111.0	111.0	0.0	110.0	106.0	0.0	0.0	0.0	113.0	0.0	0.0	0.0	0.0	106.0	0.0	0.0	0.0	0.0	0.0	0.0	0.0	0.0	113.0	0.0	0.0	0.0	0.0	113.0	0.0	0.0	0.0	0.0
o237	31.0	102.0	106.0	114.0	106.0	114.0	109.0	112.0	106.0	107.0	114.0	112.0	110.0	114.0	112.0	108.0	114.0	108.0	110.0	114.0	114.0	108.0	110.0	109.0	105.0	113.0	109.0	113.0	111.0	113.0	109.0	113.0	105.0	114.0	107.0	112.0	110.0
o238	28.0	92.0	110.0	105.0	109.0	114.0	106.0	111.0	111.0	108.0	114.0	110.0	105.0	107.0	112.0	107.0	112.0	106.0	110.0	105.0	112.0	110.0	110.0	108.0	108.0	108.0	112.0	109.0	114.0	110.0	107.0	105.0	107.0	107.0	112.0	106.0	114.0
o239	0.0	0.0	113.0	0.0	0.0	0.0	0.0	0.0	109.0	0.0	0.0	0.0	113.0	106.0	109.0	0.0	114.0	0.0	0.0	107.0	0.0	0.0	0.0	0.0	0.0	0.0	107.0	0.0	112.0	0.0	113.0	0.0	0.0	0.0	0.0	0.0	0.0
o240	110.0	107.0	105.0	105.0	105.0	109.0	111.0	112.0	110.0	111.0	110.0	112.0	110.0	105.0	114.0	112.0	107.0	113.0	110.0	113.0	107.0	108.0	108.0	111.0	111.0	107.0	106.0	105.0	106.0	107.0	105.0	108.0	112.0	114.0	114.0	114.0	114.0
o241	111.0	111.0	111.0	110.0	113.0	109.0	105.0	114.0	108.0	107.0	111.0	111.0	110.0	111.0	105.0	107.0	114.0	107.0	112.0	114.0	111.0	110.0	109.0	113.0	108.0	106.0	110.0	106.0	111.0	106.0	110.0	109.0	114.0	110.0	109.0	114.0	108.0
o242	114.0	0.0	0.0	109.0	0.0	105.0	109.0	0.0	0.0	0.0	0.0	0.0	106.0	0.0	0.0	109.0	0.0	0.0	112.0	114.0	114.0	0.0	0.0	0.0	0.0	114.0	0.0	0.0	0.0	0.0	112.0	0.0	0.0	0.0	0.0	0.0	0.0
o243	32.0	111.0	112.0	105.0	112.0	105.0	105.0	113.0	106.0	108.0	106.0	110.0	108.0	107.0	110.0	105.0	106.0	105.0	114.0	108.0	107.0	108.0	113.0	113.0	107.0	107.0	111.0	106.0	111.0	111.0	111.0	107.0	112.0	106.0	109.0	107.0	108.0
o244	32.0	109.0	108.0	114.0	108.0	108.0	110.0	110.0	110.0	108.0	114.0	109.0	111.0	105.0	111.0	110.0	107.0	105.0	112.0	114.0	113.0	109.0	107.0	112.0	111.0	114.0	107.0	112.0	105.0	111.0	110.0	113.0	107.0	113.0	111.0	111.0	109.0
o245	0.0	107.0	0.0	0.0	105.0	0.0	0.0	108.0	0.0	0.0	0.0	0.0	0.0	0.0	0.0	0.0	0.0	114.0	0.0	107.0	109.0	114.0	0.0	111.0	114.0	0.0	0.0	0.0	0.0	0.0	105.0	110.0	0.0	0.0	0.0	0.0	0.0
o246	112.0	106.0	113.0	111.0	108.0	108.0	105.0	114.0	109.0	109.0	109.0	112.0	114.0	110.0	106.0	114.0	111.0	112.0	106.0	111.0	109.0	114.0	106.0	113.0	112.0	110.0	114.0	109.0	107.0	106.0	112.0	105.0	113.0	113.0	109.0	109.0	110.0
o247	110.0	105.0	105.0	108.0	106.0	113.0	112.0	107.0	112.0	109.0	110.0	109.0	109.0	105.0	114.0	111.0	105.0	110.0	112.0	110.0	105.0	112.0	112.0	113.0	113.0	111.0	111.0	112.0	110.0	107.0	114.0	114.0	112.0	113.0	113.0	106.0	114.0
o248	113.0	0.0	112.0	0.0	0.0	0.0	107.0	0.0	0.0	0.0	107.0	0.0	0.0	0.0	0.0	0.0	109.0	109.0	0.0	0.0	0.0	0.0	0.0	0.0	111.0	0.0	0.0	0.0	114.0	0.0	0.0	0.0	0.0	107.0	0.0	0.0	113.0
o249	28.0	105.0	114.0	112.0	108.0	109.0	107.0	114.0	114.0	110.0	113.0	110.0	113.0	110.0	105.0	113.0	111.0	114.0	113.0	110.0	113.0	106.0	114.0	112.0	112.0	111.0	113.0	111.0	113.0	113.0	105.0	112.0	114.0	111.0	108.0	109.0	107.0
o250	104.0	114.0	106.0	106.0	106.0	108.0	107.0	110.0	113.0	105.0	112.0	106.0	107.0	112.0	113.0	114.0	107.0	105.0	105.0	111.0	110.0	113.0	114.0	106.0	108.0	111.0	113.0	113.0	107.0	114.0	112.0	109.0	109.0	114.0	113.0	108.0	107.0
o251	0.0	0.0	0.0	107.0	110.0	105.0	0.0	0.0	0.0	0.0	107.0	0.0	0.0	0.0	0.0	110.0	0.0	0.0	0.0	110.0	0.0	0.0	0.0	0.0	0.0	0.0	0.0	0.0	0.0	109.0	0.0	0.0	110.0	113.0	0.0	106.0	0.0
o252	109.0	109.0	111.0	113.0	111.0	109.0	110.0	105.0	108.0	110.0	112.0	112.0	105.0	106.0	114.0	109.0	107.0	107.0	109.0	109.0	107.0	109.0	107.0	107.0	105.0	110.0	113.0	108.0	110.0	112.0	109.0	112.0	108.0	114.0	111.0	109.0	109.0
o253	109.0	110.0	107.0	106.0	105.0	105.0	112.0	111.0	105.0	107.0	112.0	112.0	113.0	113.0	114.0	112.0	114.0	110.0	108.0	114.0	112.0	110.0	105.0	109.0	113.0	111.0	112.0	109.0	108.0	106.0	114.0	110.0	112.0	105.0	110.0	112.0	107.0
o254	0.0	0.0	111.0	105.0	0.0	0.0	0.0	0.0	0.0	110.0	0.0	0.0	0.0	0.0	0.0	0.0	109.0	0.0	0.0	0.0	0.0	112.0	0.0	112.0	0.0	112.0	0.0	0.0	0.0	112.0	0.0	0.0	0.0	0.0	0.0	0.0	0.0
o255	26.0	113.0	114.0	108.0	106.0	108.0	105.0	111.0	111.0	106.0	108.0	113.0	106.0	111.0	112.0	113.0	107.0	107.0	105.0	110.0	111.0	105.0	108.0	114.0	113.0	113.0	112.0	114.0	109.0	106.0	114.0	109.0	111.0	114.0	106.0	109.0	113.0
o256	29.0	105.0	111.0	110.0	105.0	107.0	108.0	107.0	111.0	113.0	112.0	105.0	113.0	113.0	112.0	112.0	107.0	107.0	111.0	108.0	111.0	111.0	110.0	107.0	114.0	106.0	111.0	114.0	112.0	112.0	107.0	111.0	109.0	106.0	110.0	109.0	111.0
o257	28.0	0.0	107.0	0.0	0.0	0.0	0.0	0.0	0.0	113.0	0.0	114.0	0.0	0.0	107.0	0.0	0.0	0.0	0.0	105.0	0.0	0.0	0.0	0.0	0.0	112.0	0.0	0.0	0.0	0.0	0.0	0.0	0.0	0.0	0.0	0.0	0.0
o258	110.0	106.0	108.0	114.0	112.0	105.0	107.0	109.0	113.0	109.0	105.0	113.0	111.0	110.0	105.0	114.0	111.0	110.0	111.0	110.0	112.0	107.0	110.0	110.0	107.0	107.0	110.0	107.0	112.0	110.0	110.0	113.0	114.0	112.0	113.0	113.0	110.0
o259	114.0	106.0	113.0	113.0	109.0	111.0	105.0	111.0	110.0	109.0	107.0	107.0	107.0	108.0	114.0	113.0	114.0	113.0	112.0	107.0	105.0	106.0	112.0	107.0	111.0	106.0	112.0	113.0	110.0	111.0	109.0	109.0	113.0	111.0	107.0	108.0	109.0
