# Constructed from biom file
#OTU ID	s0	s1	s2	s3	s4	s5	s6	s7	s8	s9	s10	s11	s12	s13	s14	s15	s16	s17	s18	s19	s20	s21	s22	s23	s24	s25	s26	s27	s28	s29	s30	s31	s32	s33	s34	s35	s36	s37	s38	s39	s40	s41	s42	s43	s44	s45	s46	s47	s48	s49
o0	149.0	170.0	202.0	125.0	145.0	216.0	209.0	133.0	165.0	172.0	217.0	216.0	175.0	196.0	176.0	181.0	204.0	212.0	173.0	234.0	191.0	256.0	225.0	202.0	182.0	269.0	259.0	231.0	199.0	197.0	250.0	184.0	261.0	275.0	199.0	282.0	255.0	195.0	219.0	271.0	246.0	295.0	206.0	243.0	271.0	262.0	295.0	208.0	211.0	279.0
o1	135.0	135.0	122.0	133.0	183.0	187.0	152.0	188.0	203.0	234.0	219.0	209.0	176.0	240.0	154.0	187.0	210.0	256.0	253.0	183.0	178.0	192.0	230.0	169.0	185.0	175.0	265.0	275.0	216.0	252.0	245.0	261.0	202.0	231.0	280.0	251.0	222.0	285.0	267.0	258.0	200.0	218.0	253.0	281.0	267.0	246.0	263.0	241.0	293.0	269.0
o2	0.0	139.0	186.0	0.0	0.0	0.0	202.0	0.0	129.0	189.0	198.0	147.0	0.0	0.0	0.0	184.0	177.0	0.0	238.0	0.0	196.0	164.0	249.0	0.0	185.0	229.0	0.0	0.0	0.0	0.0	0.0	252.0	236.0	0.0	238.0	0.0	197.0	281.0	0.0	0.0	0.0	213.0	0.0	222.0	0.0	0.0	214.0	227.0	0.0	294.0
o3	208.0	183.0	177.0	228.0	155.0	173.0	251.0	242.0	180.0	184.0	258.0	201.0	182.0	254.0	186.0	215.0	233.0	273.0	221.0	194.0	196.0	254.0	268.0	218.0	247.0	229.0	285.0	219.0	276.0	253.0	224.0	243.0	296.0	228.0	244.0	261.0	295.0	258.0	251.0	207.0	265.0	270.0	269.0	253.0	296.0	231.0	244.0	206.0	223.0	280.0
o4	182.0	175.0	213.0	151.0	212.0	178.0	237.0	252.0	192.0	207.0	185.0	240.0	237.0	210.0	249.0	255.0	212.0	259.0	254.0	277.0	197.0	272.0	254.0	218.0	251.0	270.0	276.0	216.0	233.0	263.0	289.0	211.0	213.0	282.0	218.0	205.0	290.0	268.0	257.0	291.0	281.0	295.0	220.0	255.0	196.0	289.0	287.0	231.0	242.0	251.0
o5	188.0	0.0	0.0	234.0	241.0	187.0	172.0	0.0	164.0	181.0	0.0	0.0	190.0	214.0	190.0	228.0	231.0	192.0	227.0	0.0	0.0	0.0	0.0	270.0	266.0	201.0	275.0	0.0	0.0	0.0	0.0	0.0	0.0	0.0	0.0	295.0	203.0	0.0	0.0	289.0	238.0	0.0	0.0	0.0	0.0	219.0	283.0	274.0	0.0	0.0
o6	170.0	152.0	152.0	199.0	139.0	142.0	226.0	163.0	241.0	228.0	163.0	225.0	217.0	191.0	214.0	220.0	253.0	256.0	217.0	288.0	293.0	216.0	286.0	206.0	230.0	299.0	299.0	200.0	282.0	210.0	236.0	231.0	253.0	239.0	274.0	235.0	224.0	262.0	261.0	176.0	232.0	225.0	238.0	217.0	145.0	201.0	127.0	143.0	138.0	154.0
o7	148.0	117.0	145.0	191.0	170.0	157.0	217.0	175.0	183.0	223.0	202.0	177.0	265.0	232.0	228.0	189.0	233.0	212.0	204.0	251.0	256.0	235.0	221.0	208.0	213.0	206.0	286.0	267.0	242.0	239.0	294.0	249.0	270.0	245.0	190.0	184.0	204.0	209.0	214.0	252.0	195.0	228.0	216.0	228.0	169.0	178.0	183.0	212.0	160.0	124.0
o8	0.0	0.0	168.0	0.0	139.0	159.0	190.0	0.0	0.0	0.0	0.0	0.0	0.0	0.0	208.0	0.0	0.0	196.0	0.0	242.0	0.0	292.0	228.0	261.0	212.0	0.0	256.0	0.0	0.0	0.0	199.0	0.0	258.0	233.0	0.0	213.0	0.0	229.0	199.0	0.0	226.0	160.0	0.0	151.0	0.0	0.0	131.0	116.0	174.0	179.0
o9	243.0	198.0	249.0	253.0	247.0	238.0	238.0	226.0	253.0	261.0	219.0	231.0	202.0	252.0	278.0	226.0	207.0	202.0	226.0	225.0	188.0	184.0	258.0	233.0	247.0	234.0	206.0	215.0	176.0	200.0	150.0	146.0	184.0	168.0	180.0	169.0	149.0	151.0	146.0	130.0	113.0	125.0	109.0	127.0	66.0	64.0	133.0	82.0	132.0	96.0
o10	199.0	192.0	223.0	245.0	258.0	251.0	247.0	217.0	266.0	280.0	267.0	298.0	277.0	238.0	238.0	263.0	196.0	196.0	243.0	211.0	221.0	271.0	246.0	214.0	268.0	211.0	240.0	233.0	172.0	200.0	252.0	196.0	200.0	143.0	217.0	180.0	173.0	164.0	109.0	171.0	92.0	142.0	98.0	87.0	130.0	101.0	132.0	86.0	113.0	77.0
o11	261.0	0.0	0.0	202.0	0.0	0.0	0.0	200.0	257.0	221.0	206.0	248.0	0.0	0.0	0.0	0.0	272.0	0.0	285.0	201.0	0.0	216.0	0.0	254.0	269.0	214.0	249.0	252.0	171.0	0.0	0.0	0.0	150.0	195.0	0.0	0.0	0.0	0.0	0.0	0.0	164.0	115.0	0.0	133.0	154.0	0.0	0.0	126.0	56.0	0.0
o12	183.0	202.0	174.0	234.0	250.0	204.0	219.0	185.0	192.0	195.0	238.0	261.0	273.0	220.0	267.0	271.0	234.0	192.0	227.0	170.0	191.0	223.0	148.0	189.0	189.0	119.0	173.0	70.0	95.0	47.0	104.0	60.0	59.0	78.0	45.0	51.0	9.0	94.0	69.0	72.0	107.0	113.0	64.0	78.0	133.0	121.0	160.0	143.0	151.0	119.0
o13	133.0	205.0	200.0	234.0	208.0	218.0	185.0	213.0	206.0	200.0	243.0	212.0	284.0	252.0	254.0	234.0	201.0	242.0	220.0	271.0	182.0	174.0	156.0	153.0	136.0	151.0	104.0	69.0	89.0	112.0	114.0	30.0	28.0	23.0	76.0	80.0	41.0	25.0	47.0	51.0	25.0	71.0	111.0	93.0	104.0	52.0	100.0	153.0	181.0	106.0
o14	0.0	176.0	153.0	0.0	0.0	249.0	224.0	0.0	0.0	283.0	0.0	262.0	0.0	235.0	0.0	240.0	0.0	274.0	218.0	213.0	221.0	181.0	0.0	187.0	0.0	97.0	0.0	143.0	0.0	0.0	117.0	0.0	0.0	0.0	48.0	0.0	82.0	0.0	39.0	0.0	21.0	0.0	22.0	33.0	0.0	108.0	118.0	0.0	0.0	0.0
o15	264.0	224.0	195.0	272.0	238.0	220.0	182.0	197.0	206.0	176.0	182.0	159.0	139.0	101.0	161.0	105.0	126.0	74.0	66.0	37.0	34.0	102.0	27.0	61.0	66.0	97.0	72.0	86.0	86.0	110.0	98.0	114.0	59.0	108.0	89.0	110.0	93.0	176.0	206.0	152.0	209.0	157.0	235.0	243.0	264.0	269.0	200.0	259.0	215.0	268.0
o16	278.0	286.0	286.0	259.0	200.0	170.0	167.0	146.0	209.0	177.0	157.0	154.0	156.0	95.0	69.0	107.0	96.0	36.0	85.0	14.0	28.0	92.0	99.0	51.0	13.0	72.0	73.0	36.0	22.0	32.0	41.0	49.0	52.0	99.0	101.0	96.0	197.0	200.0	152.0	157.0	154.0	201.0	211.0	230.0	214.0	282.0	247.0	212.0	210.0	243.0
o17	0.0	199.0	231.0	269.0	242.0	0.0	196.0	159.0	0.0	0.0	218.0	126.0	0.0	0.0	0.0	0.0	111.0	0.0	0.0	113.0	47.0	0.0	24.0	0.0	98.0	77.0	0.0	0.0	0.0	0.0	0.0	131.0	0.0	144.0	145.0	0.0	0.0	108.0	0.0	213.0	180.0	168.0	207.0	0.0	0.0	234.0	199.0	230.0	0.0	0.0
o18	139.0	175.0	162.0	245.0	241.0	200.0	278.0	238.0	201.0	222.0	211.0	205.0	279.0	186.0	256.0	240.0	213.0	218.0	141.0	112.0	186.0	170.0	107.0	64.0	61.0	30.0	111.0	56.0	73.0	33.0	16.0	64.0	72.0	84.0	91.0	95.0	67.0	103.0	139.0	139.0	183.0	185.0	185.0	183.0	253.0	262.0	256.0	218.0	290.0	260.0
o19	175.0	203.0	144.0	190.0	216.0	228.0	237.0	210.0	221.0	268.0	218.0	205.0	271.0	268.0	294.0	237.0	212.0	262.0	190.0	220.0	207.0	175.0	194.0	180.0	142.0	144.0	80.0	109.0	30.0	64.0	61.0	64.0	88.0	24.0	51.0	126.0	115.0	145.0	128.0	119.0	138.0	127.0	121.0	162.0	160.0	280.0	214.0	199.0	277.0	224.0
o20	0.0	0.0	0.0	0.0	254.0	184.0	0.0	0.0	0.0	0.0	0.0	0.0	0.0	0.0	0.0	166.0	248.0	0.0	194.0	0.0	181.0	0.0	0.0	0.0	0.0	94.0	47.0	99.0	94.0	0.0	87.0	48.0	18.0	52.0	64.0	87.0	0.0	0.0	116.0	157.0	180.0	224.0	168.0	219.0	0.0	254.0	0.0	0.0	214.0	262.0
o21	224.0	257.0	249.0	215.0	176.0	130.0	169.0	186.0	84.0	153.0	143.0	119.0	80.0	71.0	24.0	90.0	10.0	49.0	14.0	11.0	107.0	101.0	66.0	64.0	143.0	94.0	109.0	131.0	169.0	225.0	233.0	248.0	193.0	212.0	278.0	282.0	224.0	257.0	294.0	246.0	187.0	197.0	175.0	200.0	207.0	151.0	110.0	136.0	83.0	107.0
o22	235.0	191.0	223.0	193.0	209.0	145.0	153.0	197.0	183.0	98.0	106.0	107.0	65.0	121.0	136.0	105.0	22.0	82.0	94.0	14.0	17.0	22.0	23.0	60.0	64.0	82.0	48.0	91.0	133.0	138.0	189.0	168.0	199.0	263.0	265.0	184.0	212.0	297.0	284.0	223.0	286.0	288.0	216.0	275.0	218.0	170.0	174.0	199.0	129.0	91.0
o23	282.0	0.0	234.0	165.0	190.0	162.0	190.0	130.0	160.0	0.0	0.0	0.0	69.0	38.0	72.0	58.0	0.0	0.0	0.0	76.0	0.0	0.0	95.0	0.0	87.0	0.0	144.0	202.0	0.0	0.0	170.0	0.0	0.0	0.0	0.0	269.0	271.0	0.0	232.0	249.0	190.0	0.0	188.0	0.0	179.0	0.0	0.0	0.0	0.0	0.0
o24	105.0	151.0	199.0	251.0	207.0	266.0	257.0	232.0	253.0	199.0	221.0	275.0	202.0	225.0	179.0	176.0	117.0	178.0	84.0	47.0	81.0	103.0	89.0	28.0	90.0	31.0	49.0	58.0	75.0	109.0	132.0	98.0	177.0	202.0	175.0	180.0	189.0	261.0	229.0	202.0	199.0	228.0	245.0	245.0	182.0	266.0	198.0	167.0	133.0	180.0
o25	101.0	223.0	193.0	175.0	264.0	197.0	198.0	216.0	240.0	221.0	244.0	261.0	241.0	220.0	201.0	212.0	196.0	165.0	151.0	111.0	107.0	98.0	44.0	56.0	72.0	19.0	42.0	115.0	57.0	75.0	73.0	162.0	167.0	153.0	166.0	246.0	198.0	204.0	195.0	211.0	247.0	264.0	228.0	248.0	276.0	241.0	238.0	164.0	155.0	195.0
o26	107.0	185.0	172.0	187.0	247.0	188.0	251.0	0.0	0.0	0.0	0.0	266.0	251.0	0.0	173.0	0.0	0.0	0.0	132.0	74.0	0.0	0.0	41.0	13.0	54.0	0.0	0.0	0.0	63.0	0.0	0.0	0.0	183.0	146.0	0.0	0.0	0.0	213.0	251.0	256.0	0.0	0.0	0.0	197.0	209.0	230.0	177.0	0.0	0.0	0.0
o27	200.0	199.0	171.0	163.0	148.0	140.0	149.0	87.0	48.0	100.0	65.0	38.0	66.0	24.0	102.0	41.0	122.0	128.0	80.0	175.0	127.0	188.0	136.0	166.0	185.0	214.0	190.0	200.0	207.0	288.0	236.0	245.0	229.0	235.0	201.0	226.0	126.0	161.0	135.0	117.0	118.0	81.0	43.0	70.0	80.0	13.0	48.0	63.0	60.0	66.0
o28	187.0	174.0	214.0	144.0	112.0	92.0	122.0	85.0	42.0	59.0	98.0	32.0	29.0	27.0	56.0	141.0	79.0	80.0	81.0	162.0	175.0	220.0	156.0	171.0	219.0	231.0	241.0	223.0	232.0	281.0	244.0	210.0	256.0	184.0	210.0	160.0	157.0	146.0	158.0	66.0	70.0	47.0	89.0	66.0	42.0	28.0	96.0	19.0	27.0	40.0
o29	233.0	163.0	0.0	0.0	0.0	0.0	72.0	80.0	0.0	0.0	0.0	4.0	0.0	0.0	43.0	0.0	0.0	71.0	78.0	0.0	161.0	0.0	138.0	169.0	0.0	0.0	0.0	0.0	225.0	269.0	279.0	0.0	217.0	0.0	181.0	141.0	127.0	153.0	116.0	0.0	0.0	37.0	0.0	35.0	59.0	0.0	0.0	0.0	80.0	67.0
o30	107.0	161.0	238.0	256.0	228.0	239.0	241.0	227.0	190.0	203.0	200.0	147.0	150.0	162.0	58.0	67.0	57.0	7.0	38.0	63.0	46.0	81.0	58.0	87.0	98.0	153.0	192.0	261.0	250.0	217.0	269.0	240.0	259.0	180.0	247.0	211.0	127.0	167.0	69.0	122.0	98.0	30.0	35.0	6.0	92.0	79.0	128.0	79.0	81.0	164.0
o31	198.0	221.0	248.0	255.0	238.0	268.0	209.0	175.0	165.0	172.0	155.0	104.0	125.0	59.0	46.0	26.0	17.0	34.0	49.0	85.0	46.0	107.0	81.0	204.0	151.0	227.0	292.0	259.0	219.0	297.0	228.0	224.0	239.0	236.0	198.0	106.0	65.0	135.0	45.0	81.0	83.0	42.0	3.0	37.0	42.0	60.0	136.0	128.0	128.0	135.0
o32	162.0	218.0	0.0	199.0	207.0	249.0	213.0	249.0	204.0	192.0	0.0	191.0	0.0	141.0	90.0	61.0	0.0	44.0	0.0	0.0	0.0	0.0	0.0	0.0	102.0	156.0	0.0	0.0	181.0	290.0	0.0	240.0	0.0	237.0	0.0	0.0	0.0	112.0	0.0	0.0	56.0	106.0	0.0	0.0	0.0	113.0	0.0	0.0	146.0	0.0
o33	124.0	125.0	50.0	38.0	71.0	89.0	55.0	80.0	56.0	94.0	136.0	135.0	108.0	193.0	190.0	247.0	205.0	230.0	212.0	251.0	209.0	228.0	193.0	135.0	198.0	162.0	75.0	42.0	99.0	39.0	24.0	59.0	82.0	40.0	45.0	79.0	158.0	144.0	149.0	189.0	250.0	249.0	223.0	255.0	293.0	271.0	257.0	238.0	162.0	153.0
o34	101.0	59.0	91.0	95.0	42.0	11.0	66.0	77.0	32.0	114.0	105.0	78.0	191.0	159.0	133.0	199.0	223.0	284.0	268.0	269.0	250.0	225.0	252.0	160.0	74.0	99.0	35.0	32.0	56.0	69.0	102.0	66.0	76.0	57.0	152.0	134.0	179.0	125.0	230.0	191.0	242.0	265.0	265.0	258.0	223.0	186.0	239.0	202.0	170.0	146.0
o35	0.0	100.0	108.0	114.0	49.0	44.0	0.0	0.0	0.0	0.0	153.0	83.0	154.0	160.0	239.0	0.0	214.0	209.0	238.0	0.0	0.0	0.0	0.0	0.0	0.0	82.0	0.0	115.0	93.0	14.0	0.0	0.0	62.0	72.0	0.0	0.0	0.0	0.0	186.0	176.0	0.0	0.0	238.0	0.0	0.0	0.0	219.0	0.0	134.0	182.0
o36	179.0	210.0	181.0	249.0	241.0	201.0	205.0	157.0	105.0	145.0	36.0	57.0	44.0	86.0	32.0	123.0	152.0	206.0	223.0	262.0	223.0	202.0	254.0	239.0	182.0	159.0	89.0	27.0	19.0	41.0	75.0	143.0	125.0	149.0	246.0	186.0	222.0	247.0	256.0	183.0	155.0	182.0	95.0	112.0	80.0	70.0	24.0	57.0	86.0	133.0
o37	148.0	197.0	210.0	234.0	209.0	209.0	271.0	260.0	169.0	100.0	164.0	114.0	93.0	13.0	65.0	80.0	5.0	105.0	105.0	128.0	90.0	235.0	198.0	209.0	213.0	266.0	187.0	182.0	248.0	192.0	114.0	55.0	97.0	97.0	102.0	21.0	73.0	144.0	151.0	249.0	213.0	224.0	202.0	83.0	146.0	70.0	82.0	66.0	44.0	136.0
o38	191.0	188.0	241.0	271.0	262.0	0.0	0.0	164.0	123.0	0.0	67.0	83.0	55.0	54.0	130.0	0.0	120.0	0.0	236.0	197.0	0.0	236.0	0.0	0.0	198.0	0.0	130.0	0.0	0.0	8.0	0.0	139.0	0.0	200.0	0.0	0.0	0.0	0.0	0.0	0.0	0.0	0.0	0.0	99.0	0.0	0.0	0.0	89.0	124.0	101.0
o39	15.0	67.0	121.0	120.0	203.0	231.0	221.0	200.0	232.0	200.0	211.0	154.0	180.0	69.0	60.0	87.0	5.0	15.0	118.0	91.0	119.0	150.0	167.0	191.0	294.0	244.0	243.0	213.0	140.0	165.0	47.0	103.0	63.0	12.0	63.0	85.0	155.0	124.0	233.0	243.0	295.0	248.0	244.0	165.0	222.0	182.0	133.0	96.0	44.0	79.0
o40	35.0	106.0	64.0	45.0	120.0	209.0	218.0	283.0	292.0	217.0	219.0	228.0	162.0	159.0	56.0	77.0	105.0	166.0	258.0	285.0	277.0	237.0	220.0	131.0	156.0	103.0	101.0	9.0	58.0	59.0	129.0	184.0	183.0	168.0	189.0	198.0	212.0	246.0	285.0	253.0	185.0	197.0	169.0	134.0	164.0	86.0	53.0	16.0	82.0	35.0
o41	0.0	19.0	0.0	89.0	186.0	206.0	239.0	202.0	0.0	0.0	0.0	191.0	0.0	123.0	113.0	80.0	0.0	0.0	0.0	77.0	0.0	0.0	239.0	0.0	246.0	0.0	0.0	0.0	0.0	0.0	58.0	40.0	0.0	95.0	75.0	59.0	145.0	0.0	232.0	230.0	291.0	276.0	282.0	0.0	0.0	0.0	0.0	0.0	0.0	94.0
o42	160.0	74.0	268.0	58.0	210.0	37.0	218.0	59.0	270.0	22.0	219.0	48.0	279.0	61.0	236.0	40.0	202.0	50.0	203.0	112.0	252.0	24.0	255.0	57.0	192.0	58.0	237.0	94.0	233.0	79.0	202.0	54.0	218.0	62.0	232.0	145.0	228.0	161.0	222.0	110.0	151.0	118.0	177.0	114.0	151.0	162.0	179.0	162.0	202.0	175.0
o43	42.0	285.0	137.0	203.0	108.0	149.0	170.0	204.0	14.0	271.0	57.0	224.0	129.0	150.0	111.0	224.0	60.0	74.0	254.0	66.0	218.0	245.0	65.0	66.0	172.0	80.0	79.0	190.0	62.0	218.0	97.0	218.0	89.0	190.0	80.0	171.0	63.0	180.0	110.0	117.0	225.0	212.0	131.0	208.0	81.0	204.0	76.0	247.0	52.0	144.0
o44	0.0	0.0	0.0	0.0	225.0	0.0	272.0	3.0	223.0	23.0	294.0	36.0	0.0	0.0	249.0	0.0	246.0	0.0	232.0	75.0	228.0	112.0	0.0	0.0	194.0	0.0	0.0	0.0	216.0	101.0	0.0	0.0	165.0	0.0	166.0	0.0	0.0	97.0	144.0	95.0	0.0	105.0	190.0	0.0	135.0	0.0	0.0	0.0	165.0	0.0
o45	273.0	160.0	145.0	127.0	111.0	175.0	82.0	173.0	137.0	208.0	86.0	217.0	91.0	179.0	146.0	190.0	136.0	213.0	111.0	257.0	86.0	248.0	66.0	245.0	70.0	230.0	123.0	227.0	62.0	239.0	110.0	246.0	15.0	248.0	87.0	251.0	56.0	285.0	95.0	256.0	85.0	279.0	39.0	286.0	99.0	242.0	84.0	264.0	30.0	293.0
o46	224.0	188.0	58.0	92.0	79.0	204.0	157.0	88.0	62.0	73.0	269.0	103.0	238.0	84.0	208.0	210.0	118.0	223.0	134.0	69.0	107.0	266.0	68.0	254.0	41.0	103.0	23.0	128.0	239.0	262.0	176.0	164.0	72.0	147.0	61.0	175.0	19.0	130.0	253.0	163.0	55.0	178.0	200.0	139.0	104.0	251.0	182.0	109.0	82.0	247.0
o47	291.0	0.0	0.0	146.0	129.0	199.0	0.0	0.0	0.0	0.0	0.0	184.0	71.0	210.0	150.0	0.0	74.0	0.0	103.0	0.0	0.0	0.0	124.0	0.0	71.0	185.0	0.0	226.0	0.0	211.0	0.0	0.0	61.0	0.0	71.0	227.0	31.0	0.0	0.0	238.0	0.0	206.0	71.0	212.0	0.0	0.0	0.0	0.0	54.0	247.0
o48	151.0	142.0	139.0	143.0	167.0	125.0	122.0	94.0	119.0	67.0	50.0	131.0	122.0	56.0	105.0	77.0	55.0	29.0	104.0	54.0	94.0	47.0	2.0	9.0	82.0	21.0	65.0	86.0	86.0	14.0	39.0	15.0	108.0	34.0	27.0	88.0	88.0	128.0	110.0	133.0	94.0	121.0	57.0	86.0	98.0	119.0	132.0	161.0	150.0	169.0
o49	191.0	101.0	149.0	187.0	168.0	157.0	132.0	140.0	98.0	199.0	86.0	181.0	128.0	45.0	180.0	87.0	263.0	115.0	83.0	261.0	96.0	279.0	52.0	287.0	9.0	91.0	223.0	82.0	242.0	292.0	15.0	30.0	276.0	215.0	35.0	287.0	32.0	105.0	48.0	218.0	127.0	139.0	189.0	69.0	186.0	155.0	114.0	147.0	136.0	162.0
o50	0.0	130.0	0.0	0.0	0.0	88.0	0.0	0.0	0.0	0.0	125.0	71.0	97.0	0.0	37.0	73.0	78.0	56.0	0.0	24.0	0.0	95.0	0.0	0.0	0.0	0.0	24.0	63.0	0.0	0.0	0.0	52.0	100.0	93.0	0.0	118.0	0.0	83.0	0.0	104.0	104.0	115.0	0.0	132.0	0.0	167.0	0.0	113.0	0.0	108.0
o51	195.0	134.0	115.0	170.0	172.0	189.0	169.0	149.0	220.0	174.0	222.0	257.0	216.0	244.0	229.0	275.0	196.0	219.0	279.0	256.0	292.0	208.0	220.0	214.0	289.0	259.0	262.0	274.0	275.0	254.0	220.0	196.0	209.0	252.0	258.0	188.0	233.0	178.0	230.0	227.0	209.0	202.0	189.0	182.0	218.0	219.0	129.0	152.0	146.0	138.0
o52	190.0	117.0	88.0	96.0	170.0	157.0	83.0	158.0	78.0	170.0	86.0	71.0	35.0	240.0	264.0	110.0	229.0	194.0	46.0	192.0	60.0	262.0	65.0	61.0	235.0	279.0	48.0	268.0	225.0	107.0	290.0	93.0	242.0	28.0	225.0	117.0	97.0	66.0	199.0	78.0	209.0	169.0	74.0	72.0	212.0	138.0	157.0	121.0	157.0	160.0
o53	0.0	109.0	154.0	0.0	211.0	208.0	0.0	237.0	216.0	0.0	0.0	249.0	0.0	263.0	0.0	0.0	0.0	232.0	276.0	270.0	0.0	243.0	289.0	281.0	0.0	0.0	0.0	228.0	0.0	211.0	281.0	192.0	0.0	236.0	0.0	0.0	208.0	0.0	196.0	0.0	0.0	0.0	166.0	0.0	142.0	0.0	156.0	151.0	0.0	0.0
o54	135.0	214.0	136.0	165.0	155.0	224.0	191.0	228.0	242.0	249.0	239.0	261.0	252.0	249.0	219.0	265.0	267.0	219.0	247.0	249.0	192.0	148.0	189.0	122.0	178.0	164.0	135.0	91.0	76.0	123.0	87.0	102.0	101.0	59.0	73.0	92.0	29.0	38.0	77.0	63.0	50.0	80.0	120.0	105.0	45.0	149.0	149.0	173.0	161.0	164.0
o55	106.0	164.0	176.0	147.0	192.0	151.0	195.0	208.0	195.0	254.0	221.0	264.0	255.0	210.0	281.0	210.0	250.0	270.0	210.0	254.0	252.0	209.0	183.0	134.0	136.0	145.0	172.0	180.0	156.0	137.0	145.0	114.0	108.0	111.0	113.0	70.0	75.0	85.0	7.0	80.0	77.0	63.0	113.0	43.0	42.0	64.0	56.0	140.0	129.0	101.0
o56	168.0	0.0	0.0	0.0	0.0	0.0	232.0	257.0	0.0	0.0	228.0	237.0	0.0	292.0	199.0	196.0	0.0	235.0	0.0	227.0	0.0	225.0	156.0	163.0	0.0	0.0	145.0	0.0	142.0	57.0	0.0	0.0	0.0	88.0	0.0	0.0	37.0	94.0	31.0	0.0	29.0	110.0	0.0	116.0	0.0	116.0	0.0	0.0	105.0	0.0
o57	134.0	153.0	137.0	163.0	204.0	214.0	243.0	278.0	197.0	233.0	197.0	263.0	222.0	244.0	267.0	278.0	248.0	248.0	197.0	207.0	167.0	224.0	175.0	167.0	118.0	179.0	108.0	78.0	114.0	80.0	121.0	78.0	74.0	96.0	50.0	67.0	45.0	21.0	87.0	42.0	60.0	83.0	49.0	47.0	74.0	61.0	111.0	158.0	96.0	130.0
o58	166.0	140.0	179.0	197.0	199.0	219.0	176.0	234.0	209.0	215.0	222.0	280.0	285.0	203.0	275.0	202.0	247.0	222.0	179.0	245.0	161.0	172.0	228.0	223.0	210.0	189.0	196.0	153.0	102.0	133.0	78.0	117.0	27.0	70.0	12.0	53.0	1.0	100.0	83.0	76.0	47.0	76.0	33.0	96.0	108.0	69.0	78.0	119.0	111.0	146.0
o59	154.0	0.0	0.0	0.0	247.0	0.0	180.0	222.0	198.0	221.0	229.0	245.0	241.0	255.0	0.0	0.0	0.0	212.0	0.0	0.0	0.0	0.0	209.0	0.0	0.0	0.0	146.0	152.0	97.0	101.0	73.0	0.0	103.0	0.0	101.0	0.0	59.0	0.0	0.0	95.0	0.0	0.0	118.0	0.0	65.0	130.0	0.0	0.0	0.0	131.0
o60	184.0	193.0	178.0	234.0	217.0	263.0	273.0	223.0	228.0	209.0	222.0	174.0	156.0	170.0	66.0	64.0	57.0	7.0	14.0	38.0	57.0	63.0	65.0	71.0	172.0	181.0	217.0	198.0	227.0	204.0	269.0	291.0	286.0	257.0	183.0	143.0	144.0	111.0	99.0	65.0	97.0	41.0	69.0	98.0	20.0	27.0	91.0	68.0	75.0	130.0
o61	137.0	178.0	250.0	232.0	269.0	214.0	257.0	224.0	199.0	249.0	212.0	177.0	170.0	170.0	102.0	42.0	47.0	83.0	39.0	8.0	69.0	71.0	118.0	103.0	231.0	242.0	243.0	218.0	214.0	258.0	226.0	222.0	217.0	198.0	176.0	163.0	106.0	101.0	155.0	136.0	72.0	49.0	68.0	12.0	102.0	62.0	69.0	102.0	138.0	140.0
o62	138.0	0.0	257.0	225.0	201.0	0.0	0.0	0.0	0.0	241.0	0.0	0.0	0.0	98.0	147.0	0.0	71.0	0.0	2.0	50.0	0.0	51.0	48.0	0.0	0.0	0.0	0.0	225.0	249.0	0.0	0.0	237.0	220.0	0.0	260.0	235.0	0.0	0.0	75.0	100.0	73.0	0.0	0.0	45.0	98.0	19.0	0.0	109.0	0.0	0.0
o63	175.0	209.0	190.0	194.0	208.0	232.0	274.0	262.0	255.0	216.0	230.0	197.0	175.0	154.0	140.0	99.0	97.0	102.0	34.0	73.0	22.0	117.0	89.0	107.0	183.0	214.0	147.0	249.0	215.0	225.0	261.0	238.0	218.0	245.0	175.0	204.0	133.0	163.0	144.0	46.0	118.0	16.0	23.0	40.0	23.0	16.0	38.0	116.0	131.0	176.0
o64	144.0	175.0	225.0	250.0	233.0	280.0	237.0	288.0	275.0	239.0	262.0	216.0	206.0	256.0	146.0	164.0	147.0	137.0	103.0	88.0	94.0	74.0	139.0	138.0	160.0	155.0	181.0	204.0	190.0	224.0	240.0	276.0	284.0	149.0	168.0	103.0	102.0	67.0	113.0	122.0	97.0	94.0	61.0	9.0	61.0	77.0	73.0	142.0	159.0	102.0
o65	252.0	227.0	275.0	229.0	275.0	221.0	269.0	230.0	270.0	274.0	230.0	214.0	206.0	216.0	265.0	212.0	236.0	293.0	241.0	290.0	221.0	274.0	270.0	233.0	218.0	237.0	203.0	234.0	246.0	273.0	289.0	269.0	243.0	261.0	291.0	211.0	292.0	219.0	203.0	280.0	240.0	239.0	241.0	279.0	252.0	200.0	299.0	265.0	226.0	255.0
o66	217.0	269.0	296.0	236.0	255.0	213.0	219.0	284.0	247.0	269.0	285.0	211.0	250.0	200.0	284.0	298.0	278.0	289.0	268.0	291.0	276.0	234.0	202.0	228.0	281.0	276.0	288.0	229.0	214.0	224.0	210.0	291.0	270.0	225.0	261.0	295.0	288.0	219.0	206.0	216.0	250.0	229.0	294.0	255.0	289.0	212.0	249.0	263.0	219.0	245.0
o67	0.0	0.0	247.0	0.0	296.0	0.0	214.0	0.0	0.0	230.0	297.0	238.0	231.0	234.0	0.0	0.0	0.0	0.0	0.0	0.0	257.0	0.0	277.0	0.0	0.0	0.0	252.0	0.0	201.0	0.0	206.0	258.0	0.0	253.0	212.0	0.0	249.0	267.0	0.0	245.0	247.0	236.0	210.0	0.0	0.0	280.0	268.0	0.0	0.0	209.0
o68	297.0	251.0	293.0	221.0	267.0	291.0	228.0	252.0	273.0	215.0	265.0	212.0	260.0	246.0	237.0	215.0	205.0	288.0	268.0	259.0	230.0	272.0	212.0	202.0	263.0	225.0	284.0	261.0	233.0	234.0	251.0	242.0	237.0	294.0	270.0	294.0	247.0	215.0	220.0	217.0	298.0	253.0	238.0	225.0	206.0	271.0	232.0	297.0	297.0	257.0
o69	292.0	274.0	229.0	223.0	268.0	232.0	217.0	267.0	283.0	281.0	207.0	200.0	249.0	294.0	235.0	279.0	286.0	279.0	289.0	298.0	296.0	242.0	207.0	288.0	232.0	255.0	278.0	290.0	245.0	289.0	238.0	205.0	277.0	274.0	215.0	237.0	298.0	295.0	291.0	275.0	210.0	254.0	219.0	218.0	289.0	211.0	290.0	201.0	297.0	201.0
o70	260.0	221.0	0.0	202.0	0.0	221.0	0.0	0.0	0.0	291.0	261.0	0.0	0.0	0.0	200.0	211.0	200.0	279.0	225.0	223.0	203.0	0.0	213.0	0.0	222.0	0.0	0.0	231.0	0.0	0.0	0.0	204.0	0.0	268.0	0.0	0.0	203.0	294.0	253.0	0.0	207.0	265.0	0.0	0.0	229.0	0.0	296.0	0.0	0.0	0.0
o71	267.0	261.0	214.0	281.0	210.0	286.0	272.0	270.0	242.0	239.0	258.0	220.0	285.0	204.0	295.0	246.0	277.0	224.0	243.0	275.0	239.0	268.0	241.0	236.0	211.0	264.0	209.0	230.0	287.0	281.0	278.0	294.0	285.0	234.0	205.0	298.0	295.0	242.0	294.0	201.0	262.0	231.0	228.0	296.0	209.0	289.0	270.0	270.0	276.0	68.0
o72	274.0	221.0	251.0	288.0	293.0	281.0	244.0	232.0	226.0	263.0	287.0	280.0	227.0	273.0	241.0	224.0	273.0	260.0	256.0	281.0	286.0	268.0	256.0	238.0	215.0	230.0	208.0	237.0	259.0	240.0	257.0	294.0	286.0	221.0	275.0	243.0	284.0	251.0	203.0	212.0	248.0	272.0	209.0	267.0	238.0	263.0	265.0	266.0	294.0	228.0
o73	291.0	0.0	284.0	225.0	219.0	0.0	242.0	0.0	0.0	0.0	0.0	235.0	209.0	258.0	290.0	0.0	0.0	240.0	214.0	211.0	0.0	276.0	0.0	220.0	282.0	255.0	0.0	268.0	0.0	0.0	0.0	228.0	0.0	0.0	0.0	0.0	0.0	218.0	0.0	289.0	0.0	0.0	0.0	212.0	0.0	267.0	0.0	255.0	296.0	4.0
o74	213.0	200.0	231.0	242.0	256.0	211.0	268.0	212.0	285.0	245.0	283.0	204.0	287.0	229.0	258.0	258.0	297.0	240.0	222.0	292.0	200.0	298.0	207.0	271.0	211.0	291.0	230.0	248.0	242.0	237.0	213.0	232.0	242.0	274.0	257.0	224.0	216.0	2.0	52.0	75.0	35.0	72.0	73.0	39.0	70.0	42.0	82.0	79.0	56.0	9.0
o75	252.0	282.0	254.0	267.0	237.0	223.0	240.0	218.0	269.0	245.0	265.0	251.0	219.0	248.0	234.0	271.0	241.0	270.0	288.0	226.0	296.0	246.0	204.0	294.0	203.0	277.0	225.0	226.0	297.0	291.0	264.0	256.0	200.0	295.0	208.0	295.0	211.0	262.0	273.0	40.0	3.0	18.0	99.0	46.0	61.0	0.0	78.0	39.0	23.0	16.0
o76	299.0	222.0	287.0	279.0	0.0	0.0	294.0	0.0	0.0	0.0	0.0	0.0	299.0	272.0	267.0	0.0	0.0	0.0	0.0	281.0	0.0	268.0	250.0	282.0	0.0	250.0	0.0	276.0	235.0	0.0	271.0	0.0	208.0	0.0	269.0	254.0	235.0	44.0	0.0	41.0	0.0	0.0	87.0	0.0	0.0	0.0	0.0	0.0	6.0	53.0
o77	288.0	248.0	224.0	263.0	257.0	219.0	245.0	288.0	270.0	297.0	233.0	222.0	202.0	223.0	282.0	268.0	293.0	200.0	296.0	201.0	246.0	267.0	203.0	244.0	261.0	72.0	14.0	12.0	33.0	31.0	92.0	49.0	70.0	50.0	15.0	37.0	16.0	42.0	87.0	57.0	93.0	24.0	55.0	78.0	93.0	43.0	58.0	70.0	92.0	257.0
o78	256.0	227.0	202.0	261.0	266.0	226.0	286.0	275.0	291.0	265.0	254.0	282.0	265.0	204.0	207.0	282.0	229.0	248.0	200.0	249.0	223.0	200.0	251.0	79.0	30.0	35.0	45.0	1.0	74.0	58.0	65.0	43.0	57.0	6.0	62.0	20.0	4.0	17.0	50.0	77.0	77.0	7.0	46.0	68.0	73.0	0.0	88.0	68.0	59.0	263.0
o79	227.0	0.0	0.0	0.0	287.0	243.0	0.0	288.0	0.0	252.0	0.0	0.0	267.0	0.0	0.0	0.0	246.0	263.0	0.0	0.0	0.0	238.0	277.0	0.0	249.0	46.0	31.0	0.0	35.0	0.0	99.0	0.0	0.0	0.0	10.0	0.0	0.0	3.0	0.0	10.0	30.0	0.0	59.0	98.0	75.0	0.0	46.0	0.0	0.0	271.0
o80	232.0	274.0	264.0	272.0	279.0	280.0	222.0	205.0	289.0	282.0	230.0	265.0	12.0	20.0	69.0	57.0	59.0	42.0	46.0	76.0	91.0	18.0	52.0	1.0	78.0	3.0	52.0	65.0	37.0	46.0	87.0	11.0	77.0	17.0	67.0	37.0	99.0	296.0	271.0	238.0	202.0	220.0	273.0	294.0	296.0	215.0	235.0	266.0	279.0	276.0
o81	224.0	262.0	221.0	298.0	274.0	298.0	211.0	286.0	246.0	267.0	286.0	292.0	202.0	226.0	286.0	50.0	47.0	99.0	18.0	78.0	2.0	64.0	55.0	54.0	65.0	87.0	92.0	67.0	17.0	68.0	78.0	55.0	68.0	37.0	58.0	11.0	69.0	69.0	97.0	255.0	231.0	213.0	277.0	230.0	203.0	267.0	228.0	215.0	209.0	203.0
o82	280.0	0.0	216.0	0.0	228.0	0.0	286.0	298.0	232.0	0.0	0.0	258.0	0.0	0.0	0.0	0.0	80.0	66.0	4.0	43.0	31.0	14.0	0.0	0.0	23.0	0.0	0.0	92.0	10.0	0.0	16.0	0.0	0.0	0.0	61.0	70.0	0.0	0.0	247.0	0.0	253.0	271.0	296.0	0.0	0.0	281.0	0.0	251.0	0.0	0.0
o83	211.0	276.0	215.0	253.0	231.0	225.0	222.0	205.0	241.0	278.0	248.0	276.0	237.0	283.0	267.0	245.0	229.0	210.0	207.0	272.0	11.0	15.0	80.0	8.0	0.0	25.0	44.0	87.0	77.0	4.0	50.0	60.0	91.0	79.0	97.0	84.0	29.0	0.0	19.0	48.0	213.0	251.0	222.0	258.0	258.0	202.0	293.0	281.0	282.0	250.0
o84	288.0	228.0	240.0	238.0	272.0	221.0	264.0	256.0	201.0	214.0	281.0	293.0	295.0	267.0	233.0	288.0	280.0	30.0	94.0	71.0	9.0	24.0	75.0	87.0	5.0	55.0	34.0	35.0	4.0	14.0	44.0	58.0	30.0	15.0	70.0	68.0	60.0	12.0	51.0	15.0	90.0	235.0	231.0	235.0	261.0	286.0	297.0	285.0	253.0	225.0
o85	0.0	273.0	288.0	239.0	0.0	242.0	247.0	0.0	0.0	0.0	0.0	0.0	223.0	0.0	0.0	210.0	0.0	0.0	220.0	254.0	0.0	0.0	79.0	92.0	0.0	97.0	0.0	0.0	0.0	0.0	0.0	42.0	72.0	79.0	72.0	10.0	69.0	0.0	92.0	95.0	0.0	222.0	252.0	291.0	0.0	230.0	0.0	0.0	277.0	0.0
o86	295.0	265.0	263.0	249.0	244.0	260.0	297.0	94.0	71.0	88.0	12.0	55.0	52.0	97.0	13.0	69.0	25.0	40.0	60.0	42.0	2.0	44.0	97.0	13.0	99.0	37.0	70.0	263.0	224.0	202.0	247.0	246.0	252.0	251.0	248.0	271.0	253.0	221.0	223.0	299.0	209.0	294.0	218.0	218.0	298.0	251.0	245.0	27.0	60.0	51.0
o87	206.0	293.0	255.0	263.0	215.0	218.0	220.0	207.0	272.0	49.0	35.0	34.0	40.0	2.0	71.0	32.0	65.0	26.0	43.0	54.0	77.0	24.0	97.0	29.0	20.0	12.0	61.0	283.0	267.0	255.0	294.0	254.0	268.0	237.0	289.0	289.0	287.0	287.0	209.0	230.0	283.0	284.0	225.0	235.0	203.0	206.0	18.0	82.0	0.0	89.0
o88	0.0	260.0	0.0	285.0	0.0	208.0	291.0	0.0	64.0	0.0	0.0	28.0	3.0	0.0	29.0	0.0	0.0	26.0	0.0	89.0	92.0	0.0	95.0	97.0	21.0	0.0	0.0	295.0	268.0	0.0	0.0	225.0	0.0	0.0	0.0	0.0	0.0	0.0	0.0	269.0	255.0	256.0	0.0	253.0	0.0	220.0	0.0	36.0	18.0	4.0
o89	277.0	243.0	292.0	261.0	267.0	239.0	298.0	297.0	273.0	220.0	239.0	299.0	252.0	223.0	270.0	231.0	76.0	91.0	73.0	50.0	97.0	12.0	49.0	83.0	17.0	66.0	83.0	30.0	0.0	20.0	2.0	1.0	28.0	205.0	211.0	279.0	202.0	247.0	223.0	231.0	277.0	260.0	246.0	231.0	292.0	253.0	204.0	297.0	201.0	19.0
o90	259.0	224.0	259.0	213.0	275.0	212.0	213.0	248.0	201.0	202.0	274.0	221.0	275.0	263.0	225.0	279.0	245.0	11.0	25.0	8.0	49.0	90.0	1.0	9.0	59.0	49.0	82.0	92.0	71.0	74.0	80.0	91.0	87.0	90.0	90.0	290.0	233.0	208.0	231.0	293.0	244.0	200.0	270.0	260.0	245.0	246.0	201.0	254.0	233.0	226.0
o91	0.0	281.0	294.0	255.0	0.0	242.0	240.0	0.0	0.0	239.0	0.0	0.0	0.0	0.0	0.0	0.0	0.0	0.0	0.0	94.0	79.0	35.0	80.0	0.0	84.0	89.0	0.0	0.0	0.0	0.0	0.0	0.0	84.0	0.0	274.0	241.0	254.0	214.0	286.0	0.0	0.0	256.0	230.0	0.0	286.0	222.0	241.0	0.0	244.0	16.0
o92	265.0	220.0	201.0	256.0	46.0	61.0	53.0	52.0	84.0	37.0	80.0	1.0	40.0	81.0	84.0	18.0	53.0	84.0	74.0	85.0	66.0	221.0	238.0	258.0	246.0	275.0	288.0	203.0	225.0	230.0	220.0	255.0	221.0	260.0	225.0	239.0	244.0	47.0	12.0	37.0	46.0	49.0	47.0	63.0	77.0	81.0	25.0	22.0	1.0	84.0
o93	247.0	205.0	290.0	218.0	224.0	11.0	40.0	83.0	27.0	48.0	24.0	4.0	82.0	70.0	66.0	59.0	21.0	253.0	282.0	221.0	264.0	273.0	258.0	214.0	208.0	233.0	210.0	275.0	227.0	227.0	228.0	244.0	278.0	209.0	252.0	57.0	42.0	95.0	82.0	91.0	10.0	86.0	48.0	58.0	19.0	90.0	98.0	76.0	9.0	23.0
o94	0.0	203.0	256.0	263.0	52.0	0.0	0.0	97.0	0.0	75.0	0.0	14.0	77.0	0.0	18.0	46.0	42.0	0.0	0.0	0.0	33.0	0.0	0.0	243.0	298.0	0.0	0.0	258.0	0.0	0.0	0.0	206.0	0.0	0.0	0.0	267.0	227.0	0.0	0.0	20.0	0.0	72.0	0.0	59.0	0.0	2.0	0.0	52.0	47.0	71.0
o95	293.0	214.0	264.0	296.0	207.0	252.0	203.0	260.0	205.0	256.0	223.0	234.0	72.0	22.0	17.0	73.0	49.0	52.0	95.0	58.0	92.0	71.0	12.0	92.0	81.0	204.0	290.0	290.0	232.0	214.0	285.0	296.0	239.0	228.0	277.0	263.0	273.0	85.0	55.0	49.0	13.0	20.0	84.0	73.0	69.0	68.0	56.0	93.0	33.0	292.0
o96	203.0	287.0	225.0	230.0	256.0	277.0	247.0	247.0	247.0	237.0	259.0	245.0	226.0	270.0	44.0	94.0	76.0	69.0	10.0	72.0	71.0	8.0	19.0	62.0	201.0	250.0	217.0	267.0	226.0	227.0	207.0	252.0	284.0	205.0	260.0	219.0	296.0	71.0	70.0	7.0	91.0	85.0	21.0	23.0	46.0	32.0	17.0	76.0	90.0	22.0
o97	272.0	0.0	271.0	0.0	0.0	0.0	281.0	0.0	0.0	0.0	202.0	0.0	0.0	57.0	26.0	46.0	86.0	0.0	60.0	59.0	9.0	84.0	0.0	63.0	16.0	228.0	0.0	212.0	0.0	0.0	229.0	0.0	241.0	0.0	0.0	287.0	243.0	0.0	0.0	20.0	0.0	97.0	52.0	40.0	0.0	0.0	0.0	2.0	0.0	0.0
o98	95.0	42.0	6.0	5.0	35.0	20.0	25.0	24.0	32.0	82.0	9.0	37.0	201.0	247.0	228.0	238.0	227.0	235.0	233.0	280.0	206.0	211.0	200.0	278.0	243.0	30.0	34.0	18.0	21.0	84.0	78.0	68.0	97.0	29.0	97.0	78.0	9.0	290.0	255.0	200.0	242.0	237.0	236.0	256.0	232.0	269.0	202.0	242.0	234.0	19.0
o99	12.0	22.0	61.0	50.0	24.0	61.0	70.0	71.0	53.0	89.0	242.0	225.0	259.0	291.0	263.0	274.0	258.0	200.0	254.0	258.0	215.0	232.0	233.0	94.0	62.0	56.0	44.0	61.0	37.0	15.0	90.0	79.0	52.0	95.0	30.0	3.0	30.0	286.0	282.0	265.0	277.0	221.0	236.0	211.0	247.0	249.0	204.0	275.0	223.0	233.0
o100	82.0	0.0	0.0	0.0	42.0	87.0	0.0	0.0	66.0	77.0	0.0	0.0	207.0	235.0	250.0	0.0	0.0	0.0	289.0	0.0	0.0	0.0	251.0	0.0	0.0	68.0	20.0	27.0	30.0	0.0	64.0	0.0	57.0	0.0	33.0	0.0	0.0	0.0	207.0	0.0	267.0	0.0	219.0	270.0	0.0	212.0	222.0	0.0	205.0	89.0
o101	257.0	234.0	236.0	263.0	212.0	268.0	242.0	267.0	91.0	31.0	94.0	77.0	78.0	24.0	47.0	88.0	235.0	240.0	244.0	276.0	200.0	252.0	276.0	298.0	235.0	36.0	46.0	64.0	52.0	77.0	68.0	85.0	11.0	263.0	245.0	270.0	287.0	298.0	259.0	294.0	201.0	77.0	46.0	58.0	49.0	19.0	40.0	17.0	85.0	214.0
o102	257.0	240.0	286.0	265.0	252.0	281.0	280.0	8.0	1.0	13.0	31.0	92.0	95.0	57.0	85.0	1.0	10.0	30.0	227.0	224.0	223.0	272.0	292.0	254.0	57.0	59.0	0.0	50.0	22.0	51.0	72.0	30.0	224.0	225.0	280.0	247.0	236.0	280.0	232.0	203.0	37.0	22.0	19.0	71.0	61.0	17.0	16.0	27.0	54.0	271.0
o103	232.0	0.0	0.0	0.0	215.0	276.0	0.0	0.0	0.0	97.0	0.0	74.0	85.0	3.0	0.0	33.0	269.0	0.0	0.0	0.0	0.0	253.0	0.0	275.0	246.0	58.0	0.0	87.0	45.0	10.0	0.0	0.0	0.0	0.0	0.0	0.0	255.0	256.0	206.0	291.0	0.0	81.0	37.0	0.0	0.0	0.0	75.0	7.0	44.0	0.0
o104	21.0	96.0	27.0	72.0	259.0	237.0	249.0	220.0	249.0	284.0	287.0	288.0	82.0	97.0	37.0	69.0	98.0	24.0	44.0	29.0	93.0	262.0	216.0	220.0	212.0	263.0	284.0	207.0	233.0	29.0	52.0	68.0	98.0	39.0	29.0	39.0	42.0	200.0	221.0	294.0	233.0	297.0	280.0	259.0	228.0	14.0	92.0	42.0	64.0	43.0
o105	37.0	86.0	5.0	91.0	68.0	80.0	265.0	287.0	283.0	245.0	295.0	212.0	266.0	203.0	24.0	56.0	54.0	81.0	54.0	11.0	13.0	8.0	34.0	90.0	228.0	286.0	217.0	282.0	281.0	269.0	231.0	37.0	46.0	85.0	73.0	90.0	89.0	229.0	226.0	225.0	227.0	251.0	217.0	267.0	293.0	277.0	226.0	31.0	91.0	98.0
o106	31.0	95.0	0.0	62.0	214.0	0.0	200.0	265.0	230.0	0.0	0.0	0.0	13.0	29.0	92.0	0.0	0.0	14.0	35.0	84.0	0.0	0.0	0.0	285.0	275.0	233.0	281.0	0.0	0.0	0.0	0.0	88.0	76.0	2.0	0.0	0.0	0.0	0.0	0.0	0.0	0.0	254.0	0.0	267.0	284.0	0.0	0.0	0.0	35.0	89.0
o107	238.0	81.0	277.0	76.0	236.0	71.0	269.0	9.0	241.0	85.0	233.0	36.0	222.0	66.0	272.0	14.0	296.0	29.0	267.0	45.0	247.0	23.0	258.0	9.0	253.0	45.0	232.0	46.0	295.0	78.0	258.0	54.0	261.0	89.0	203.0	40.0	262.0	40.0	286.0	55.0	205.0	5.0	223.0	36.0	281.0	73.0	205.0	88.0	289.0	283.0
o108	275.0	78.0	227.0	226.0	83.0	238.0	70.0	54.0	29.0	256.0	297.0	292.0	67.0	94.0	286.0	50.0	293.0	42.0	272.0	47.0	284.0	250.0	55.0	9.0	291.0	229.0	37.0	94.0	232.0	71.0	285.0	271.0	19.0	12.0	250.0	293.0	32.0	99.0	270.0	226.0	13.0	270.0	243.0	67.0	206.0	12.0	200.0	75.0	262.0	288.0
o109	249.0	0.0	0.0	8.0	0.0	69.0	0.0	94.0	0.0	68.0	258.0	74.0	259.0	0.0	262.0	0.0	257.0	67.0	0.0	0.0	0.0	22.0	0.0	0.0	0.0	7.0	288.0	58.0	0.0	0.0	231.0	0.0	251.0	0.0	0.0	29.0	0.0	0.0	0.0	48.0	246.0	79.0	258.0	0.0	275.0	0.0	293.0	0.0	251.0	0.0
o110	294.0	243.0	30.0	290.0	31.0	273.0	81.0	255.0	6.0	225.0	44.0	255.0	90.0	257.0	62.0	256.0	56.0	205.0	18.0	219.0	12.0	246.0	76.0	243.0	47.0	275.0	84.0	208.0	96.0	237.0	47.0	238.0	90.0	269.0	60.0	242.0	95.0	251.0	84.0	212.0	75.0	270.0	95.0	299.0	84.0	236.0	47.0	271.0	13.0	281.0
o111	238.0	216.0	89.0	36.0	239.0	240.0	95.0	229.0	23.0	82.0	215.0	44.0	52.0	265.0	25.0	205.0	25.0	10.0	274.0	293.0	65.0	234.0	75.0	266.0	69.0	284.0	39.0	221.0	80.0	233.0	81.0	239.0	99.0	6.0	220.0	62.0	98.0	243.0	288.0	93.0	11.0	27.0	41.0	45.0	275.0	85.0	206.0	291.0	34.0	233.0
o112	280.0	0.0	34.0	250.0	0.0	0.0	0.0	227.0	54.0	0.0	57.0	274.0	0.0	254.0	0.0	219.0	93.0	0.0	0.0	0.0	0.0	226.0	0.0	0.0	29.0	0.0	67.0	253.0	36.0	242.0	35.0	0.0	37.0	0.0	48.0	0.0	0.0	0.0	0.0	215.0	0.0	295.0	0.0	0.0	0.0	0.0	62.0	284.0	19.0	202.0
o113	251.0	62.0	69.0	81.0	44.0	65.0	44.0	84.0	80.0	23.0	96.0	20.0	80.0	33.0	51.0	67.0	41.0	24.0	95.0	60.0	42.0	9.0	12.0	4.0	10.0	58.0	35.0	48.0	99.0	56.0	22.0	53.0	9.0	86.0	97.0	46.0	88.0	75.0	98.0	14.0	29.0	77.0	11.0	12.0	25.0	75.0	6.0	60.0	55.0	277.0
o114	255.0	261.0	6.0	290.0	7.0	34.0	297.0	233.0	55.0	15.0	219.0	25.0	272.0	285.0	30.0	92.0	59.0	4.0	271.0	3.0	250.0	18.0	24.0	247.0	229.0	38.0	3.0	274.0	14.0	238.0	63.0	211.0	55.0	47.0	92.0	278.0	54.0	284.0	32.0	288.0	271.0	14.0	14.0	70.0	16.0	223.0	83.0	43.0	248.0	266.0
o115	275.0	79.0	0.0	22.0	0.0	0.0	0.0	31.0	0.0	91.0	0.0	0.0	0.0	0.0	0.0	87.0	28.0	0.0	0.0	0.0	54.0	34.0	96.0	92.0	0.0	0.0	87.0	0.0	0.0	83.0	58.0	16.0	66.0	59.0	74.0	15.0	52.0	0.0	14.0	0.0	0.0	0.0	0.0	15.0	78.0	0.0	0.0	11.0	50.0	0.0
o116	45.0	286.0	295.0	223.0	284.0	211.0	289.0	259.0	294.0	244.0	277.0	208.0	232.0	247.0	200.0	228.0	296.0	295.0	204.0	233.0	209.0	292.0	225.0	282.0	242.0	203.0	281.0	244.0	241.0	270.0	226.0	200.0	211.0	287.0	279.0	228.0	270.0	272.0	245.0	265.0	293.0	261.0	236.0	278.0	216.0	255.0	291.0	213.0	287.0	273.0
o117	208.0	54.0	256.0	296.0	264.0	39.0	254.0	34.0	234.0	59.0	84.0	230.0	58.0	259.0	90.0	208.0	67.0	21.0	260.0	297.0	274.0	38.0	28.0	288.0	19.0	206.0	91.0	27.0	218.0	213.0	75.0	283.0	7.0	94.0	215.0	94.0	225.0	93.0	62.0	87.0	223.0	16.0	64.0	23.0	17.0	279.0	62.0	276.0	28.0	284.0
o118	0.0	206.0	0.0	0.0	0.0	0.0	204.0	247.0	285.0	240.0	247.0	0.0	0.0	0.0	0.0	0.0	262.0	0.0	0.0	0.0	299.0	216.0	209.0	299.0	293.0	0.0	0.0	0.0	233.0	221.0	0.0	208.0	218.0	222.0	217.0	0.0	299.0	0.0	0.0	0.0	0.0	262.0	213.0	274.0	0.0	0.0	289.0	260.0	297.0	0.0
o119	239.0	264.0	292.0	293.0	227.0	252.0	220.0	238.0	243.0	288.0	269.0	273.0	201.0	271.0	230.0	229.0	221.0	293.0	201.0	274.0	286.0	249.0	296.0	200.0	263.0	24.0	81.0	78.0	44.0	82.0	53.0	56.0	56.0	39.0	62.0	17.0	45.0	95.0	68.0	28.0	86.0	18.0	52.0	14.0	75.0	87.0	95.0	84.0	83.0	213.0
o120	239.0	204.0	235.0	220.0	276.0	261.0	283.0	250.0	254.0	240.0	278.0	264.0	274.0	291.0	277.0	263.0	294.0	291.0	231.0	201.0	278.0	232.0	246.0	205.0	218.0	267.0	230.0	294.0	200.0	4.0	69.0	35.0	89.0	55.0	55.0	10.0	92.0	89.0	40.0	32.0	91.0	44.0	61.0	46.0	91.0	34.0	82.0	95.0	81.0	245.0
o121	257.0	0.0	0.0	223.0	0.0	277.0	0.0	261.0	278.0	209.0	0.0	208.0	0.0	0.0	0.0	215.0	0.0	237.0	0.0	245.0	0.0	208.0	233.0	0.0	0.0	0.0	0.0	86.0	96.0	17.0	10.0	46.0	0.0	0.0	66.0	32.0	36.0	30.0	0.0	75.0	35.0	0.0	0.0	84.0	0.0	0.0	0.0	0.0	0.0	223.0
o122	213.0	257.0	245.0	289.0	289.0	243.0	234.0	299.0	232.0	290.0	245.0	218.0	233.0	205.0	228.0	251.0	201.0	228.0	252.0	202.0	237.0	270.0	264.0	250.0	266.0	48.0	25.0	56.0	98.0	85.0	45.0	4.0	97.0	95.0	74.0	36.0	36.0	2.0	45.0	46.0	63.0	89.0	23.0	64.0	7.0	8.0	6.0	19.0	47.0	96.0
o123	233.0	231.0	247.0	266.0	232.0	290.0	273.0	211.0	217.0	224.0	253.0	299.0	295.0	299.0	214.0	202.0	200.0	223.0	226.0	263.0	241.0	294.0	298.0	280.0	272.0	283.0	253.0	25.0	20.0	4.0	55.0	13.0	76.0	8.0	14.0	83.0	34.0	17.0	93.0	45.0	87.0	91.0	66.0	41.0	79.0	15.0	58.0	89.0	59.0	79.0
o124	294.0	0.0	208.0	0.0	0.0	0.0	0.0	271.0	0.0	266.0	0.0	260.0	0.0	0.0	244.0	0.0	0.0	262.0	281.0	225.0	0.0	218.0	0.0	218.0	0.0	0.0	10.0	0.0	4.0	39.0	98.0	0.0	74.0	71.0	0.0	0.0	0.0	49.0	91.0	0.0	84.0	0.0	0.0	38.0	23.0	0.0	76.0	99.0	77.0	0.0
o125	223.0	299.0	282.0	264.0	296.0	223.0	205.0	294.0	244.0	242.0	226.0	276.0	64.0	73.0	42.0	84.0	27.0	46.0	83.0	98.0	81.0	65.0	58.0	75.0	71.0	292.0	299.0	296.0	281.0	237.0	215.0	266.0	229.0	230.0	297.0	259.0	292.0	44.0	12.0	23.0	23.0	50.0	65.0	67.0	1.0	88.0	62.0	29.0	27.0	288.0
o126	281.0	263.0	273.0	244.0	258.0	230.0	224.0	282.0	217.0	265.0	295.0	299.0	14.0	55.0	39.0	20.0	53.0	65.0	9.0	3.0	91.0	26.0	43.0	29.0	94.0	75.0	284.0	277.0	227.0	280.0	259.0	229.0	215.0	240.0	246.0	212.0	28.0	26.0	65.0	12.0	30.0	80.0	41.0	23.0	30.0	64.0	51.0	81.0	76.0	7.0
o127	0.0	0.0	229.0	0.0	282.0	281.0	216.0	213.0	0.0	0.0	213.0	246.0	71.0	18.0	55.0	40.0	0.0	34.0	39.0	0.0	0.0	0.0	0.0	0.0	0.0	222.0	0.0	0.0	0.0	0.0	258.0	226.0	256.0	0.0	292.0	208.0	218.0	0.0	98.0	0.0	87.0	8.0	0.0	66.0	0.0	0.0	0.0	0.0	0.0	218.0
o128	262.0	258.0	261.0	279.0	210.0	203.0	259.0	269.0	279.0	235.0	259.0	203.0	45.0	46.0	41.0	21.0	13.0	73.0	75.0	82.0	78.0	22.0	34.0	23.0	79.0	296.0	224.0	278.0	240.0	297.0	239.0	297.0	219.0	227.0	203.0	213.0	227.0	95.0	71.0	98.0	92.0	84.0	17.0	16.0	35.0	5.0	42.0	52.0	5.0	22.0
o129	277.0	296.0	230.0	280.0	261.0	255.0	237.0	291.0	212.0	222.0	251.0	76.0	97.0	67.0	82.0	36.0	15.0	9.0	32.0	80.0	48.0	17.0	43.0	84.0	94.0	30.0	230.0	286.0	287.0	236.0	229.0	242.0	284.0	237.0	95.0	33.0	39.0	75.0	43.0	90.0	73.0	46.0	11.0	55.0	69.0	41.0	83.0	4.0	28.0	0.0
o130	298.0	217.0	204.0	219.0	219.0	210.0	246.0	292.0	200.0	215.0	262.0	253.0	205.0	267.0	268.0	247.0	200.0	251.0	202.0	281.0	227.0	254.0	249.0	229.0	264.0	283.0	265.0	273.0	257.0	272.0	270.0	198.0	251.0	265.0	193.0	213.0	243.0	254.0	196.0	248.0	247.0	153.0	235.0	194.0	168.0	223.0	145.0	192.0	112.0	162.0
o131	292.0	265.0	237.0	270.0	259.0	248.0	282.0	285.0	249.0	233.0	247.0	272.0	292.0	241.0	245.0	231.0	257.0	202.0	218.0	208.0	234.0	227.0	241.0	263.0	221.0	217.0	204.0	285.0	262.0	281.0	247.0	225.0	227.0	270.0	208.0	244.0	232.0	243.0	235.0	250.0	242.0	194.0	175.0	134.0	195.0	183.0	209.0	150.0	123.0	156.0
o132	0.0	230.0	0.0	0.0	0.0	0.0	232.0	0.0	0.0	220.0	0.0	0.0	257.0	231.0	200.0	0.0	235.0	0.0	216.0	273.0	0.0	0.0	299.0	229.0	0.0	258.0	284.0	0.0	204.0	0.0	0.0	0.0	0.0	257.0	196.0	0.0	0.0	172.0	0.0	246.0	0.0	0.0	0.0	0.0	140.0	0.0	128.0	181.0	0.0	141.0
o133	285.0	288.0	269.0	265.0	285.0	294.0	291.0	276.0	263.0	296.0	215.0	203.0	258.0	237.0	291.0	269.0	237.0	221.0	209.0	232.0	226.0	205.0	276.0	248.0	250.0	236.0	247.0	225.0	183.0	274.0	272.0	230.0	168.0	215.0	208.0	237.0	225.0	188.0	142.0	169.0	180.0	154.0	207.0	165.0	121.0	127.0	93.0	124.0	142.0	101.0
o134	217.0	244.0	222.0	247.0	239.0	245.0	201.0	287.0	274.0	281.0	215.0	205.0	272.0	210.0	276.0	232.0	214.0	298.0	210.0	246.0	218.0	213.0	208.0	221.0	231.0	252.0	234.0	198.0	220.0	222.0	229.0	228.0	267.0	242.0	215.0	216.0	214.0	154.0	173.0	225.0	165.0	148.0	149.0	180.0	178.0	155.0	150.0	105.0	149.0	145.0
o135	0.0	0.0	226.0	0.0	0.0	0.0	255.0	250.0	285.0	0.0	0.0	0.0	216.0	0.0	268.0	271.0	0.0	228.0	241.0	0.0	0.0	0.0	232.0	255.0	263.0	290.0	0.0	0.0	0.0	266.0	209.0	0.0	0.0	0.0	0.0	214.0	229.0	152.0	0.0	141.0	0.0	0.0	0.0	0.0	191.0	0.0	154.0	87.0	165.0	0.0
o136	278.0	281.0	296.0	242.0	230.0	253.0	275.0	268.0	203.0	207.0	277.0	220.0	219.0	290.0	210.0	298.0	243.0	264.0	203.0	214.0	249.0	274.0	205.0	245.0	221.0	260.0	266.0	287.0	227.0	222.0	244.0	200.0	172.0	208.0	180.0	200.0	157.0	115.0	165.0	96.0	159.0	78.0	92.0	92.0	94.0	44.0	58.0	13.0	80.0	86.0
o137	278.0	286.0	266.0	219.0	200.0	286.0	235.0	257.0	224.0	247.0	273.0	261.0	218.0	203.0	217.0	274.0	242.0	200.0	277.0	248.0	291.0	223.0	278.0	266.0	298.0	206.0	296.0	223.0	194.0	212.0	252.0	201.0	219.0	160.0	165.0	202.0	172.0	120.0	135.0	101.0	65.0	55.0	104.0	48.0	87.0	84.0	95.0	30.0	55.0	73.0
o138	0.0	264.0	281.0	299.0	240.0	0.0	286.0	297.0	236.0	0.0	0.0	0.0	0.0	0.0	0.0	0.0	297.0	256.0	224.0	0.0	0.0	0.0	0.0	201.0	0.0	215.0	0.0	280.0	0.0	0.0	0.0	268.0	186.0	170.0	0.0	0.0	0.0	0.0	185.0	0.0	0.0	95.0	0.0	0.0	117.0	63.0	33.0	0.0	93.0	40.0
o139	284.0	277.0	253.0	213.0	293.0	200.0	225.0	280.0	232.0	298.0	231.0	261.0	274.0	272.0	279.0	280.0	246.0	233.0	233.0	52.0	69.0	11.0	94.0	83.0	48.0	178.0	197.0	226.0	227.0	213.0	131.0	149.0	122.0	136.0	159.0	135.0	124.0	80.0	56.0	24.0	10.0	87.0	31.0	18.0	27.0	24.0	77.0	32.0	107.0	95.0
o140	275.0	270.0	226.0	205.0	209.0	215.0	200.0	212.0	267.0	200.0	299.0	268.0	297.0	241.0	247.0	298.0	296.0	289.0	234.0	16.0	75.0	84.0	16.0	69.0	0.0	183.0	234.0	242.0	187.0	182.0	161.0	183.0	180.0	163.0	133.0	127.0	101.0	53.0	60.0	72.0	31.0	106.0	45.0	94.0	69.0	72.0	72.0	22.0	42.0	106.0
o141	263.0	0.0	249.0	218.0	0.0	0.0	238.0	0.0	239.0	200.0	0.0	217.0	234.0	0.0	230.0	0.0	0.0	0.0	242.0	46.0	0.0	5.0	0.0	92.0	0.0	223.0	186.0	0.0	172.0	162.0	125.0	0.0	86.0	96.0	0.0	0.0	85.0	107.0	0.0	0.0	0.0	28.0	48.0	0.0	39.0	0.0	85.0	18.0	0.0	111.0
o142	257.0	250.0	200.0	292.0	204.0	218.0	296.0	216.0	298.0	278.0	211.0	219.0	238.0	1.0	75.0	44.0	60.0	48.0	18.0	75.0	65.0	84.0	35.0	60.0	31.0	247.0	257.0	236.0	238.0	224.0	200.0	122.0	111.0	97.0	72.0	79.0	53.0	3.0	56.0	49.0	120.0	72.0	67.0	128.0	168.0	235.0	249.0	258.0	258.0	282.0
o143	261.0	295.0	231.0	294.0	288.0	255.0	277.0	283.0	244.0	210.0	290.0	298.0	272.0	18.0	73.0	42.0	12.0	18.0	76.0	56.0	66.0	85.0	45.0	22.0	66.0	246.0	195.0	260.0	194.0	169.0	190.0	174.0	74.0	78.0	79.0	36.0	17.0	59.0	33.0	56.0	127.0	88.0	104.0	138.0	229.0	153.0	251.0	281.0	215.0	293.0
o144	205.0	0.0	274.0	0.0	0.0	231.0	0.0	248.0	0.0	279.0	0.0	0.0	251.0	57.0	77.0	18.0	0.0	58.0	0.0	0.0	11.0	0.0	57.0	40.0	0.0	298.0	0.0	234.0	0.0	0.0	0.0	135.0	127.0	0.0	0.0	113.0	8.0	20.0	0.0	67.0	70.0	113.0	80.0	0.0	0.0	195.0	193.0	0.0	235.0	0.0
o145	281.0	224.0	219.0	265.0	290.0	224.0	70.0	22.0	47.0	93.0	80.0	88.0	32.0	92.0	96.0	12.0	48.0	8.0	60.0	236.0	212.0	212.0	273.0	228.0	288.0	103.0	145.0	113.0	56.0	93.0	89.0	46.0	27.0	62.0	116.0	104.0	171.0	158.0	137.0	163.0	203.0	190.0	288.0	296.0	272.0	243.0	274.0	215.0	144.0	186.0
o146	297.0	234.0	220.0	226.0	256.0	201.0	235.0	39.0	55.0	16.0	72.0	49.0	54.0	37.0	35.0	43.0	0.0	31.0	64.0	213.0	233.0	269.0	260.0	260.0	262.0	172.0	81.0	82.0	48.0	32.0	76.0	50.0	22.0	71.0	124.0	109.0	167.0	110.0	181.0	191.0	182.0	223.0	276.0	259.0	234.0	283.0	278.0	186.0	144.0	183.0
o147	274.0	0.0	212.0	259.0	0.0	288.0	0.0	72.0	0.0	0.0	0.0	0.0	5.0	0.0	0.0	0.0	0.0	0.0	93.0	0.0	0.0	206.0	0.0	0.0	0.0	0.0	0.0	0.0	41.0	0.0	0.0	61.0	17.0	0.0	0.0	121.0	98.0	0.0	0.0	219.0	0.0	0.0	0.0	206.0	257.0	263.0	0.0	201.0	233.0	0.0
o148	263.0	264.0	233.0	272.0	235.0	217.0	240.0	221.0	205.0	215.0	81.0	39.0	63.0	38.0	52.0	98.0	56.0	33.0	64.0	43.0	240.0	290.0	252.0	238.0	214.0	252.0	291.0	205.0	214.0	214.0	97.0	132.0	57.0	25.0	64.0	61.0	48.0	90.0	82.0	145.0	126.0	203.0	209.0	198.0	277.0	284.0	241.0	224.0	219.0	157.0
o149	257.0	261.0	251.0	257.0	236.0	234.0	220.0	241.0	213.0	211.0	64.0	96.0	91.0	6.0	74.0	99.0	36.0	32.0	46.0	78.0	296.0	251.0	295.0	230.0	280.0	235.0	218.0	224.0	190.0	203.0	215.0	193.0	175.0	120.0	96.0	45.0	95.0	36.0	17.0	54.0	92.0	79.0	180.0	252.0	256.0	224.0	290.0	205.0	180.0	207.0
o150	0.0	277.0	201.0	250.0	0.0	0.0	0.0	224.0	274.0	0.0	63.0	0.0	0.0	0.0	0.0	0.0	0.0	0.0	68.0	45.0	0.0	0.0	0.0	247.0	279.0	275.0	0.0	201.0	180.0	0.0	0.0	153.0	0.0	0.0	21.0	98.0	42.0	111.0	0.0	127.0	195.0	0.0	267.0	0.0	0.0	249.0	0.0	194.0	0.0	0.0
o151	279.0	238.0	224.0	248.0	24.0	84.0	8.0	13.0	82.0	51.0	87.0	53.0	99.0	66.0	218.0	262.0	209.0	274.0	284.0	284.0	242.0	233.0	250.0	222.0	90.0	68.0	114.0	14.0	43.0	73.0	90.0	123.0	131.0	95.0	163.0	200.0	216.0	229.0	248.0	219.0	284.0	259.0	205.0	123.0	133.0	134.0	63.0	17.0	53.0	85.0
o152	273.0	273.0	228.0	224.0	224.0	246.0	75.0	32.0	66.0	37.0	71.0	0.0	43.0	248.0	263.0	275.0	292.0	251.0	287.0	258.0	226.0	217.0	282.0	30.0	23.0	142.0	97.0	7.0	41.0	7.0	87.0	103.0	197.0	143.0	232.0	220.0	235.0	282.0	236.0	209.0	225.0	164.0	138.0	122.0	111.0	96.0	64.0	79.0	41.0	67.0
o153	244.0	257.0	253.0	0.0	14.0	27.0	0.0	7.0	39.0	2.0	76.0	0.0	0.0	0.0	0.0	0.0	0.0	293.0	249.0	250.0	0.0	241.0	291.0	0.0	0.0	95.0	0.0	0.0	78.0	96.0	98.0	0.0	138.0	113.0	0.0	0.0	268.0	0.0	225.0	251.0	200.0	235.0	0.0	0.0	99.0	102.0	0.0	73.0	0.0	0.0
o154	243.0	259.0	238.0	267.0	248.0	277.0	287.0	269.0	62.0	16.0	59.0	61.0	65.0	85.0	87.0	62.0	65.0	278.0	209.0	282.0	236.0	277.0	231.0	241.0	212.0	285.0	247.0	211.0	149.0	135.0	136.0	88.0	53.0	56.0	26.0	116.0	85.0	169.0	206.0	182.0	209.0	277.0	225.0	202.0	181.0	195.0	106.0	48.0	73.0	46.0
o155	256.0	209.0	279.0	202.0	261.0	203.0	235.0	243.0	286.0	257.0	59.0	19.0	92.0	37.0	61.0	44.0	30.0	297.0	201.0	259.0	235.0	256.0	222.0	222.0	244.0	216.0	245.0	213.0	146.0	98.0	136.0	24.0	58.0	12.0	90.0	157.0	130.0	170.0	271.0	199.0	207.0	219.0	203.0	250.0	157.0	159.0	60.0	43.0	18.0	43.0
o156	267.0	0.0	0.0	0.0	0.0	0.0	0.0	221.0	72.0	0.0	0.0	40.0	80.0	45.0	0.0	0.0	0.0	212.0	0.0	286.0	223.0	0.0	0.0	209.0	226.0	0.0	0.0	207.0	0.0	0.0	0.0	0.0	60.0	0.0	0.0	118.0	0.0	0.0	229.0	230.0	232.0	274.0	269.0	0.0	229.0	130.0	0.0	91.0	0.0	44.0
o157	231.0	266.0	50.0	47.0	1.0	98.0	11.0	14.0	16.0	69.0	38.0	286.0	200.0	239.0	279.0	295.0	212.0	217.0	245.0	15.0	68.0	24.0	69.0	68.0	89.0	109.0	45.0	96.0	33.0	41.0	110.0	144.0	217.0	235.0	205.0	234.0	255.0	182.0	190.0	186.0	83.0	126.0	48.0	67.0	87.0	31.0	143.0	86.0	157.0	237.0
o158	241.0	255.0	261.0	88.0	21.0	80.0	75.0	64.0	9.0	31.0	59.0	225.0	291.0	200.0	240.0	258.0	271.0	222.0	298.0	248.0	35.0	57.0	57.0	35.0	38.0	81.0	75.0	97.0	38.0	112.0	119.0	173.0	139.0	149.0	230.0	203.0	261.0	276.0	178.0	221.0	171.0	167.0	116.0	47.0	115.0	55.0	80.0	103.0	78.0	175.0
o159	206.0	239.0	0.0	61.0	0.0	99.0	0.0	27.0	1.0	0.0	0.0	0.0	0.0	0.0	0.0	266.0	296.0	226.0	0.0	69.0	0.0	0.0	0.0	96.0	0.0	0.0	73.0	0.0	39.0	0.0	0.0	157.0	0.0	196.0	0.0	0.0	283.0	0.0	0.0	0.0	74.0	126.0	60.0	4.0	0.0	63.0	55.0	111.0	0.0	218.0
o160	276.0	255.0	238.0	222.0	242.0	261.0	54.0	6.0	93.0	67.0	82.0	16.0	12.0	290.0	231.0	238.0	216.0	288.0	267.0	32.0	10.0	26.0	76.0	68.0	4.0	250.0	182.0	158.0	186.0	98.0	83.0	51.0	98.0	88.0	195.0	245.0	241.0	225.0	192.0	255.0	184.0	123.0	27.0	60.0	8.0	83.0	118.0	187.0	236.0	245.0
o161	209.0	282.0	200.0	216.0	211.0	47.0	9.0	27.0	37.0	64.0	75.0	57.0	207.0	296.0	271.0	240.0	296.0	260.0	212.0	17.0	81.0	39.0	25.0	6.0	92.0	261.0	254.0	193.0	176.0	45.0	94.0	30.0	33.0	111.0	166.0	182.0	209.0	252.0	237.0	227.0	156.0	142.0	169.0	16.0	32.0	81.0	130.0	227.0	269.0	286.0
o162	246.0	0.0	296.0	0.0	253.0	0.0	0.0	0.0	26.0	0.0	52.0	72.0	0.0	246.0	224.0	287.0	0.0	255.0	252.0	0.0	95.0	0.0	0.0	32.0	0.0	294.0	218.0	0.0	0.0	0.0	0.0	56.0	0.0	0.0	0.0	0.0	281.0	267.0	0.0	206.0	209.0	86.0	54.0	70.0	0.0	0.0	118.0	0.0	195.0	0.0
o163	19.0	49.0	98.0	69.0	9.0	16.0	255.0	246.0	266.0	250.0	223.0	242.0	232.0	5.0	54.0	43.0	51.0	92.0	24.0	234.0	291.0	216.0	284.0	293.0	219.0	99.0	20.0	137.0	142.0	241.0	210.0	236.0	214.0	207.0	103.0	125.0	33.0	93.0	99.0	75.0	90.0	185.0	184.0	213.0	198.0	261.0	169.0	106.0	47.0	67.0
o164	52.0	92.0	86.0	4.0	34.0	55.0	1.0	60.0	93.0	274.0	280.0	273.0	269.0	283.0	64.0	22.0	39.0	56.0	86.0	63.0	72.0	95.0	218.0	297.0	257.0	85.0	96.0	95.0	103.0	174.0	276.0	213.0	204.0	214.0	139.0	138.0	97.0	60.0	89.0	47.0	106.0	168.0	260.0	192.0	229.0	263.0	186.0	157.0	152.0	134.0
o165	26.0	45.0	17.0	0.0	13.0	0.0	0.0	0.0	0.0	251.0	0.0	0.0	0.0	31.0	32.0	0.0	0.0	62.0	12.0	244.0	218.0	0.0	0.0	290.0	0.0	0.0	0.0	0.0	0.0	244.0	0.0	211.0	192.0	0.0	196.0	141.0	0.0	0.0	19.0	105.0	157.0	0.0	226.0	248.0	292.0	264.0	164.0	0.0	84.0	102.0
o166	227.0	200.0	265.0	270.0	7.0	66.0	80.0	16.0	297.0	285.0	262.0	254.0	299.0	95.0	79.0	67.0	1.0	255.0	230.0	224.0	258.0	87.0	62.0	73.0	99.0	208.0	234.0	92.0	98.0	69.0	56.0	168.0	246.0	266.0	175.0	135.0	74.0	14.0	45.0	96.0	247.0	236.0	278.0	221.0	146.0	19.0	43.0	115.0	166.0	269.0
o167	204.0	270.0	271.0	223.0	285.0	53.0	98.0	91.0	24.0	238.0	246.0	209.0	202.0	279.0	58.0	93.0	6.0	287.0	232.0	284.0	289.0	30.0	43.0	77.0	15.0	236.0	239.0	137.0	104.0	29.0	113.0	139.0	240.0	258.0	289.0	205.0	60.0	45.0	66.0	112.0	224.0	218.0	173.0	43.0	54.0	38.0	75.0	170.0	166.0	256.0
o168	243.0	277.0	203.0	242.0	55.0	0.0	0.0	0.0	0.0	0.0	210.0	241.0	296.0	0.0	96.0	80.0	92.0	298.0	291.0	0.0	0.0	74.0	13.0	0.0	0.0	0.0	248.0	0.0	28.0	15.0	109.0	0.0	0.0	242.0	0.0	0.0	47.0	7.0	55.0	0.0	176.0	0.0	188.0	172.0	146.0	0.0	0.0	0.0	0.0	0.0
o169	3.0	89.0	272.0	256.0	245.0	210.0	29.0	70.0	26.0	49.0	67.0	243.0	251.0	218.0	277.0	97.0	88.0	39.0	59.0	260.0	299.0	212.0	267.0	34.0	39.0	174.0	217.0	225.0	208.0	112.0	39.0	22.0	53.0	102.0	182.0	209.0	209.0	137.0	63.0	49.0	38.0	118.0	205.0	214.0	271.0	179.0	138.0	14.0	40.0	101.0
o170	81.0	99.0	216.0	228.0	217.0	266.0	31.0	78.0	59.0	28.0	233.0	294.0	272.0	254.0	62.0	69.0	18.0	28.0	12.0	263.0	298.0	217.0	259.0	269.0	33.0	202.0	187.0	204.0	270.0	217.0	148.0	162.0	89.0	52.0	88.0	100.0	161.0	242.0	246.0	152.0	92.0	80.0	93.0	172.0	289.0	88.0	106.0	62.0	79.0	87.0
o171	0.0	0.0	227.0	0.0	0.0	0.0	84.0	54.0	0.0	57.0	0.0	270.0	0.0	250.0	292.0	2.0	55.0	0.0	0.0	0.0	0.0	0.0	224.0	0.0	43.0	0.0	0.0	0.0	186.0	0.0	0.0	0.0	0.0	126.0	0.0	0.0	0.0	193.0	81.0	45.0	103.0	129.0	224.0	0.0	266.0	160.0	0.0	0.0	0.0	111.0
o172	210.0	241.0	210.0	278.0	245.0	269.0	247.0	286.0	288.0	283.0	245.0	246.0	238.0	255.0	241.0	234.0	206.0	268.0	250.0	218.0	269.0	293.0	217.0	278.0	214.0	275.0	124.0	98.0	102.0	121.0	128.0	93.0	146.0	88.0	99.0	119.0	87.0	47.0	60.0	38.0	26.0	18.0	69.0	14.0	17.0	9.0	59.0	61.0	94.0	5.0
o173	293.0	49.0	207.0	85.0	36.0	82.0	23.0	261.0	14.0	254.0	53.0	18.0	265.0	273.0	51.0	275.0	286.0	32.0	228.0	238.0	229.0	25.0	241.0	238.0	259.0	241.0	37.0	289.0	72.0	175.0	167.0	228.0	142.0	226.0	231.0	171.0	69.0	218.0	255.0	218.0	73.0	241.0	231.0	195.0	115.0	45.0	112.0	83.0	172.0	154.0
o174	203.0	0.0	0.0	0.0	0.0	269.0	0.0	0.0	0.0	288.0	280.0	210.0	0.0	261.0	0.0	272.0	260.0	204.0	0.0	297.0	0.0	0.0	262.0	0.0	280.0	0.0	0.0	0.0	168.0	0.0	108.0	103.0	56.0	0.0	112.0	130.0	95.0	0.0	0.0	0.0	0.0	49.0	0.0	0.0	0.0	0.0	0.0	11.0	0.0	37.0
o175	296.0	59.0	31.0	14.0	88.0	83.0	95.0	79.0	66.0	5.0	71.0	88.0	46.0	34.0	15.0	44.0	16.0	46.0	61.0	41.0	38.0	31.0	68.0	53.0	17.0	151.0	34.0	57.0	4.0	83.0	33.0	25.0	73.0	96.0	78.0	108.0	77.0	126.0	81.0	96.0	104.0	72.0	66.0	82.0	144.0	118.0	172.0	143.0	140.0	128.0
o176	55.0	204.0	85.0	82.0	270.0	74.0	299.0	220.0	3.0	235.0	29.0	14.0	23.0	209.0	250.0	271.0	218.0	15.0	83.0	218.0	256.0	62.0	59.0	240.0	16.0	23.0	202.0	43.0	173.0	223.0	284.0	23.0	205.0	228.0	73.0	250.0	69.0	264.0	196.0	187.0	134.0	173.0	284.0	52.0	285.0	72.0	176.0	142.0	205.0	122.0
o177	0.0	0.0	0.0	0.0	46.0	33.0	92.0	43.0	82.0	0.0	0.0	50.0	0.0	24.0	0.0	27.0	66.0	65.0	68.0	0.0	31.0	49.0	0.0	0.0	0.0	0.0	61.0	38.0	0.0	0.0	0.0	0.0	0.0	0.0	86.0	0.0	0.0	107.0	0.0	123.0	0.0	0.0	0.0	115.0	101.0	0.0	157.0	0.0	0.0	191.0
o178	230.0	92.0	5.0	83.0	71.0	23.0	2.0	18.0	70.0	77.0	57.0	19.0	57.0	7.0	73.0	65.0	3.0	48.0	13.0	55.0	86.0	64.0	14.0	33.0	75.0	231.0	95.0	71.0	29.0	106.0	105.0	127.0	89.0	89.0	80.0	78.0	139.0	116.0	123.0	196.0	150.0	179.0	247.0	188.0	189.0	214.0	271.0	227.0	273.0	228.0
o179	25.0	251.0	79.0	17.0	25.0	41.0	7.0	68.0	253.0	12.0	32.0	97.0	94.0	217.0	244.0	250.0	233.0	6.0	29.0	208.0	67.0	27.0	8.0	255.0	93.0	21.0	93.0	73.0	253.0	48.0	105.0	101.0	169.0	213.0	50.0	231.0	231.0	88.0	110.0	182.0	127.0	159.0	57.0	129.0	249.0	34.0	228.0	275.0	49.0	73.0
o180	0.0	0.0	39.0	29.0	53.0	0.0	98.0	0.0	94.0	78.0	0.0	0.0	0.0	60.0	0.0	0.0	74.0	0.0	0.0	20.0	77.0	61.0	41.0	0.0	0.0	0.0	87.0	0.0	87.0	74.0	0.0	126.0	0.0	0.0	0.0	125.0	0.0	148.0	0.0	159.0	0.0	200.0	188.0	0.0	201.0	240.0	0.0	0.0	229.0	0.0
o181	4.0	220.0	224.0	247.0	295.0	251.0	293.0	288.0	257.0	215.0	223.0	281.0	289.0	215.0	295.0	259.0	216.0	268.0	263.0	203.0	263.0	254.0	232.0	264.0	205.0	18.0	251.0	232.0	258.0	232.0	239.0	244.0	172.0	225.0	175.0	211.0	158.0	157.0	117.0	97.0	81.0	69.0	57.0	55.0	67.0	52.0	41.0	8.0	77.0	31.0
o182	206.0	205.0	88.0	298.0	48.0	58.0	45.0	57.0	35.0	42.0	229.0	98.0	231.0	52.0	11.0	46.0	210.0	237.0	220.0	285.0	254.0	258.0	9.0	37.0	89.0	66.0	68.0	33.0	52.0	281.0	94.0	69.0	154.0	136.0	149.0	205.0	127.0	111.0	197.0	194.0	174.0	145.0	195.0	64.0	175.0	257.0	261.0	95.0	298.0	297.0
o183	56.0	0.0	284.0	0.0	220.0	233.0	285.0	0.0	282.0	0.0	275.0	243.0	283.0	0.0	0.0	0.0	0.0	239.0	251.0	216.0	276.0	0.0	0.0	0.0	260.0	16.0	0.0	0.0	0.0	0.0	199.0	0.0	0.0	162.0	0.0	199.0	137.0	0.0	0.0	144.0	137.0	0.0	0.0	78.0	116.0	86.0	0.0	0.0	0.0	19.0
o184	245.0	221.0	233.0	281.0	291.0	275.0	277.0	207.0	237.0	250.0	240.0	210.0	285.0	3.0	74.0	58.0	84.0	70.0	3.0	76.0	72.0	10.0	55.0	14.0	17.0	280.0	204.0	205.0	260.0	183.0	157.0	122.0	88.0	50.0	111.0	74.0	57.0	81.0	75.0	61.0	102.0	124.0	121.0	191.0	192.0	201.0	261.0	201.0	243.0	213.0
o185	220.0	238.0	210.0	263.0	208.0	295.0	280.0	260.0	226.0	251.0	58.0	94.0	78.0	15.0	29.0	31.0	18.0	93.0	30.0	71.0	0.0	92.0	70.0	89.0	18.0	246.0	197.0	274.0	264.0	231.0	145.0	153.0	112.0	133.0	81.0	92.0	100.0	92.0	39.0	28.0	99.0	37.0	146.0	126.0	167.0	219.0	221.0	257.0	279.0	266.0
o186	0.0	0.0	0.0	289.0	0.0	0.0	0.0	0.0	0.0	0.0	0.0	218.0	294.0	0.0	63.0	0.0	11.0	9.0	16.0	28.0	0.0	0.0	46.0	23.0	0.0	298.0	250.0	269.0	0.0	231.0	0.0	0.0	104.0	52.0	95.0	0.0	43.0	62.0	73.0	0.0	0.0	0.0	0.0	0.0	194.0	0.0	0.0	250.0	0.0	206.0
o187	237.0	266.0	247.0	257.0	270.0	258.0	245.0	233.0	237.0	247.0	269.0	226.0	250.0	3.0	93.0	41.0	2.0	96.0	3.0	18.0	85.0	43.0	74.0	70.0	84.0	231.0	244.0	250.0	197.0	188.0	190.0	116.0	88.0	114.0	65.0	75.0	67.0	34.0	80.0	62.0	67.0	49.0	112.0	137.0	123.0	172.0	233.0	267.0	273.0	238.0
o188	251.0	273.0	285.0	200.0	277.0	201.0	256.0	209.0	285.0	239.0	217.0	292.0	216.0	255.0	96.0	23.0	31.0	31.0	37.0	62.0	31.0	35.0	23.0	33.0	2.0	231.0	198.0	271.0	228.0	163.0	208.0	98.0	124.0	45.0	74.0	66.0	13.0	31.0	60.0	53.0	75.0	75.0	196.0	186.0	161.0	180.0	213.0	281.0	262.0	204.0
o189	230.0	0.0	0.0	232.0	0.0	0.0	0.0	0.0	249.0	0.0	235.0	230.0	0.0	17.0	51.0	0.0	97.0	90.0	73.0	0.0	0.0	0.0	71.0	0.0	0.0	0.0	283.0	258.0	184.0	235.0	0.0	0.0	0.0	0.0	83.0	72.0	0.0	0.0	0.0	0.0	38.0	0.0	0.0	0.0	146.0	0.0	244.0	250.0	0.0	228.0
o190	284.0	286.0	296.0	251.0	277.0	289.0	74.0	94.0	11.0	97.0	51.0	19.0	52.0	288.0	225.0	241.0	258.0	212.0	230.0	62.0	79.0	45.0	42.0	47.0	28.0	222.0	263.0	175.0	188.0	140.0	75.0	66.0	68.0	80.0	157.0	159.0	274.0	232.0	260.0	212.0	131.0	114.0	47.0	28.0	51.0	73.0	115.0	144.0	185.0	216.0
o191	257.0	220.0	263.0	249.0	269.0	242.0	211.0	32.0	80.0	67.0	90.0	57.0	9.0	212.0	209.0	235.0	296.0	232.0	7.0	89.0	41.0	76.0	46.0	3.0	60.0	267.0	188.0	207.0	59.0	42.0	106.0	164.0	129.0	196.0	232.0	276.0	223.0	114.0	121.0	69.0	116.0	17.0	9.0	110.0	77.0	81.0	178.0	260.0	232.0	247.0
o192	0.0	223.0	0.0	234.0	261.0	220.0	69.0	34.0	0.0	5.0	0.0	0.0	0.0	222.0	0.0	232.0	248.0	282.0	0.0	0.0	0.0	0.0	38.0	0.0	0.0	0.0	0.0	241.0	109.0	88.0	0.0	22.0	0.0	0.0	0.0	216.0	0.0	283.0	0.0	198.0	199.0	0.0	115.0	0.0	0.0	46.0	0.0	202.0	246.0	198.0
o193	271.0	242.0	234.0	281.0	291.0	214.0	23.0	5.0	89.0	8.0	71.0	50.0	29.0	269.0	297.0	245.0	265.0	298.0	221.0	95.0	59.0	18.0	61.0	99.0	72.0	291.0	192.0	167.0	125.0	134.0	26.0	40.0	61.0	52.0	147.0	223.0	248.0	283.0	212.0	201.0	188.0	109.0	82.0	64.0	35.0	36.0	81.0	157.0	216.0	228.0
o194	238.0	220.0	269.0	259.0	207.0	21.0	23.0	14.0	37.0	29.0	69.0	22.0	61.0	53.0	287.0	262.0	262.0	223.0	52.0	8.0	78.0	13.0	50.0	53.0	11.0	298.0	247.0	158.0	113.0	64.0	65.0	81.0	28.0	83.0	149.0	193.0	175.0	183.0	212.0	166.0	140.0	111.0	99.0	85.0	105.0	120.0	209.0	241.0	249.0	269.0
o195	29.0	31.0	34.0	31.0	34.0	34.0	35.0	35.0	36.0	38.0	36.0	33.0	38.0	42.0	42.0	39.0	37.0	38.0	43.0	37.0	41.0	44.0	46.0	44.0	49.0	43.0	42.0	43.0	49.0	47.0	46.0	48.0	53.0	50.0	54.0	55.0	52.0	59.0	56.0	53.0	57.0	62.0	63.0	60.0	63.0	63.0	59.0	60.0	60.0	68.0
o196	27.0	32.0	34.0	37.0	33.0	38.0	37.0	34.0	40.0	33.0	39.0	33.0	40.0	32.0	35.0	36.0	35.0	42.0	38.0	40.0	44.0	44.0	49.0	48.0	49.0	44.0	47.0	46.0	43.0	47.0	51.0	55.0	53.0	54.0	56.0	57.0	59.0	59.0	60.0	58.0	54.0	61.0	62.0	54.0	59.0	58.0	56.0	62.0	65.0	68.0
o197	33.0	28.0	31.0	0.0	36.0	29.0	36.0	0.0	37.0	0.0	35.0	0.0	34.0	39.0	0.0	37.0	0.0	0.0	36.0	41.0	38.0	0.0	0.0	0.0	0.0	50.0	0.0	51.0	51.0	47.0	0.0	53.0	50.0	0.0	0.0	58.0	56.0	57.0	50.0	0.0	0.0	57.0	0.0	0.0	0.0	0.0	0.0	0.0	0.0	0.0
o198	35.0	33.0	42.0	41.0	44.0	38.0	42.0	46.0	40.0	38.0	45.0	43.0	44.0	48.0	42.0	43.0	49.0	49.0	47.0	47.0	51.0	52.0	57.0	51.0	53.0	52.0	56.0	56.0	54.0	54.0	59.0	59.0	62.0	61.0	64.0	64.0	60.0	62.0	69.0	62.0	70.0	67.0	68.0	68.0	69.0	72.0	74.0	75.0	69.0	74.0
o199	37.0	41.0	34.0	39.0	36.0	44.0	37.0	45.0	38.0	39.0	42.0	47.0	42.0	45.0	46.0	46.0	48.0	50.0	53.0	53.0	47.0	47.0	54.0	52.0	55.0	54.0	54.0	53.0	54.0	56.0	53.0	59.0	57.0	59.0	59.0	63.0	62.0	70.0	64.0	61.0	71.0	66.0	68.0	64.0	69.0	66.0	70.0	75.0	77.0	77.0
o200	34.0	41.0	0.0	0.0	0.0	42.0	0.0	38.0	42.0	0.0	46.0	0.0	0.0	0.0	47.0	0.0	0.0	46.0	52.0	0.0	50.0	0.0	51.0	0.0	0.0	0.0	0.0	58.0	0.0	63.0	0.0	59.0	63.0	0.0	63.0	61.0	0.0	62.0	64.0	0.0	65.0	67.0	0.0	0.0	73.0	74.0	0.0	72.0	0.0	76.0
o201	26.0	32.0	32.0	32.0	33.0	37.0	40.0	37.0	37.0	44.0	44.0	41.0	47.0	43.0	49.0	53.0	53.0	48.0	53.0	56.0	61.0	60.0	65.0	65.0	61.0	68.0	63.0	70.0	69.0	74.0	75.0	77.0	74.0	79.0	83.0	76.0	78.0	86.0	86.0	86.0	91.0	90.0	88.0	85.0	89.0	92.0	97.0	91.0	90.0	96.0
o202	29.0	34.0	36.0	33.0	32.0	37.0	34.0	36.0	36.0	41.0	38.0	38.0	47.0	49.0	45.0	45.0	54.0	53.0	50.0	55.0	54.0	54.0	59.0	57.0	60.0	67.0	65.0	71.0	79.0	77.0	78.0	80.0	78.0	86.0	83.0	88.0	83.0	81.0	87.0	89.0	90.0	86.0	94.0	91.0	93.0	90.0	93.0	96.0	94.0	92.0
o203	30.0	36.0	0.0	34.0	0.0	39.0	0.0	0.0	43.0	0.0	0.0	42.0	47.0	49.0	47.0	0.0	54.0	53.0	0.0	56.0	53.0	0.0	0.0	67.0	64.0	65.0	0.0	73.0	75.0	76.0	0.0	0.0	0.0	72.0	0.0	0.0	80.0	85.0	79.0	0.0	0.0	0.0	0.0	0.0	87.0	0.0	0.0	0.0	90.0	0.0
o204	43.0	47.0	48.0	48.0	53.0	50.0	57.0	55.0	56.0	56.0	65.0	63.0	68.0	70.0	65.0	69.0	68.0	69.0	69.0	78.0	78.0	81.0	83.0	82.0	86.0	83.0	88.0	81.0	83.0	89.0	88.0	93.0	89.0	96.0	95.0	94.0	90.0	90.0	98.0	98.0	97.0	99.0	103.0	97.0	104.0	101.0	100.0	100.0	101.0	104.0
o205	40.0	49.0	46.0	51.0	59.0	58.0	52.0	51.0	53.0	63.0	68.0	66.0	70.0	72.0	68.0	68.0	71.0	75.0	78.0	69.0	71.0	84.0	77.0	81.0	85.0	82.0	81.0	89.0	84.0	83.0	84.0	90.0	88.0	90.0	89.0	96.0	97.0	97.0	96.0	94.0	96.0	98.0	103.0	98.0	97.0	98.0	100.0	101.0	103.0	100.0
o206	43.0	51.0	0.0	49.0	0.0	0.0	53.0	0.0	60.0	0.0	0.0	0.0	64.0	62.0	0.0	0.0	71.0	76.0	76.0	71.0	77.0	0.0	81.0	0.0	82.0	0.0	83.0	0.0	87.0	0.0	86.0	0.0	89.0	95.0	94.0	0.0	0.0	0.0	0.0	0.0	95.0	94.0	0.0	0.0	0.0	0.0	0.0	103.0	102.0	104.0
o207	28.0	29.0	31.0	34.0	36.0	44.0	43.0	52.0	50.0	57.0	55.0	64.0	63.0	66.0	75.0	69.0	77.0	80.0	77.0	86.0	87.0	93.0	88.0	97.0	97.0	101.0	95.0	100.0	100.0	98.0	106.0	103.0	102.0	104.0	101.0	110.0	102.0	107.0	105.0	103.0	103.0	106.0	108.0	111.0	104.0	113.0	111.0	106.0	104.0	108.0
o208	34.0	37.0	41.0	43.0	39.0	45.0	52.0	53.0	57.0	58.0	62.0	68.0	65.0	70.0	79.0	76.0	80.0	77.0	84.0	82.0	81.0	84.0	88.0	87.0	88.0	100.0	94.0	99.0	104.0	98.0	104.0	101.0	108.0	104.0	102.0	101.0	104.0	102.0	108.0	104.0	112.0	104.0	109.0	112.0	104.0	108.0	110.0	112.0	104.0	108.0
o209	25.0	0.0	0.0	36.0	45.0	0.0	0.0	51.0	0.0	51.0	54.0	0.0	0.0	67.0	0.0	69.0	0.0	0.0	85.0	0.0	88.0	0.0	93.0	0.0	0.0	94.0	98.0	94.0	0.0	97.0	102.0	103.0	104.0	106.0	0.0	107.0	0.0	102.0	0.0	0.0	0.0	0.0	0.0	109.0	0.0	113.0	0.0	0.0	109.0	105.0
o210	69.0	65.0	77.0	72.0	80.0	77.0	80.0	87.0	84.0	86.0	96.0	94.0	97.0	92.0	99.0	100.0	100.0	106.0	102.0	105.0	105.0	103.0	106.0	106.0	108.0	101.0	106.0	103.0	110.0	106.0	109.0	111.0	105.0	109.0	107.0	105.0	108.0	106.0	106.0	106.0	110.0	112.0	112.0	106.0	109.0	106.0	108.0	105.0	110.0	107.0
o211	64.0	75.0	73.0	76.0	85.0	84.0	81.0	94.0	94.0	97.0	94.0	101.0	100.0	102.0	100.0	98.0	99.0	99.0	104.0	107.0	104.0	104.0	105.0	109.0	110.0	102.0	102.0	105.0	112.0	104.0	103.0	107.0	106.0	106.0	109.0	106.0	109.0	113.0	106.0	113.0	113.0	113.0	114.0	111.0	113.0	106.0	112.0	111.0	107.0	112.0
o212	61.0	0.0	0.0	0.0	0.0	0.0	86.0	86.0	83.0	0.0	0.0	98.0	0.0	92.0	99.0	99.0	0.0	97.0	98.0	0.0	0.0	108.0	110.0	109.0	0.0	103.0	103.0	107.0	0.0	0.0	0.0	0.0	104.0	0.0	0.0	105.0	0.0	0.0	0.0	113.0	0.0	106.0	105.0	0.0	0.0	108.0	109.0	110.0	0.0	111.0
o213	27.0	38.0	37.0	39.0	45.0	45.0	53.0	55.0	55.0	64.0	68.0	66.0	78.0	76.0	83.0	81.0	88.0	94.0	92.0	91.0	92.0	93.0	104.0	99.0	104.0	105.0	103.0	100.0	104.0	111.0	105.0	111.0	111.0	107.0	111.0	107.0	105.0	113.0	110.0	105.0	110.0	112.0	108.0	112.0	114.0	108.0	112.0	110.0	105.0	107.0
o214	30.0	28.0	33.0	33.0	40.0	35.0	46.0	49.0	56.0	57.0	62.0	65.0	70.0	73.0	68.0	77.0	78.0	87.0	89.0	84.0	91.0	86.0	99.0	95.0	96.0	104.0	95.0	101.0	100.0	101.0	103.0	101.0	107.0	111.0	106.0	107.0	112.0	113.0	106.0	104.0	113.0	105.0	104.0	110.0	106.0	108.0	105.0	114.0	114.0	105.0
o215	0.0	37.0	0.0	0.0	41.0	0.0	46.0	0.0	56.0	58.0	61.0	0.0	0.0	80.0	82.0	0.0	0.0	94.0	0.0	94.0	0.0	103.0	98.0	100.0	0.0	103.0	0.0	0.0	103.0	108.0	0.0	0.0	111.0	105.0	103.0	0.0	0.0	112.0	0.0	0.0	0.0	112.0	0.0	0.0	0.0	112.0	0.0	112.0	108.0	111.0
o216	77.0	78.0	79.0	83.0	89.0	91.0	96.0	99.0	98.0	101.0	99.0	105.0	105.0	104.0	108.0	109.0	111.0	110.0	106.0	103.0	111.0	112.0	110.0	103.0	104.0	110.0	106.0	110.0	110.0	113.0	113.0	107.0	107.0	113.0	114.0	104.0	111.0	114.0	107.0	110.0	114.0	114.0	111.0	112.0	114.0	108.0	106.0	106.0	112.0	110.0
o217	73.0	79.0	73.0	75.0	81.0	84.0	85.0	87.0	95.0	93.0	100.0	101.0	95.0	98.0	99.0	97.0	100.0	109.0	109.0	102.0	111.0	111.0	108.0	103.0	104.0	113.0	111.0	105.0	107.0	111.0	109.0	114.0	107.0	114.0	109.0	114.0	109.0	109.0	113.0	112.0	111.0	109.0	113.0	113.0	106.0	113.0	109.0	111.0	109.0	106.0
o218	69.0	0.0	83.0	0.0	91.0	0.0	0.0	0.0	97.0	0.0	103.0	0.0	0.0	102.0	104.0	106.0	102.0	106.0	0.0	110.0	0.0	0.0	111.0	106.0	112.0	108.0	112.0	0.0	0.0	110.0	107.0	110.0	112.0	112.0	0.0	0.0	113.0	0.0	0.0	0.0	0.0	0.0	0.0	113.0	0.0	109.0	0.0	0.0	0.0	105.0
o219	25.0	38.0	41.0	42.0	43.0	53.0	57.0	62.0	61.0	74.0	76.0	80.0	78.0	89.0	90.0	89.0	96.0	94.0	96.0	100.0	107.0	108.0	102.0	103.0	104.0	107.0	110.0	104.0	105.0	112.0	112.0	104.0	107.0	108.0	107.0	109.0	109.0	113.0	108.0	110.0	110.0	106.0	112.0	106.0	112.0	111.0	111.0	109.0	108.0	111.0
o220	27.0	28.0	37.0	39.0	40.0	37.0	42.0	48.0	56.0	63.0	61.0	65.0	70.0	72.0	80.0	90.0	89.0	97.0	102.0	105.0	99.0	99.0	104.0	103.0	108.0	109.0	108.0	107.0	107.0	105.0	108.0	108.0	107.0	111.0	109.0	112.0	106.0	107.0	110.0	108.0	110.0	114.0	105.0	109.0	108.0	110.0	113.0	106.0	107.0	112.0
o221	32.0	33.0	38.0	41.0	51.0	54.0	51.0	0.0	61.0	0.0	0.0	0.0	0.0	89.0	94.0	91.0	97.0	0.0	0.0	105.0	101.0	105.0	0.0	0.0	108.0	108.0	0.0	0.0	0.0	0.0	0.0	0.0	105.0	0.0	113.0	0.0	106.0	105.0	0.0	0.0	113.0	0.0	0.0	0.0	0.0	0.0	111.0	112.0	112.0	0.0
o222	85.0	85.0	92.0	97.0	96.0	99.0	103.0	103.0	100.0	108.0	106.0	103.0	102.0	109.0	112.0	105.0	109.0	112.0	113.0	105.0	111.0	109.0	109.0	110.0	109.0	105.0	112.0	105.0	110.0	106.0	105.0	110.0	110.0	107.0	112.0	113.0	111.0	107.0	113.0	110.0	105.0	114.0	113.0	108.0	112.0	109.0	112.0	113.0	107.0	109.0
o223	80.0	89.0	93.0	95.0	92.0	91.0	97.0	102.0	105.0	107.0	100.0	106.0	108.0	104.0	107.0	107.0	103.0	107.0	110.0	104.0	110.0	105.0	104.0	110.0	105.0	111.0	112.0	107.0	108.0	113.0	109.0	110.0	107.0	105.0	106.0	114.0	108.0	109.0	114.0	107.0	113.0	114.0	113.0	114.0	113.0	113.0	112.0	105.0	111.0	112.0
o224	78.0	87.0	0.0	98.0	99.0	0.0	96.0	103.0	0.0	0.0	107.0	0.0	105.0	105.0	0.0	0.0	0.0	112.0	0.0	0.0	0.0	111.0	0.0	114.0	112.0	0.0	106.0	110.0	0.0	0.0	112.0	0.0	0.0	107.0	112.0	0.0	0.0	109.0	112.0	108.0	110.0	0.0	0.0	114.0	0.0	0.0	0.0	0.0	110.0	113.0
o225	32.0	34.0	38.0	43.0	55.0	64.0	65.0	67.0	78.0	84.0	88.0	92.0	97.0	95.0	101.0	104.0	99.0	107.0	101.0	102.0	109.0	108.0	112.0	106.0	113.0	112.0	114.0	107.0	111.0	112.0	107.0	107.0	111.0	113.0	113.0	113.0	106.0	106.0	105.0	109.0	108.0	107.0	106.0	105.0	107.0	107.0	105.0	106.0	111.0	106.0
o226	32.0	29.0	35.0	40.0	43.0	48.0	53.0	66.0	70.0	72.0	81.0	83.0	97.0	97.0	98.0	95.0	102.0	106.0	104.0	107.0	108.0	104.0	102.0	110.0	108.0	104.0	111.0	105.0	106.0	107.0	108.0	114.0	109.0	113.0	114.0	110.0	114.0	114.0	109.0	108.0	106.0	105.0	112.0	112.0	114.0	105.0	110.0	111.0	110.0	109.0
o227	30.0	32.0	0.0	0.0	50.0	0.0	0.0	0.0	76.0	0.0	0.0	95.0	0.0	0.0	0.0	106.0	107.0	106.0	105.0	105.0	0.0	103.0	0.0	107.0	110.0	0.0	0.0	104.0	111.0	0.0	0.0	111.0	110.0	0.0	113.0	0.0	0.0	108.0	0.0	113.0	0.0	0.0	0.0	0.0	114.0	105.0	114.0	113.0	0.0	112.0
o228	93.0	102.0	101.0	105.0	105.0	107.0	102.0	110.0	105.0	107.0	110.0	112.0	107.0	111.0	106.0	111.0	109.0	106.0	111.0	104.0	114.0	105.0	112.0	114.0	113.0	109.0	110.0	110.0	107.0	113.0	106.0	113.0	107.0	105.0	108.0	111.0	106.0	110.0	110.0	106.0	109.0	110.0	108.0	110.0	112.0	114.0	112.0	110.0	106.0	106.0
o229	99.0	99.0	95.0	106.0	101.0	103.0	102.0	104.0	107.0	109.0	110.0	112.0	107.0	111.0	106.0	105.0	105.0	111.0	106.0	112.0	112.0	114.0	108.0	108.0	109.0	114.0	107.0	113.0	113.0	110.0	114.0	110.0	111.0	110.0	105.0	105.0	110.0	107.0	106.0	111.0	111.0	106.0	113.0	107.0	106.0	110.0	108.0	114.0	108.0	105.0
o230	96.0	99.0	100.0	0.0	105.0	0.0	109.0	0.0	112.0	0.0	0.0	0.0	0.0	104.0	108.0	107.0	0.0	105.0	114.0	112.0	110.0	0.0	0.0	0.0	109.0	0.0	110.0	112.0	0.0	0.0	105.0	105.0	0.0	112.0	0.0	0.0	0.0	0.0	0.0	105.0	0.0	112.0	111.0	0.0	0.0	109.0	110.0	111.0	0.0	0.0
o231	30.0	37.0	54.0	58.0	64.0	73.0	80.0	93.0	96.0	104.0	101.0	107.0	104.0	107.0	112.0	108.0	106.0	105.0	108.0	107.0	106.0	110.0	105.0	110.0	107.0	114.0	111.0	105.0	106.0	108.0	106.0	111.0	108.0	112.0	108.0	112.0	105.0	105.0	113.0	111.0	113.0	110.0	111.0	111.0	105.0	110.0	105.0	109.0	111.0	112.0
o232	27.0	34.0	48.0	57.0	76.0	83.0	97.0	98.0	103.0	103.0	106.0	110.0	103.0	109.0	112.0	104.0	113.0	111.0	110.0	108.0	111.0	112.0	109.0	111.0	110.0	114.0	108.0	110.0	112.0	112.0	107.0	113.0	110.0	108.0	106.0	114.0	113.0	113.0	112.0	108.0	112.0	108.0	111.0	111.0	105.0	107.0	107.0	108.0	113.0	114.0
o233	31.0	0.0	0.0	58.0	0.0	81.0	0.0	0.0	0.0	0.0	103.0	109.0	0.0	0.0	0.0	0.0	0.0	106.0	109.0	109.0	0.0	109.0	106.0	0.0	0.0	112.0	0.0	109.0	112.0	112.0	112.0	105.0	0.0	110.0	0.0	0.0	0.0	108.0	113.0	0.0	0.0	110.0	105.0	109.0	110.0	0.0	0.0	0.0	105.0	114.0
o234	103.0	109.0	107.0	107.0	111.0	109.0	107.0	108.0	108.0	113.0	110.0	107.0	106.0	112.0	107.0	106.0	109.0	106.0	110.0	113.0	110.0	107.0	114.0	110.0	108.0	109.0	107.0	110.0	106.0	114.0	105.0	109.0	113.0	105.0	107.0	112.0	107.0	109.0	110.0	110.0	112.0	110.0	110.0	113.0	109.0	111.0	106.0	107.0	105.0	110.0
o235	105.0	104.0	104.0	104.0	113.0	109.0	110.0	105.0	107.0	111.0	107.0	110.0	105.0	105.0	110.0	108.0	110.0	108.0	105.0	114.0	111.0	110.0	114.0	112.0	109.0	108.0	106.0	108.0	107.0	106.0	105.0	106.0	113.0	108.0	106.0	109.0	111.0	112.0	109.0	113.0	105.0	110.0	106.0	109.0	105.0	110.0	105.0	109.0	111.0	107.0
o236	0.0	105.0	0.0	0.0	0.0	0.0	111.0	110.0	111.0	0.0	0.0	110.0	108.0	108.0	0.0	0.0	109.0	111.0	0.0	113.0	107.0	0.0	108.0	110.0	0.0	0.0	113.0	0.0	111.0	0.0	0.0	108.0	0.0	114.0	0.0	109.0	112.0	0.0	106.0	112.0	0.0	107.0	0.0	109.0	0.0	0.0	106.0	108.0	0.0	0.0
o237	31.0	103.0	113.0	112.0	105.0	110.0	107.0	108.0	105.0	114.0	105.0	112.0	105.0	106.0	113.0	111.0	111.0	105.0	109.0	114.0	107.0	105.0	109.0	111.0	110.0	114.0	109.0	112.0	105.0	114.0	113.0	105.0	109.0	105.0	106.0	109.0	112.0	105.0	109.0	112.0	105.0	113.0	114.0	110.0	107.0	105.0	111.0	113.0	111.0	111.0
o238	32.0	63.0	92.0	106.0	110.0	113.0	109.0	110.0	108.0	108.0	107.0	111.0	113.0	113.0	112.0	106.0	105.0	106.0	106.0	110.0	105.0	110.0	114.0	106.0	113.0	109.0	113.0	110.0	108.0	108.0	110.0	105.0	106.0	106.0	108.0	110.0	110.0	112.0	110.0	111.0	114.0	114.0	109.0	109.0	111.0	105.0	108.0	110.0	111.0	105.0
o239	31.0	0.0	104.0	0.0	114.0	108.0	0.0	107.0	0.0	111.0	109.0	110.0	106.0	0.0	108.0	0.0	107.0	105.0	0.0	0.0	109.0	0.0	0.0	0.0	0.0	110.0	0.0	0.0	110.0	109.0	0.0	107.0	111.0	0.0	111.0	112.0	0.0	112.0	0.0	112.0	114.0	111.0	0.0	0.0	105.0	0.0	0.0	0.0	0.0	0.0
o240	113.0	113.0	114.0	112.0	111.0	114.0	108.0	108.0	113.0	107.0	108.0	106.0	106.0	106.0	112.0	108.0	113.0	108.0	112.0	106.0	109.0	111.0	108.0	107.0	110.0	113.0	108.0	111.0	105.0	108.0	106.0	108.0	114.0	108.0	112.0	113.0	113.0	109.0	108.0	110.0	114.0	106.0	113.0	106.0	108.0	108.0	112.0	114.0	107.0	113.0
o241	108.0	107.0	108.0	113.0	107.0	109.0	113.0	112.0	110.0	112.0	114.0	111.0	111.0	112.0	111.0	106.0	113.0	114.0	106.0	108.0	108.0	108.0	111.0	112.0	109.0	109.0	112.0	109.0	105.0	106.0	110.0	107.0	108.0	107.0	106.0	106.0	114.0	113.0	110.0	109.0	111.0	105.0	108.0	111.0	113.0	106.0	111.0	109.0	113.0	107.0
o242	107.0	0.0	107.0	106.0	0.0	0.0	0.0	0.0	110.0	0.0	0.0	0.0	106.0	0.0	107.0	112.0	107.0	0.0	114.0	105.0	0.0	108.0	111.0	111.0	0.0	0.0	107.0	112.0	0.0	107.0	114.0	107.0	0.0	0.0	0.0	114.0	0.0	110.0	114.0	111.0	0.0	0.0	0.0	114.0	0.0	0.0	107.0	0.0	107.0	0.0
o243	32.0	106.0	112.0	108.0	114.0	110.0	114.0	114.0	109.0	105.0	106.0	114.0	107.0	113.0	111.0	107.0	107.0	109.0	105.0	111.0	109.0	107.0	111.0	110.0	112.0	114.0	110.0	114.0	112.0	111.0	114.0	105.0	107.0	107.0	111.0	105.0	105.0	108.0	107.0	113.0	114.0	108.0	106.0	111.0	107.0	110.0	105.0	109.0	105.0	114.0
o244	25.0	94.0	108.0	108.0	113.0	111.0	114.0	112.0	112.0	110.0	106.0	111.0	114.0	114.0	112.0	110.0	108.0	105.0	111.0	112.0	113.0	109.0	107.0	108.0	108.0	113.0	108.0	108.0	112.0	109.0	110.0	109.0	108.0	111.0	110.0	109.0	112.0	109.0	114.0	107.0	108.0	106.0	111.0	109.0	106.0	106.0	106.0	106.0	109.0	112.0
o245	0.0	112.0	112.0	0.0	110.0	111.0	111.0	0.0	0.0	0.0	0.0	111.0	112.0	109.0	106.0	0.0	105.0	0.0	0.0	106.0	105.0	108.0	0.0	0.0	0.0	0.0	108.0	0.0	0.0	0.0	110.0	110.0	0.0	110.0	108.0	113.0	112.0	0.0	105.0	109.0	106.0	0.0	0.0	0.0	0.0	105.0	0.0	0.0	108.0	0.0
o246	107.0	106.0	112.0	112.0	111.0	111.0	114.0	106.0	113.0	114.0	114.0	113.0	110.0	113.0	112.0	111.0	111.0	110.0	109.0	108.0	107.0	107.0	107.0	114.0	111.0	108.0	108.0	111.0	106.0	112.0	109.0	110.0	113.0	113.0	107.0	113.0	109.0	107.0	111.0	108.0	111.0	114.0	113.0	111.0	112.0	113.0	106.0	108.0	112.0	109.0
o247	105.0	105.0	112.0	113.0	109.0	105.0	112.0	113.0	111.0	112.0	112.0	111.0	111.0	113.0	111.0	111.0	112.0	106.0	108.0	113.0	114.0	105.0	111.0	106.0	107.0	112.0	114.0	113.0	109.0	107.0	110.0	111.0	109.0	106.0	108.0	105.0	108.0	111.0	109.0	107.0	105.0	112.0	112.0	114.0	112.0	111.0	112.0	111.0	110.0	110.0
o248	0.0	0.0	113.0	0.0	112.0	113.0	105.0	109.0	0.0	114.0	0.0	0.0	0.0	114.0	110.0	107.0	0.0	105.0	111.0	0.0	107.0	111.0	112.0	113.0	0.0	0.0	0.0	110.0	0.0	0.0	105.0	0.0	108.0	107.0	0.0	0.0	112.0	0.0	0.0	114.0	0.0	107.0	0.0	0.0	0.0	0.0	0.0	112.0	110.0	109.0
o249	26.0	114.0	109.0	109.0	107.0	107.0	114.0	113.0	112.0	106.0	108.0	109.0	107.0	109.0	106.0	105.0	112.0	111.0	110.0	112.0	109.0	114.0	108.0	108.0	110.0	105.0	114.0	114.0	107.0	109.0	107.0	107.0	112.0	111.0	108.0	114.0	113.0	113.0	113.0	105.0	114.0	108.0	110.0	105.0	106.0	114.0	108.0	105.0	113.0	109.0
o250	108.0	108.0	105.0	109.0	108.0	114.0	114.0	113.0	109.0	113.0	112.0	108.0	108.0	105.0	112.0	113.0	112.0	109.0	107.0	107.0	111.0	113.0	109.0	112.0	108.0	114.0	113.0	111.0	113.0	112.0	109.0	105.0	112.0	105.0	106.0	111.0	105.0	105.0	106.0	107.0	112.0	108.0	107.0	106.0	112.0	105.0	111.0	110.0	106.0	108.0
o251	31.0	0.0	0.0	0.0	0.0	113.0	0.0	110.0	0.0	105.0	107.0	113.0	0.0	0.0	105.0	110.0	108.0	107.0	0.0	0.0	105.0	108.0	111.0	0.0	0.0	0.0	106.0	105.0	107.0	0.0	112.0	0.0	0.0	0.0	107.0	113.0	0.0	111.0	0.0	109.0	0.0	110.0	0.0	0.0	0.0	107.0	113.0	0.0	109.0	0.0
o252	108.0	108.0	107.0	114.0	114.0	110.0	112.0	113.0	111.0	110.0	108.0	113.0	109.0	105.0	113.0	114.0	110.0	108.0	110.0	113.0	108.0	112.0	112.0	110.0	114.0	111.0	110.0	113.0	112.0	107.0	111.0	112.0	112.0	113.0	110.0	111.0	111.0	111.0	110.0	110.0	113.0	112.0	109.0	106.0	108.0	105.0	109.0	112.0	113.0	111.0
o253	111.0	110.0	108.0	105.0	114.0	105.0	107.0	111.0	105.0	110.0	108.0	114.0	105.0	110.0	108.0	108.0	111.0	114.0	110.0	109.0	105.0	105.0	113.0	106.0	113.0	112.0	110.0	113.0	107.0	105.0	114.0	111.0	113.0	110.0	112.0	107.0	112.0	110.0	107.0	107.0	111.0	109.0	107.0	109.0	105.0	106.0	106.0	108.0	111.0	112.0
o254	114.0	0.0	110.0	0.0	0.0	106.0	0.0	0.0	108.0	0.0	105.0	112.0	105.0	0.0	105.0	109.0	106.0	0.0	111.0	0.0	0.0	0.0	112.0	110.0	113.0	113.0	0.0	108.0	111.0	0.0	0.0	107.0	107.0	0.0	0.0	0.0	0.0	0.0	0.0	112.0	114.0	0.0	0.0	109.0	109.0	109.0	111.0	0.0	0.0	0.0
o255	33.0	113.0	111.0	105.0	108.0	109.0	111.0	114.0	107.0	112.0	113.0	108.0	113.0	110.0	113.0	109.0	105.0	114.0	107.0	111.0	106.0	113.0	108.0	108.0	114.0	110.0	112.0	108.0	114.0	106.0	108.0	110.0	111.0	106.0	107.0	110.0	105.0	111.0	109.0	105.0	109.0	108.0	111.0	110.0	113.0	108.0	114.0	110.0	109.0	106.0
o256	26.0	114.0	109.0	107.0	106.0	105.0	112.0	110.0	110.0	114.0	110.0	109.0	108.0	106.0	113.0	110.0	113.0	106.0	105.0	106.0	109.0	110.0	105.0	107.0	107.0	108.0	107.0	111.0	110.0	112.0	108.0	112.0	109.0	110.0	106.0	113.0	107.0	112.0	111.0	110.0	112.0	111.0	109.0	106.0	113.0	113.0	113.0	105.0	111.0	111.0
o257	28.0	0.0	0.0	0.0	0.0	0.0	0.0	113.0	112.0	0.0	108.0	0.0	114.0	0.0	110.0	111.0	114.0	106.0	106.0	110.0	0.0	0.0	0.0	114.0	0.0	0.0	107.0	112.0	0.0	114.0	114.0	0.0	105.0	107.0	0.0	0.0	0.0	0.0	0.0	111.0	113.0	112.0	106.0	107.0	0.0	0.0	0.0	110.0	0.0	108.0
o258	111.0	107.0	113.0	109.0	113.0	108.0	109.0	113.0	107.0	107.0	110.0	114.0	106.0	105.0	106.0	114.0	111.0	114.0	110.0	112.0	114.0	111.0	110.0	109.0	107.0	114.0	108.0	112.0	112.0	105.0	113.0	111.0	105.0	107.0	113.0	114.0	111.0	109.0	114.0	108.0	107.0	113.0	111.0	106.0	114.0	105.0	106.0	107.0	105.0	105.0
o259	114.0	111.0	109.0	112.0	111.0	113.0	111.0	105.0	105.0	108.0	111.0	106.0	108.0	106.0	106.0	112.0	107.0	112.0	111.0	107.0	111.0	106.0	111.0	110.0	112.0	112.0	111.0	108.0	111.0	106.0	109.0	112.0	107.0	113.0	106.0	114.0	107.0	107.0	109.0	108.0	112.0	114.0	106.0	107.0	109.0	109.0	114.0	110.0	114.0	114.0
