# Constructed from biom file
#OTU ID	s0	s1	s2	s3	s4	s5	s6	s7	s8	s9	s10	s11	s12	s13	s14	s15	s16	s17	s18	s19	s20	s21	s22	s23	s24
o0	149.0	202.0	145.0	209.0	165.0	217.0	175.0	176.0	204.0	173.0	191.0	225.0	182.0	259.0	199.0	250.0	261.0	199.0	255.0	219.0	246.0	206.0	271.0	295.0	211.0
o1	135.0	122.0	183.0	152.0	203.0	219.0	176.0	154.0	210.0	253.0	178.0	230.0	185.0	265.0	216.0	245.0	202.0	280.0	222.0	267.0	200.0	253.0	267.0	263.0	293.0
o2	0.0	186.0	0.0	202.0	129.0	198.0	0.0	0.0	177.0	238.0	196.0	249.0	185.0	0.0	0.0	0.0	236.0	238.0	197.0	0.0	0.0	0.0	0.0	214.0	0.0
o3	208.0	177.0	155.0	251.0	180.0	258.0	182.0	186.0	233.0	221.0	196.0	268.0	247.0	285.0	276.0	224.0	296.0	244.0	295.0	251.0	265.0	269.0	296.0	244.0	223.0
o4	182.0	213.0	212.0	237.0	192.0	185.0	237.0	249.0	212.0	254.0	197.0	254.0	251.0	276.0	233.0	289.0	213.0	218.0	290.0	257.0	281.0	220.0	196.0	287.0	242.0
o5	188.0	0.0	241.0	172.0	164.0	0.0	190.0	190.0	231.0	227.0	0.0	0.0	266.0	275.0	0.0	0.0	0.0	0.0	203.0	0.0	238.0	0.0	0.0	283.0	0.0
o6	170.0	152.0	139.0	226.0	241.0	163.0	217.0	214.0	253.0	217.0	293.0	286.0	230.0	299.0	282.0	236.0	253.0	274.0	224.0	261.0	232.0	238.0	145.0	127.0	138.0
o7	148.0	145.0	170.0	217.0	183.0	202.0	265.0	228.0	233.0	204.0	256.0	221.0	213.0	286.0	242.0	294.0	270.0	190.0	204.0	214.0	195.0	216.0	169.0	183.0	160.0
o8	0.0	168.0	139.0	190.0	0.0	0.0	0.0	208.0	0.0	0.0	0.0	228.0	212.0	256.0	0.0	199.0	258.0	0.0	0.0	199.0	226.0	0.0	0.0	131.0	174.0
o9	243.0	249.0	247.0	238.0	253.0	219.0	202.0	278.0	207.0	226.0	188.0	258.0	247.0	206.0	176.0	150.0	184.0	180.0	149.0	146.0	113.0	109.0	66.0	133.0	132.0
o10	199.0	223.0	258.0	247.0	266.0	267.0	277.0	238.0	196.0	243.0	221.0	246.0	268.0	240.0	172.0	252.0	200.0	217.0	173.0	109.0	92.0	98.0	130.0	132.0	113.0
o11	261.0	0.0	0.0	0.0	257.0	206.0	0.0	0.0	272.0	285.0	0.0	0.0	269.0	249.0	171.0	0.0	150.0	0.0	0.0	0.0	164.0	0.0	154.0	0.0	56.0
o12	183.0	174.0	250.0	219.0	192.0	238.0	273.0	267.0	234.0	227.0	191.0	148.0	189.0	173.0	95.0	104.0	59.0	45.0	9.0	69.0	107.0	64.0	133.0	160.0	151.0
o13	133.0	200.0	208.0	185.0	206.0	243.0	284.0	254.0	201.0	220.0	182.0	156.0	136.0	104.0	89.0	114.0	28.0	76.0	41.0	47.0	25.0	111.0	104.0	100.0	181.0
o14	0.0	153.0	0.0	224.0	0.0	0.0	0.0	0.0	0.0	218.0	221.0	0.0	0.0	0.0	0.0	117.0	0.0	48.0	82.0	39.0	21.0	22.0	0.0	118.0	0.0
o15	264.0	195.0	238.0	182.0	206.0	182.0	139.0	161.0	126.0	66.0	34.0	27.0	66.0	72.0	86.0	98.0	59.0	89.0	93.0	206.0	209.0	235.0	264.0	200.0	215.0
o16	278.0	286.0	200.0	167.0	209.0	157.0	156.0	69.0	96.0	85.0	28.0	99.0	13.0	73.0	22.0	41.0	52.0	101.0	197.0	152.0	154.0	211.0	214.0	247.0	210.0
o17	0.0	231.0	242.0	196.0	0.0	218.0	0.0	0.0	111.0	0.0	47.0	24.0	98.0	0.0	0.0	0.0	0.0	145.0	0.0	0.0	180.0	207.0	0.0	199.0	0.0
o18	139.0	162.0	241.0	278.0	201.0	211.0	279.0	256.0	213.0	141.0	186.0	107.0	61.0	111.0	73.0	16.0	72.0	91.0	67.0	139.0	183.0	185.0	253.0	256.0	290.0
o19	175.0	144.0	216.0	237.0	221.0	218.0	271.0	294.0	212.0	190.0	207.0	194.0	142.0	80.0	30.0	61.0	88.0	51.0	115.0	128.0	138.0	121.0	160.0	214.0	277.0
o20	0.0	0.0	254.0	0.0	0.0	0.0	0.0	0.0	248.0	194.0	181.0	0.0	0.0	47.0	94.0	87.0	18.0	64.0	0.0	116.0	180.0	168.0	0.0	0.0	214.0
o21	224.0	249.0	176.0	169.0	84.0	143.0	80.0	24.0	10.0	14.0	107.0	66.0	143.0	109.0	169.0	233.0	193.0	278.0	224.0	294.0	187.0	175.0	207.0	110.0	83.0
o22	235.0	223.0	209.0	153.0	183.0	106.0	65.0	136.0	22.0	94.0	17.0	23.0	64.0	48.0	133.0	189.0	199.0	265.0	212.0	284.0	286.0	216.0	218.0	174.0	129.0
o23	282.0	234.0	190.0	190.0	160.0	0.0	69.0	72.0	0.0	0.0	0.0	95.0	87.0	144.0	0.0	170.0	0.0	0.0	271.0	232.0	190.0	188.0	179.0	0.0	0.0
o24	105.0	199.0	207.0	257.0	253.0	221.0	202.0	179.0	117.0	84.0	81.0	89.0	90.0	49.0	75.0	132.0	177.0	175.0	189.0	229.0	199.0	245.0	182.0	198.0	133.0
o25	101.0	193.0	264.0	198.0	240.0	244.0	241.0	201.0	196.0	151.0	107.0	44.0	72.0	42.0	57.0	73.0	167.0	166.0	198.0	195.0	247.0	228.0	276.0	238.0	155.0
o26	107.0	172.0	247.0	251.0	0.0	0.0	251.0	173.0	0.0	132.0	0.0	41.0	54.0	0.0	63.0	0.0	183.0	0.0	0.0	251.0	0.0	0.0	209.0	177.0	0.0
o27	200.0	171.0	148.0	149.0	48.0	65.0	66.0	102.0	122.0	80.0	127.0	136.0	185.0	190.0	207.0	236.0	229.0	201.0	126.0	135.0	118.0	43.0	80.0	48.0	60.0
o28	187.0	214.0	112.0	122.0	42.0	98.0	29.0	56.0	79.0	81.0	175.0	156.0	219.0	241.0	232.0	244.0	256.0	210.0	157.0	158.0	70.0	89.0	42.0	96.0	27.0
o29	233.0	0.0	0.0	72.0	0.0	0.0	0.0	43.0	0.0	78.0	161.0	138.0	0.0	0.0	225.0	279.0	217.0	181.0	127.0	116.0	0.0	0.0	59.0	0.0	80.0
o30	107.0	238.0	228.0	241.0	190.0	200.0	150.0	58.0	57.0	38.0	46.0	58.0	98.0	192.0	250.0	269.0	259.0	247.0	127.0	69.0	98.0	35.0	92.0	128.0	81.0
o31	198.0	248.0	238.0	209.0	165.0	155.0	125.0	46.0	17.0	49.0	46.0	81.0	151.0	292.0	219.0	228.0	239.0	198.0	65.0	45.0	83.0	3.0	42.0	136.0	128.0
o32	162.0	0.0	207.0	213.0	204.0	0.0	0.0	90.0	0.0	0.0	0.0	0.0	102.0	0.0	181.0	0.0	0.0	0.0	0.0	0.0	56.0	0.0	0.0	0.0	146.0
o33	124.0	50.0	71.0	55.0	56.0	136.0	108.0	190.0	205.0	212.0	209.0	193.0	198.0	75.0	99.0	24.0	82.0	45.0	158.0	149.0	250.0	223.0	293.0	257.0	162.0
o34	101.0	91.0	42.0	66.0	32.0	105.0	191.0	133.0	223.0	268.0	250.0	252.0	74.0	35.0	56.0	102.0	76.0	152.0	179.0	230.0	242.0	265.0	223.0	239.0	170.0
o35	0.0	108.0	49.0	0.0	0.0	153.0	154.0	239.0	214.0	238.0	0.0	0.0	0.0	0.0	93.0	0.0	62.0	0.0	0.0	186.0	0.0	238.0	0.0	219.0	134.0
o36	179.0	181.0	241.0	205.0	105.0	36.0	44.0	32.0	152.0	223.0	223.0	254.0	182.0	89.0	19.0	75.0	125.0	246.0	222.0	256.0	155.0	95.0	80.0	24.0	86.0
o37	148.0	210.0	209.0	271.0	169.0	164.0	93.0	65.0	5.0	105.0	90.0	198.0	213.0	187.0	248.0	114.0	97.0	102.0	73.0	151.0	213.0	202.0	146.0	82.0	44.0
o38	191.0	241.0	262.0	0.0	123.0	67.0	55.0	130.0	120.0	236.0	0.0	0.0	198.0	130.0	0.0	0.0	0.0	0.0	0.0	0.0	0.0	0.0	0.0	0.0	124.0
o39	15.0	121.0	203.0	221.0	232.0	211.0	180.0	60.0	5.0	118.0	119.0	167.0	294.0	243.0	140.0	47.0	63.0	63.0	155.0	233.0	295.0	244.0	222.0	133.0	44.0
o40	35.0	64.0	120.0	218.0	292.0	219.0	162.0	56.0	105.0	258.0	277.0	220.0	156.0	101.0	58.0	129.0	183.0	189.0	212.0	285.0	185.0	169.0	164.0	53.0	82.0
o41	0.0	0.0	186.0	239.0	0.0	0.0	0.0	113.0	0.0	0.0	0.0	239.0	246.0	0.0	0.0	58.0	0.0	75.0	145.0	232.0	291.0	282.0	0.0	0.0	0.0
o42	160.0	268.0	210.0	218.0	270.0	219.0	279.0	236.0	202.0	203.0	252.0	255.0	192.0	237.0	233.0	202.0	218.0	232.0	228.0	222.0	151.0	177.0	151.0	179.0	202.0
o43	42.0	137.0	108.0	170.0	14.0	57.0	129.0	111.0	60.0	254.0	218.0	65.0	172.0	79.0	62.0	97.0	89.0	80.0	63.0	110.0	225.0	131.0	81.0	76.0	52.0
o44	0.0	0.0	225.0	272.0	223.0	294.0	0.0	249.0	246.0	232.0	228.0	0.0	194.0	0.0	216.0	0.0	165.0	166.0	0.0	144.0	0.0	190.0	135.0	0.0	165.0
o45	273.0	145.0	111.0	82.0	137.0	86.0	91.0	146.0	136.0	111.0	86.0	66.0	70.0	123.0	62.0	110.0	15.0	87.0	56.0	95.0	85.0	39.0	99.0	84.0	30.0
o46	224.0	58.0	79.0	157.0	62.0	269.0	238.0	208.0	118.0	134.0	107.0	68.0	41.0	23.0	239.0	176.0	72.0	61.0	19.0	253.0	55.0	200.0	104.0	182.0	82.0
o47	291.0	0.0	129.0	0.0	0.0	0.0	71.0	150.0	74.0	103.0	0.0	124.0	71.0	0.0	0.0	0.0	61.0	71.0	31.0	0.0	0.0	71.0	0.0	0.0	54.0
o48	151.0	139.0	167.0	122.0	119.0	50.0	122.0	105.0	55.0	104.0	94.0	2.0	82.0	65.0	86.0	39.0	108.0	27.0	88.0	110.0	94.0	57.0	98.0	132.0	150.0
o49	191.0	149.0	168.0	132.0	98.0	86.0	128.0	180.0	263.0	83.0	96.0	52.0	9.0	223.0	242.0	15.0	276.0	35.0	32.0	48.0	127.0	189.0	186.0	114.0	136.0
o50	0.0	0.0	0.0	0.0	0.0	125.0	97.0	37.0	78.0	0.0	0.0	0.0	0.0	24.0	0.0	0.0	100.0	0.0	0.0	0.0	104.0	0.0	0.0	0.0	0.0
o51	195.0	115.0	172.0	169.0	220.0	222.0	216.0	229.0	196.0	279.0	292.0	220.0	289.0	262.0	275.0	220.0	209.0	258.0	233.0	230.0	209.0	189.0	218.0	129.0	146.0
o52	190.0	88.0	170.0	83.0	78.0	86.0	35.0	264.0	229.0	46.0	60.0	65.0	235.0	48.0	225.0	290.0	242.0	225.0	97.0	199.0	209.0	74.0	212.0	157.0	157.0
o53	0.0	154.0	211.0	0.0	216.0	0.0	0.0	0.0	0.0	276.0	0.0	289.0	0.0	0.0	0.0	281.0	0.0	0.0	208.0	196.0	0.0	166.0	142.0	156.0	0.0
o54	135.0	136.0	155.0	191.0	242.0	239.0	252.0	219.0	267.0	247.0	192.0	189.0	178.0	135.0	76.0	87.0	101.0	73.0	29.0	77.0	50.0	120.0	45.0	149.0	161.0
o55	106.0	176.0	192.0	195.0	195.0	221.0	255.0	281.0	250.0	210.0	252.0	183.0	136.0	172.0	156.0	145.0	108.0	113.0	75.0	7.0	77.0	113.0	42.0	56.0	129.0
o56	168.0	0.0	0.0	232.0	0.0	228.0	0.0	199.0	0.0	0.0	0.0	156.0	0.0	145.0	142.0	0.0	0.0	0.0	37.0	31.0	29.0	0.0	0.0	0.0	105.0
o57	134.0	137.0	204.0	243.0	197.0	197.0	222.0	267.0	248.0	197.0	167.0	175.0	118.0	108.0	114.0	121.0	74.0	50.0	45.0	87.0	60.0	49.0	74.0	111.0	96.0
o58	166.0	179.0	199.0	176.0	209.0	222.0	285.0	275.0	247.0	179.0	161.0	228.0	210.0	196.0	102.0	78.0	27.0	12.0	1.0	83.0	47.0	33.0	108.0	78.0	111.0
o59	154.0	0.0	247.0	180.0	198.0	229.0	241.0	0.0	0.0	0.0	0.0	209.0	0.0	146.0	97.0	73.0	103.0	101.0	59.0	0.0	0.0	118.0	65.0	0.0	0.0
o60	184.0	178.0	217.0	273.0	228.0	222.0	156.0	66.0	57.0	14.0	57.0	65.0	172.0	217.0	227.0	269.0	286.0	183.0	144.0	99.0	97.0	69.0	20.0	91.0	75.0
o61	137.0	250.0	269.0	257.0	199.0	212.0	170.0	102.0	47.0	39.0	69.0	118.0	231.0	243.0	214.0	226.0	217.0	176.0	106.0	155.0	72.0	68.0	102.0	69.0	138.0
o62	138.0	257.0	201.0	0.0	0.0	0.0	0.0	147.0	71.0	2.0	0.0	48.0	0.0	0.0	249.0	0.0	220.0	260.0	0.0	75.0	73.0	0.0	98.0	0.0	0.0
o63	175.0	190.0	208.0	274.0	255.0	230.0	175.0	140.0	97.0	34.0	22.0	89.0	183.0	147.0	215.0	261.0	218.0	175.0	133.0	144.0	118.0	23.0	23.0	38.0	131.0
o64	144.0	225.0	233.0	237.0	275.0	262.0	206.0	146.0	147.0	103.0	94.0	139.0	160.0	181.0	190.0	240.0	284.0	168.0	102.0	113.0	97.0	61.0	61.0	73.0	159.0
o65	252.0	275.0	275.0	269.0	270.0	230.0	206.0	265.0	236.0	241.0	221.0	270.0	218.0	203.0	246.0	289.0	243.0	291.0	292.0	203.0	240.0	241.0	252.0	299.0	226.0
o66	217.0	296.0	255.0	219.0	247.0	285.0	250.0	284.0	278.0	268.0	276.0	202.0	281.0	288.0	214.0	210.0	270.0	261.0	288.0	206.0	250.0	294.0	289.0	249.0	219.0
o67	0.0	247.0	296.0	214.0	0.0	297.0	231.0	0.0	0.0	0.0	257.0	277.0	0.0	252.0	201.0	206.0	0.0	212.0	249.0	0.0	247.0	210.0	0.0	268.0	0.0
o68	297.0	293.0	267.0	228.0	273.0	265.0	260.0	237.0	205.0	268.0	230.0	212.0	263.0	284.0	233.0	251.0	237.0	270.0	247.0	220.0	298.0	238.0	206.0	232.0	297.0
o69	292.0	229.0	268.0	217.0	283.0	207.0	249.0	235.0	286.0	289.0	296.0	207.0	232.0	278.0	245.0	238.0	277.0	215.0	298.0	291.0	210.0	219.0	289.0	290.0	297.0
o70	260.0	0.0	0.0	0.0	0.0	261.0	0.0	200.0	200.0	225.0	203.0	213.0	222.0	0.0	0.0	0.0	0.0	0.0	203.0	253.0	207.0	0.0	229.0	296.0	0.0
o71	267.0	214.0	210.0	272.0	242.0	258.0	285.0	295.0	277.0	243.0	239.0	241.0	211.0	209.0	287.0	278.0	285.0	205.0	295.0	294.0	262.0	228.0	209.0	270.0	276.0
o72	274.0	251.0	293.0	244.0	226.0	287.0	227.0	241.0	273.0	256.0	286.0	256.0	215.0	208.0	259.0	257.0	286.0	275.0	284.0	203.0	248.0	209.0	238.0	265.0	294.0
o73	291.0	284.0	219.0	242.0	0.0	0.0	209.0	290.0	0.0	214.0	0.0	0.0	282.0	0.0	0.0	0.0	0.0	0.0	0.0	0.0	0.0	0.0	0.0	0.0	296.0
o74	213.0	231.0	256.0	268.0	285.0	283.0	287.0	258.0	297.0	222.0	200.0	207.0	211.0	230.0	242.0	213.0	242.0	257.0	216.0	52.0	35.0	73.0	70.0	82.0	56.0
o75	252.0	254.0	237.0	240.0	269.0	265.0	219.0	234.0	241.0	288.0	296.0	204.0	203.0	225.0	297.0	264.0	200.0	208.0	211.0	273.0	3.0	99.0	61.0	78.0	23.0
o76	299.0	287.0	0.0	294.0	0.0	0.0	299.0	267.0	0.0	0.0	0.0	250.0	0.0	0.0	235.0	271.0	208.0	269.0	235.0	0.0	0.0	87.0	0.0	0.0	6.0
o77	288.0	224.0	257.0	245.0	270.0	233.0	202.0	282.0	293.0	296.0	246.0	203.0	261.0	14.0	33.0	92.0	70.0	15.0	16.0	87.0	93.0	55.0	93.0	58.0	92.0
o78	256.0	202.0	266.0	286.0	291.0	254.0	265.0	207.0	229.0	200.0	223.0	251.0	30.0	45.0	74.0	65.0	57.0	62.0	4.0	50.0	77.0	46.0	73.0	88.0	59.0
o79	227.0	0.0	287.0	0.0	0.0	0.0	267.0	0.0	246.0	0.0	0.0	277.0	249.0	31.0	35.0	99.0	0.0	10.0	0.0	0.0	30.0	59.0	75.0	46.0	0.0
o80	232.0	264.0	279.0	222.0	289.0	230.0	12.0	69.0	59.0	46.0	91.0	52.0	78.0	52.0	37.0	87.0	77.0	67.0	99.0	271.0	202.0	273.0	296.0	235.0	279.0
o81	224.0	221.0	274.0	211.0	246.0	286.0	202.0	286.0	47.0	18.0	2.0	55.0	65.0	92.0	17.0	78.0	68.0	58.0	69.0	97.0	231.0	277.0	203.0	228.0	209.0
o82	280.0	216.0	228.0	286.0	232.0	0.0	0.0	0.0	80.0	4.0	31.0	0.0	23.0	0.0	10.0	16.0	0.0	61.0	0.0	247.0	253.0	296.0	0.0	0.0	0.0
o83	211.0	215.0	231.0	222.0	241.0	248.0	237.0	267.0	229.0	207.0	11.0	80.0	0.0	44.0	77.0	50.0	91.0	97.0	29.0	19.0	213.0	222.0	258.0	293.0	282.0
o84	288.0	240.0	272.0	264.0	201.0	281.0	295.0	233.0	280.0	94.0	9.0	75.0	5.0	34.0	4.0	44.0	30.0	70.0	60.0	51.0	90.0	231.0	261.0	297.0	253.0
o85	0.0	288.0	0.0	247.0	0.0	0.0	223.0	0.0	0.0	220.0	0.0	79.0	0.0	0.0	0.0	0.0	72.0	72.0	69.0	92.0	0.0	252.0	0.0	0.0	277.0
o86	295.0	263.0	244.0	297.0	71.0	12.0	52.0	13.0	25.0	60.0	2.0	97.0	99.0	70.0	224.0	247.0	252.0	248.0	253.0	223.0	209.0	218.0	298.0	245.0	60.0
o87	206.0	255.0	215.0	220.0	272.0	35.0	40.0	71.0	65.0	43.0	77.0	97.0	20.0	61.0	267.0	294.0	268.0	289.0	287.0	209.0	283.0	225.0	203.0	18.0	0.0
o88	0.0	0.0	0.0	291.0	64.0	0.0	3.0	29.0	0.0	0.0	92.0	95.0	21.0	0.0	268.0	0.0	0.0	0.0	0.0	0.0	255.0	0.0	0.0	0.0	18.0
o89	277.0	292.0	267.0	298.0	273.0	239.0	252.0	270.0	76.0	73.0	97.0	49.0	17.0	83.0	0.0	2.0	28.0	211.0	202.0	223.0	277.0	246.0	292.0	204.0	201.0
o90	259.0	259.0	275.0	213.0	201.0	274.0	275.0	225.0	245.0	25.0	49.0	1.0	59.0	82.0	71.0	80.0	87.0	90.0	233.0	231.0	244.0	270.0	245.0	201.0	233.0
o91	0.0	294.0	0.0	240.0	0.0	0.0	0.0	0.0	0.0	0.0	79.0	80.0	84.0	0.0	0.0	0.0	84.0	274.0	254.0	286.0	0.0	230.0	286.0	241.0	244.0
o92	265.0	201.0	46.0	53.0	84.0	80.0	40.0	84.0	53.0	74.0	66.0	238.0	246.0	288.0	225.0	220.0	221.0	225.0	244.0	12.0	46.0	47.0	77.0	25.0	1.0
o93	247.0	290.0	224.0	40.0	27.0	24.0	82.0	66.0	21.0	282.0	264.0	258.0	208.0	210.0	227.0	228.0	278.0	252.0	42.0	82.0	10.0	48.0	19.0	98.0	9.0
o94	0.0	256.0	52.0	0.0	0.0	0.0	77.0	18.0	42.0	0.0	33.0	0.0	298.0	0.0	0.0	0.0	0.0	0.0	227.0	0.0	0.0	0.0	0.0	0.0	47.0
o95	293.0	264.0	207.0	203.0	205.0	223.0	72.0	17.0	49.0	95.0	92.0	12.0	81.0	290.0	232.0	285.0	239.0	277.0	273.0	55.0	13.0	84.0	69.0	56.0	33.0
o96	203.0	225.0	256.0	247.0	247.0	259.0	226.0	44.0	76.0	10.0	71.0	19.0	201.0	217.0	226.0	207.0	284.0	260.0	296.0	70.0	91.0	21.0	46.0	17.0	90.0
o97	272.0	271.0	0.0	281.0	0.0	202.0	0.0	26.0	86.0	60.0	9.0	0.0	16.0	0.0	0.0	229.0	241.0	0.0	243.0	0.0	0.0	52.0	0.0	0.0	0.0
o98	95.0	6.0	35.0	25.0	32.0	9.0	201.0	228.0	227.0	233.0	206.0	200.0	243.0	34.0	21.0	78.0	97.0	97.0	9.0	255.0	242.0	236.0	232.0	202.0	234.0
o99	12.0	61.0	24.0	70.0	53.0	242.0	259.0	263.0	258.0	254.0	215.0	233.0	62.0	44.0	37.0	90.0	52.0	30.0	30.0	282.0	277.0	236.0	247.0	204.0	223.0
o100	82.0	0.0	42.0	0.0	66.0	0.0	207.0	250.0	0.0	289.0	0.0	251.0	0.0	20.0	30.0	64.0	57.0	33.0	0.0	207.0	267.0	219.0	0.0	222.0	205.0
o101	257.0	236.0	212.0	242.0	91.0	94.0	78.0	47.0	235.0	244.0	200.0	276.0	235.0	46.0	52.0	68.0	11.0	245.0	287.0	259.0	201.0	46.0	49.0	40.0	85.0
o102	257.0	286.0	252.0	280.0	1.0	31.0	95.0	85.0	10.0	227.0	223.0	292.0	57.0	0.0	22.0	72.0	224.0	280.0	236.0	232.0	37.0	19.0	61.0	16.0	54.0
o103	232.0	0.0	215.0	0.0	0.0	0.0	85.0	0.0	269.0	0.0	0.0	0.0	246.0	0.0	45.0	0.0	0.0	0.0	255.0	206.0	0.0	37.0	0.0	75.0	44.0
o104	21.0	27.0	259.0	249.0	249.0	287.0	82.0	37.0	98.0	44.0	93.0	216.0	212.0	284.0	233.0	52.0	98.0	29.0	42.0	221.0	233.0	280.0	228.0	92.0	64.0
o105	37.0	5.0	68.0	265.0	283.0	295.0	266.0	24.0	54.0	54.0	13.0	34.0	228.0	217.0	281.0	231.0	46.0	73.0	89.0	226.0	227.0	217.0	293.0	226.0	91.0
o106	31.0	0.0	214.0	200.0	230.0	0.0	13.0	92.0	0.0	35.0	0.0	0.0	275.0	281.0	0.0	0.0	76.0	0.0	0.0	0.0	0.0	0.0	284.0	0.0	35.0
o107	238.0	277.0	236.0	269.0	241.0	233.0	222.0	272.0	296.0	267.0	247.0	258.0	253.0	232.0	295.0	258.0	261.0	203.0	262.0	286.0	205.0	223.0	281.0	205.0	289.0
o108	275.0	227.0	83.0	70.0	29.0	297.0	67.0	286.0	293.0	272.0	284.0	55.0	291.0	37.0	232.0	285.0	19.0	250.0	32.0	270.0	13.0	243.0	206.0	200.0	262.0
o109	249.0	0.0	0.0	0.0	0.0	258.0	259.0	262.0	257.0	0.0	0.0	0.0	0.0	288.0	0.0	231.0	251.0	0.0	0.0	0.0	246.0	258.0	275.0	293.0	251.0
o110	294.0	30.0	31.0	81.0	6.0	44.0	90.0	62.0	56.0	18.0	12.0	76.0	47.0	84.0	96.0	47.0	90.0	60.0	95.0	84.0	75.0	95.0	84.0	47.0	13.0
o111	238.0	89.0	239.0	95.0	23.0	215.0	52.0	25.0	25.0	274.0	65.0	75.0	69.0	39.0	80.0	81.0	99.0	220.0	98.0	288.0	11.0	41.0	275.0	206.0	34.0
o112	280.0	34.0	0.0	0.0	54.0	57.0	0.0	0.0	93.0	0.0	0.0	0.0	29.0	67.0	36.0	35.0	37.0	48.0	0.0	0.0	0.0	0.0	0.0	62.0	19.0
o113	251.0	69.0	44.0	44.0	80.0	96.0	80.0	51.0	41.0	95.0	42.0	12.0	10.0	35.0	99.0	22.0	9.0	97.0	88.0	98.0	29.0	11.0	25.0	6.0	55.0
o114	255.0	6.0	7.0	297.0	55.0	219.0	272.0	30.0	59.0	271.0	250.0	24.0	229.0	3.0	14.0	63.0	55.0	92.0	54.0	32.0	271.0	14.0	16.0	83.0	248.0
o115	275.0	0.0	0.0	0.0	0.0	0.0	0.0	0.0	28.0	0.0	54.0	96.0	0.0	87.0	0.0	58.0	66.0	74.0	52.0	14.0	0.0	0.0	78.0	0.0	50.0
o116	45.0	295.0	284.0	289.0	294.0	277.0	232.0	200.0	296.0	204.0	209.0	225.0	242.0	281.0	241.0	226.0	211.0	279.0	270.0	245.0	293.0	236.0	216.0	291.0	287.0
o117	208.0	256.0	264.0	254.0	234.0	84.0	58.0	90.0	67.0	260.0	274.0	28.0	19.0	91.0	218.0	75.0	7.0	215.0	225.0	62.0	223.0	64.0	17.0	62.0	28.0
o118	0.0	0.0	0.0	204.0	285.0	247.0	0.0	0.0	262.0	0.0	299.0	209.0	293.0	0.0	233.0	0.0	218.0	217.0	299.0	0.0	0.0	213.0	0.0	289.0	297.0
o119	239.0	292.0	227.0	220.0	243.0	269.0	201.0	230.0	221.0	201.0	286.0	296.0	263.0	81.0	44.0	53.0	56.0	62.0	45.0	68.0	86.0	52.0	75.0	95.0	83.0
o120	239.0	235.0	276.0	283.0	254.0	278.0	274.0	277.0	294.0	231.0	278.0	246.0	218.0	230.0	200.0	69.0	89.0	55.0	92.0	40.0	91.0	61.0	91.0	82.0	81.0
o121	257.0	0.0	0.0	0.0	278.0	0.0	0.0	0.0	0.0	0.0	0.0	233.0	0.0	0.0	96.0	10.0	0.0	66.0	36.0	0.0	35.0	0.0	0.0	0.0	0.0
o122	213.0	245.0	289.0	234.0	232.0	245.0	233.0	228.0	201.0	252.0	237.0	264.0	266.0	25.0	98.0	45.0	97.0	74.0	36.0	45.0	63.0	23.0	7.0	6.0	47.0
o123	233.0	247.0	232.0	273.0	217.0	253.0	295.0	214.0	200.0	226.0	241.0	298.0	272.0	253.0	20.0	55.0	76.0	14.0	34.0	93.0	87.0	66.0	79.0	58.0	59.0
o124	294.0	208.0	0.0	0.0	0.0	0.0	0.0	244.0	0.0	281.0	0.0	0.0	0.0	10.0	4.0	98.0	74.0	0.0	0.0	91.0	84.0	0.0	23.0	76.0	77.0
o125	223.0	282.0	296.0	205.0	244.0	226.0	64.0	42.0	27.0	83.0	81.0	58.0	71.0	299.0	281.0	215.0	229.0	297.0	292.0	12.0	23.0	65.0	1.0	62.0	27.0
o126	281.0	273.0	258.0	224.0	217.0	295.0	14.0	39.0	53.0	9.0	91.0	43.0	94.0	284.0	227.0	259.0	215.0	246.0	28.0	65.0	30.0	41.0	30.0	51.0	76.0
o127	0.0	229.0	282.0	216.0	0.0	213.0	71.0	55.0	0.0	39.0	0.0	0.0	0.0	0.0	0.0	258.0	256.0	292.0	218.0	98.0	87.0	0.0	0.0	0.0	0.0
o128	262.0	261.0	210.0	259.0	279.0	259.0	45.0	41.0	13.0	75.0	78.0	34.0	79.0	224.0	240.0	239.0	219.0	203.0	227.0	71.0	92.0	17.0	35.0	42.0	5.0
o129	277.0	230.0	261.0	237.0	212.0	251.0	97.0	82.0	15.0	32.0	48.0	43.0	94.0	230.0	287.0	229.0	284.0	95.0	39.0	43.0	73.0	11.0	69.0	83.0	28.0
o130	298.0	204.0	219.0	246.0	200.0	262.0	205.0	268.0	200.0	202.0	227.0	249.0	264.0	265.0	257.0	270.0	251.0	193.0	243.0	196.0	247.0	235.0	168.0	145.0	112.0
o131	292.0	237.0	259.0	282.0	249.0	247.0	292.0	245.0	257.0	218.0	234.0	241.0	221.0	204.0	262.0	247.0	227.0	208.0	232.0	235.0	242.0	175.0	195.0	209.0	123.0
o132	0.0	0.0	0.0	232.0	0.0	0.0	257.0	200.0	235.0	216.0	0.0	299.0	0.0	284.0	204.0	0.0	0.0	196.0	0.0	0.0	0.0	0.0	140.0	128.0	0.0
o133	285.0	269.0	285.0	291.0	263.0	215.0	258.0	291.0	237.0	209.0	226.0	276.0	250.0	247.0	183.0	272.0	168.0	208.0	225.0	142.0	180.0	207.0	121.0	93.0	142.0
o134	217.0	222.0	239.0	201.0	274.0	215.0	272.0	276.0	214.0	210.0	218.0	208.0	231.0	234.0	220.0	229.0	267.0	215.0	214.0	173.0	165.0	149.0	178.0	150.0	149.0
o135	0.0	226.0	0.0	255.0	285.0	0.0	216.0	268.0	0.0	241.0	0.0	232.0	263.0	0.0	0.0	209.0	0.0	0.0	229.0	0.0	0.0	0.0	191.0	154.0	165.0
o136	278.0	296.0	230.0	275.0	203.0	277.0	219.0	210.0	243.0	203.0	249.0	205.0	221.0	266.0	227.0	244.0	172.0	180.0	157.0	165.0	159.0	92.0	94.0	58.0	80.0
o137	278.0	266.0	200.0	235.0	224.0	273.0	218.0	217.0	242.0	277.0	291.0	278.0	298.0	296.0	194.0	252.0	219.0	165.0	172.0	135.0	65.0	104.0	87.0	95.0	55.0
o138	0.0	281.0	240.0	286.0	236.0	0.0	0.0	0.0	297.0	224.0	0.0	0.0	0.0	0.0	0.0	0.0	186.0	0.0	0.0	185.0	0.0	0.0	117.0	33.0	93.0
o139	284.0	253.0	293.0	225.0	232.0	231.0	274.0	279.0	246.0	233.0	69.0	94.0	48.0	197.0	227.0	131.0	122.0	159.0	124.0	56.0	10.0	31.0	27.0	77.0	107.0
o140	275.0	226.0	209.0	200.0	267.0	299.0	297.0	247.0	296.0	234.0	75.0	16.0	0.0	234.0	187.0	161.0	180.0	133.0	101.0	60.0	31.0	45.0	69.0	72.0	42.0
o141	263.0	249.0	0.0	238.0	239.0	0.0	234.0	230.0	0.0	242.0	0.0	0.0	0.0	186.0	172.0	125.0	86.0	0.0	85.0	0.0	0.0	48.0	39.0	85.0	0.0
o142	257.0	200.0	204.0	296.0	298.0	211.0	238.0	75.0	60.0	18.0	65.0	35.0	31.0	257.0	238.0	200.0	111.0	72.0	53.0	56.0	120.0	67.0	168.0	249.0	258.0
o143	261.0	231.0	288.0	277.0	244.0	290.0	272.0	73.0	12.0	76.0	66.0	45.0	66.0	195.0	194.0	190.0	74.0	79.0	17.0	33.0	127.0	104.0	229.0	251.0	215.0
o144	205.0	274.0	0.0	0.0	0.0	0.0	251.0	77.0	0.0	0.0	11.0	57.0	0.0	0.0	0.0	0.0	127.0	0.0	8.0	0.0	70.0	80.0	0.0	193.0	235.0
o145	281.0	219.0	290.0	70.0	47.0	80.0	32.0	96.0	48.0	60.0	212.0	273.0	288.0	145.0	56.0	89.0	27.0	116.0	171.0	137.0	203.0	288.0	272.0	274.0	144.0
o146	297.0	220.0	256.0	235.0	55.0	72.0	54.0	35.0	0.0	64.0	233.0	260.0	262.0	81.0	48.0	76.0	22.0	124.0	167.0	181.0	182.0	276.0	234.0	278.0	144.0
o147	274.0	212.0	0.0	0.0	0.0	0.0	5.0	0.0	0.0	93.0	0.0	0.0	0.0	0.0	41.0	0.0	17.0	0.0	98.0	0.0	0.0	0.0	257.0	0.0	233.0
o148	263.0	233.0	235.0	240.0	205.0	81.0	63.0	52.0	56.0	64.0	240.0	252.0	214.0	291.0	214.0	97.0	57.0	64.0	48.0	82.0	126.0	209.0	277.0	241.0	219.0
o149	257.0	251.0	236.0	220.0	213.0	64.0	91.0	74.0	36.0	46.0	296.0	295.0	280.0	218.0	190.0	215.0	175.0	96.0	95.0	17.0	92.0	180.0	256.0	290.0	180.0
o150	0.0	201.0	0.0	0.0	274.0	63.0	0.0	0.0	0.0	68.0	0.0	0.0	279.0	0.0	180.0	0.0	0.0	21.0	42.0	0.0	195.0	267.0	0.0	0.0	0.0
o151	279.0	224.0	24.0	8.0	82.0	87.0	99.0	218.0	209.0	284.0	242.0	250.0	90.0	114.0	43.0	90.0	131.0	163.0	216.0	248.0	284.0	205.0	133.0	63.0	53.0
o152	273.0	228.0	224.0	75.0	66.0	71.0	43.0	263.0	292.0	287.0	226.0	282.0	23.0	97.0	41.0	87.0	197.0	232.0	235.0	236.0	225.0	138.0	111.0	64.0	41.0
o153	244.0	253.0	14.0	0.0	39.0	76.0	0.0	0.0	0.0	249.0	0.0	291.0	0.0	0.0	78.0	98.0	138.0	0.0	268.0	225.0	200.0	0.0	99.0	0.0	0.0
o154	243.0	238.0	248.0	287.0	62.0	59.0	65.0	87.0	65.0	209.0	236.0	231.0	212.0	247.0	149.0	136.0	53.0	26.0	85.0	206.0	209.0	225.0	181.0	106.0	73.0
o155	256.0	279.0	261.0	235.0	286.0	59.0	92.0	61.0	30.0	201.0	235.0	222.0	244.0	245.0	146.0	136.0	58.0	90.0	130.0	271.0	207.0	203.0	157.0	60.0	18.0
o156	267.0	0.0	0.0	0.0	72.0	0.0	80.0	0.0	0.0	0.0	223.0	0.0	226.0	0.0	0.0	0.0	60.0	0.0	0.0	229.0	232.0	269.0	229.0	0.0	0.0
o157	231.0	50.0	1.0	11.0	16.0	38.0	200.0	279.0	212.0	245.0	68.0	69.0	89.0	45.0	33.0	110.0	217.0	205.0	255.0	190.0	83.0	48.0	87.0	143.0	157.0
o158	241.0	261.0	21.0	75.0	9.0	59.0	291.0	240.0	271.0	298.0	35.0	57.0	38.0	75.0	38.0	119.0	139.0	230.0	261.0	178.0	171.0	116.0	115.0	80.0	78.0
o159	206.0	0.0	0.0	0.0	1.0	0.0	0.0	0.0	296.0	0.0	0.0	0.0	0.0	73.0	39.0	0.0	0.0	0.0	283.0	0.0	74.0	60.0	0.0	55.0	0.0
o160	276.0	238.0	242.0	54.0	93.0	82.0	12.0	231.0	216.0	267.0	10.0	76.0	4.0	182.0	186.0	83.0	98.0	195.0	241.0	192.0	184.0	27.0	8.0	118.0	236.0
o161	209.0	200.0	211.0	9.0	37.0	75.0	207.0	271.0	296.0	212.0	81.0	25.0	92.0	254.0	176.0	94.0	33.0	166.0	209.0	237.0	156.0	169.0	32.0	130.0	269.0
o162	246.0	296.0	253.0	0.0	26.0	52.0	0.0	224.0	0.0	252.0	95.0	0.0	0.0	218.0	0.0	0.0	0.0	0.0	281.0	0.0	209.0	54.0	0.0	118.0	195.0
o163	19.0	98.0	9.0	255.0	266.0	223.0	232.0	54.0	51.0	24.0	291.0	284.0	219.0	20.0	142.0	210.0	214.0	103.0	33.0	99.0	90.0	184.0	198.0	169.0	47.0
o164	52.0	86.0	34.0	1.0	93.0	280.0	269.0	64.0	39.0	86.0	72.0	218.0	257.0	96.0	103.0	276.0	204.0	139.0	97.0	89.0	106.0	260.0	229.0	186.0	152.0
o165	26.0	17.0	13.0	0.0	0.0	0.0	0.0	32.0	0.0	12.0	218.0	0.0	0.0	0.0	0.0	0.0	192.0	196.0	0.0	19.0	157.0	226.0	292.0	164.0	84.0
o166	227.0	265.0	7.0	80.0	297.0	262.0	299.0	79.0	1.0	230.0	258.0	62.0	99.0	234.0	98.0	56.0	246.0	175.0	74.0	45.0	247.0	278.0	146.0	43.0	166.0
o167	204.0	271.0	285.0	98.0	24.0	246.0	202.0	58.0	6.0	232.0	289.0	43.0	15.0	239.0	104.0	113.0	240.0	289.0	60.0	66.0	224.0	173.0	54.0	75.0	166.0
o168	243.0	203.0	55.0	0.0	0.0	210.0	296.0	96.0	92.0	291.0	0.0	13.0	0.0	248.0	28.0	109.0	0.0	0.0	47.0	55.0	176.0	188.0	146.0	0.0	0.0
o169	3.0	272.0	245.0	29.0	26.0	67.0	251.0	277.0	88.0	59.0	299.0	267.0	39.0	217.0	208.0	39.0	53.0	182.0	209.0	63.0	38.0	205.0	271.0	138.0	40.0
o170	81.0	216.0	217.0	31.0	59.0	233.0	272.0	62.0	18.0	12.0	298.0	259.0	33.0	187.0	270.0	148.0	89.0	88.0	161.0	246.0	92.0	93.0	289.0	106.0	79.0
o171	0.0	227.0	0.0	84.0	0.0	0.0	0.0	292.0	55.0	0.0	0.0	224.0	43.0	0.0	186.0	0.0	0.0	0.0	0.0	81.0	103.0	224.0	266.0	0.0	0.0
o172	210.0	210.0	245.0	247.0	288.0	245.0	238.0	241.0	206.0	250.0	269.0	217.0	214.0	124.0	102.0	128.0	146.0	99.0	87.0	60.0	26.0	69.0	17.0	59.0	94.0
o173	293.0	207.0	36.0	23.0	14.0	53.0	265.0	51.0	286.0	228.0	229.0	241.0	259.0	37.0	72.0	167.0	142.0	231.0	69.0	255.0	73.0	231.0	115.0	112.0	172.0
o174	203.0	0.0	0.0	0.0	0.0	280.0	0.0	0.0	260.0	0.0	0.0	262.0	280.0	0.0	168.0	108.0	56.0	112.0	95.0	0.0	0.0	0.0	0.0	0.0	0.0
o175	296.0	31.0	88.0	95.0	66.0	71.0	46.0	15.0	16.0	61.0	38.0	68.0	17.0	34.0	4.0	33.0	73.0	78.0	77.0	81.0	104.0	66.0	144.0	172.0	140.0
o176	55.0	85.0	270.0	299.0	3.0	29.0	23.0	250.0	218.0	83.0	256.0	59.0	16.0	202.0	173.0	284.0	205.0	73.0	69.0	196.0	134.0	284.0	285.0	176.0	205.0
o177	0.0	0.0	46.0	92.0	82.0	0.0	0.0	0.0	66.0	68.0	31.0	0.0	0.0	61.0	0.0	0.0	0.0	86.0	0.0	0.0	0.0	0.0	101.0	157.0	0.0
o178	230.0	5.0	71.0	2.0	70.0	57.0	57.0	73.0	3.0	13.0	86.0	14.0	75.0	95.0	29.0	105.0	89.0	80.0	139.0	123.0	150.0	247.0	189.0	271.0	273.0
o179	25.0	79.0	25.0	7.0	253.0	32.0	94.0	244.0	233.0	29.0	67.0	8.0	93.0	93.0	253.0	105.0	169.0	50.0	231.0	110.0	127.0	57.0	249.0	228.0	49.0
o180	0.0	39.0	53.0	98.0	94.0	0.0	0.0	0.0	74.0	0.0	77.0	41.0	0.0	87.0	87.0	0.0	0.0	0.0	0.0	0.0	0.0	188.0	201.0	0.0	229.0
o181	4.0	224.0	295.0	293.0	257.0	223.0	289.0	295.0	216.0	263.0	263.0	232.0	205.0	251.0	258.0	239.0	172.0	175.0	158.0	117.0	81.0	57.0	67.0	41.0	77.0
o182	206.0	88.0	48.0	45.0	35.0	229.0	231.0	11.0	210.0	220.0	254.0	9.0	89.0	68.0	52.0	94.0	154.0	149.0	127.0	197.0	174.0	195.0	175.0	261.0	298.0
o183	56.0	284.0	220.0	285.0	282.0	275.0	283.0	0.0	0.0	251.0	276.0	0.0	260.0	0.0	0.0	199.0	0.0	0.0	137.0	0.0	137.0	0.0	116.0	0.0	0.0
o184	245.0	233.0	291.0	277.0	237.0	240.0	285.0	74.0	84.0	3.0	72.0	55.0	17.0	204.0	260.0	157.0	88.0	111.0	57.0	75.0	102.0	121.0	192.0	261.0	243.0
o185	220.0	210.0	208.0	280.0	226.0	58.0	78.0	29.0	18.0	30.0	0.0	70.0	18.0	197.0	264.0	145.0	112.0	81.0	100.0	39.0	99.0	146.0	167.0	221.0	279.0
o186	0.0	0.0	0.0	0.0	0.0	0.0	294.0	63.0	11.0	16.0	0.0	46.0	0.0	250.0	0.0	0.0	104.0	95.0	43.0	73.0	0.0	0.0	194.0	0.0	0.0
o187	237.0	247.0	270.0	245.0	237.0	269.0	250.0	93.0	2.0	3.0	85.0	74.0	84.0	244.0	197.0	190.0	88.0	65.0	67.0	80.0	67.0	112.0	123.0	233.0	273.0
o188	251.0	285.0	277.0	256.0	285.0	217.0	216.0	96.0	31.0	37.0	31.0	23.0	2.0	198.0	228.0	208.0	124.0	74.0	13.0	60.0	75.0	196.0	161.0	213.0	262.0
o189	230.0	0.0	0.0	0.0	249.0	235.0	0.0	51.0	97.0	73.0	0.0	71.0	0.0	283.0	184.0	0.0	0.0	83.0	0.0	0.0	38.0	0.0	146.0	244.0	0.0
o190	284.0	296.0	277.0	74.0	11.0	51.0	52.0	225.0	258.0	230.0	79.0	42.0	28.0	263.0	188.0	75.0	68.0	157.0	274.0	260.0	131.0	47.0	51.0	115.0	185.0
o191	257.0	263.0	269.0	211.0	80.0	90.0	9.0	209.0	296.0	7.0	41.0	46.0	60.0	188.0	59.0	106.0	129.0	232.0	223.0	121.0	116.0	9.0	77.0	178.0	232.0
o192	0.0	0.0	261.0	69.0	0.0	0.0	0.0	0.0	248.0	0.0	0.0	38.0	0.0	0.0	109.0	0.0	0.0	0.0	0.0	0.0	199.0	115.0	0.0	0.0	246.0
o193	271.0	234.0	291.0	23.0	89.0	71.0	29.0	297.0	265.0	221.0	59.0	61.0	72.0	192.0	125.0	26.0	61.0	147.0	248.0	212.0	188.0	82.0	35.0	81.0	216.0
o194	238.0	269.0	207.0	23.0	37.0	69.0	61.0	287.0	262.0	52.0	78.0	50.0	11.0	247.0	113.0	65.0	28.0	149.0	175.0	212.0	140.0	99.0	105.0	209.0	249.0
o195	29.0	34.0	34.0	35.0	36.0	36.0	38.0	42.0	37.0	43.0	41.0	46.0	49.0	42.0	49.0	46.0	53.0	54.0	52.0	56.0	57.0	63.0	63.0	59.0	60.0
o196	27.0	34.0	33.0	37.0	40.0	39.0	40.0	35.0	35.0	38.0	44.0	49.0	49.0	47.0	43.0	51.0	53.0	56.0	59.0	60.0	54.0	62.0	59.0	56.0	65.0
o197	33.0	31.0	36.0	36.0	37.0	35.0	34.0	0.0	0.0	36.0	38.0	0.0	0.0	0.0	51.0	0.0	50.0	0.0	56.0	50.0	0.0	0.0	0.0	0.0	0.0
o198	35.0	42.0	44.0	42.0	40.0	45.0	44.0	42.0	49.0	47.0	51.0	57.0	53.0	56.0	54.0	59.0	62.0	64.0	60.0	69.0	70.0	68.0	69.0	74.0	69.0
o199	37.0	34.0	36.0	37.0	38.0	42.0	42.0	46.0	48.0	53.0	47.0	54.0	55.0	54.0	54.0	53.0	57.0	59.0	62.0	64.0	71.0	68.0	69.0	70.0	77.0
o200	34.0	0.0	0.0	0.0	42.0	46.0	0.0	47.0	0.0	52.0	50.0	51.0	0.0	0.0	0.0	0.0	63.0	63.0	0.0	64.0	65.0	0.0	73.0	0.0	0.0
o201	26.0	32.0	33.0	40.0	37.0	44.0	47.0	49.0	53.0	53.0	61.0	65.0	61.0	63.0	69.0	75.0	74.0	83.0	78.0	86.0	91.0	88.0	89.0	97.0	90.0
o202	29.0	36.0	32.0	34.0	36.0	38.0	47.0	45.0	54.0	50.0	54.0	59.0	60.0	65.0	79.0	78.0	78.0	83.0	83.0	87.0	90.0	94.0	93.0	93.0	94.0
o203	30.0	0.0	0.0	0.0	43.0	0.0	47.0	47.0	54.0	0.0	53.0	0.0	64.0	0.0	75.0	0.0	0.0	0.0	80.0	79.0	0.0	0.0	87.0	0.0	90.0
o204	43.0	48.0	53.0	57.0	56.0	65.0	68.0	65.0	68.0	69.0	78.0	83.0	86.0	88.0	83.0	88.0	89.0	95.0	90.0	98.0	97.0	103.0	104.0	100.0	101.0
o205	40.0	46.0	59.0	52.0	53.0	68.0	70.0	68.0	71.0	78.0	71.0	77.0	85.0	81.0	84.0	84.0	88.0	89.0	97.0	96.0	96.0	103.0	97.0	100.0	103.0
o206	43.0	0.0	0.0	53.0	60.0	0.0	64.0	0.0	71.0	76.0	77.0	81.0	82.0	83.0	87.0	86.0	89.0	94.0	0.0	0.0	95.0	0.0	0.0	0.0	102.0
o207	28.0	31.0	36.0	43.0	50.0	55.0	63.0	75.0	77.0	77.0	87.0	88.0	97.0	95.0	100.0	106.0	102.0	101.0	102.0	105.0	103.0	108.0	104.0	111.0	104.0
o208	34.0	41.0	39.0	52.0	57.0	62.0	65.0	79.0	80.0	84.0	81.0	88.0	88.0	94.0	104.0	104.0	108.0	102.0	104.0	108.0	112.0	109.0	104.0	110.0	104.0
o209	25.0	0.0	45.0	0.0	0.0	54.0	0.0	0.0	0.0	85.0	88.0	93.0	0.0	98.0	0.0	102.0	104.0	0.0	0.0	0.0	0.0	0.0	0.0	0.0	109.0
o210	69.0	77.0	80.0	80.0	84.0	96.0	97.0	99.0	100.0	102.0	105.0	106.0	108.0	106.0	110.0	109.0	105.0	107.0	108.0	106.0	110.0	112.0	109.0	108.0	110.0
o211	64.0	73.0	85.0	81.0	94.0	94.0	100.0	100.0	99.0	104.0	104.0	105.0	110.0	102.0	112.0	103.0	106.0	109.0	109.0	106.0	113.0	114.0	113.0	112.0	107.0
o212	61.0	0.0	0.0	86.0	83.0	0.0	0.0	99.0	0.0	98.0	0.0	110.0	0.0	103.0	0.0	0.0	104.0	0.0	0.0	0.0	0.0	105.0	0.0	109.0	0.0
o213	27.0	37.0	45.0	53.0	55.0	68.0	78.0	83.0	88.0	92.0	92.0	104.0	104.0	103.0	104.0	105.0	111.0	111.0	105.0	110.0	110.0	108.0	114.0	112.0	105.0
o214	30.0	33.0	40.0	46.0	56.0	62.0	70.0	68.0	78.0	89.0	91.0	99.0	96.0	95.0	100.0	103.0	107.0	106.0	112.0	106.0	113.0	104.0	106.0	105.0	114.0
o215	0.0	0.0	41.0	46.0	56.0	61.0	0.0	82.0	0.0	0.0	0.0	98.0	0.0	0.0	103.0	0.0	111.0	103.0	0.0	0.0	0.0	0.0	0.0	0.0	108.0
o216	77.0	79.0	89.0	96.0	98.0	99.0	105.0	108.0	111.0	106.0	111.0	110.0	104.0	106.0	110.0	113.0	107.0	114.0	111.0	107.0	114.0	111.0	114.0	106.0	112.0
o217	73.0	73.0	81.0	85.0	95.0	100.0	95.0	99.0	100.0	109.0	111.0	108.0	104.0	111.0	107.0	109.0	107.0	109.0	109.0	113.0	111.0	113.0	106.0	109.0	109.0
o218	69.0	83.0	91.0	0.0	97.0	103.0	0.0	104.0	102.0	0.0	0.0	111.0	112.0	112.0	0.0	107.0	112.0	0.0	113.0	0.0	0.0	0.0	0.0	0.0	0.0
o219	25.0	41.0	43.0	57.0	61.0	76.0	78.0	90.0	96.0	96.0	107.0	102.0	104.0	110.0	105.0	112.0	107.0	107.0	109.0	108.0	110.0	112.0	112.0	111.0	108.0
o220	27.0	37.0	40.0	42.0	56.0	61.0	70.0	80.0	89.0	102.0	99.0	104.0	108.0	108.0	107.0	108.0	107.0	109.0	106.0	110.0	110.0	105.0	108.0	113.0	107.0
o221	32.0	38.0	51.0	51.0	61.0	0.0	0.0	94.0	97.0	0.0	101.0	0.0	108.0	0.0	0.0	0.0	105.0	113.0	106.0	0.0	113.0	0.0	0.0	111.0	112.0
o222	85.0	92.0	96.0	103.0	100.0	106.0	102.0	112.0	109.0	113.0	111.0	109.0	109.0	112.0	110.0	105.0	110.0	112.0	111.0	113.0	105.0	113.0	112.0	112.0	107.0
o223	80.0	93.0	92.0	97.0	105.0	100.0	108.0	107.0	103.0	110.0	110.0	104.0	105.0	112.0	108.0	109.0	107.0	106.0	108.0	114.0	113.0	113.0	113.0	112.0	111.0
o224	78.0	0.0	99.0	96.0	0.0	107.0	105.0	0.0	0.0	0.0	0.0	0.0	112.0	106.0	0.0	112.0	0.0	112.0	0.0	112.0	110.0	0.0	0.0	0.0	110.0
o225	32.0	38.0	55.0	65.0	78.0	88.0	97.0	101.0	99.0	101.0	109.0	112.0	113.0	114.0	111.0	107.0	111.0	113.0	106.0	105.0	108.0	106.0	107.0	105.0	111.0
o226	32.0	35.0	43.0	53.0	70.0	81.0	97.0	98.0	102.0	104.0	108.0	102.0	108.0	111.0	106.0	108.0	109.0	114.0	114.0	109.0	106.0	112.0	114.0	110.0	110.0
o227	30.0	0.0	50.0	0.0	76.0	0.0	0.0	0.0	107.0	105.0	0.0	0.0	110.0	0.0	111.0	0.0	110.0	113.0	0.0	0.0	0.0	0.0	114.0	114.0	0.0
o228	93.0	101.0	105.0	102.0	105.0	110.0	107.0	106.0	109.0	111.0	114.0	112.0	113.0	110.0	107.0	106.0	107.0	108.0	106.0	110.0	109.0	108.0	112.0	112.0	106.0
o229	99.0	95.0	101.0	102.0	107.0	110.0	107.0	106.0	105.0	106.0	112.0	108.0	109.0	107.0	113.0	114.0	111.0	105.0	110.0	106.0	111.0	113.0	106.0	108.0	108.0
o230	96.0	100.0	105.0	109.0	112.0	0.0	0.0	108.0	0.0	114.0	110.0	0.0	109.0	110.0	0.0	105.0	0.0	0.0	0.0	0.0	0.0	111.0	0.0	110.0	0.0
o231	30.0	54.0	64.0	80.0	96.0	101.0	104.0	112.0	106.0	108.0	106.0	105.0	107.0	111.0	106.0	106.0	108.0	108.0	105.0	113.0	113.0	111.0	105.0	105.0	111.0
o232	27.0	48.0	76.0	97.0	103.0	106.0	103.0	112.0	113.0	110.0	111.0	109.0	110.0	108.0	112.0	107.0	110.0	106.0	113.0	112.0	112.0	111.0	105.0	107.0	113.0
o233	31.0	0.0	0.0	0.0	0.0	103.0	0.0	0.0	0.0	109.0	0.0	106.0	0.0	0.0	112.0	112.0	0.0	0.0	0.0	113.0	0.0	105.0	110.0	0.0	105.0
o234	103.0	107.0	111.0	107.0	108.0	110.0	106.0	107.0	109.0	110.0	110.0	114.0	108.0	107.0	106.0	105.0	113.0	107.0	107.0	110.0	112.0	110.0	109.0	106.0	105.0
o235	105.0	104.0	113.0	110.0	107.0	107.0	105.0	110.0	110.0	105.0	111.0	114.0	109.0	106.0	107.0	105.0	113.0	106.0	111.0	109.0	105.0	106.0	105.0	105.0	111.0
o236	0.0	0.0	0.0	111.0	111.0	0.0	108.0	0.0	109.0	0.0	107.0	108.0	0.0	113.0	111.0	0.0	0.0	0.0	112.0	106.0	0.0	0.0	0.0	106.0	0.0
o237	31.0	113.0	105.0	107.0	105.0	105.0	105.0	113.0	111.0	109.0	107.0	109.0	110.0	109.0	105.0	113.0	109.0	106.0	112.0	109.0	105.0	114.0	107.0	111.0	111.0
o238	32.0	92.0	110.0	109.0	108.0	107.0	113.0	112.0	105.0	106.0	105.0	114.0	113.0	113.0	108.0	110.0	106.0	108.0	110.0	110.0	114.0	109.0	111.0	108.0	111.0
o239	31.0	104.0	114.0	0.0	0.0	109.0	106.0	108.0	107.0	0.0	109.0	0.0	0.0	0.0	110.0	0.0	111.0	111.0	0.0	0.0	114.0	0.0	105.0	0.0	0.0
o240	113.0	114.0	111.0	108.0	113.0	108.0	106.0	112.0	113.0	112.0	109.0	108.0	110.0	108.0	105.0	106.0	114.0	112.0	113.0	108.0	114.0	113.0	108.0	112.0	107.0
o241	108.0	108.0	107.0	113.0	110.0	114.0	111.0	111.0	113.0	106.0	108.0	111.0	109.0	112.0	105.0	110.0	108.0	106.0	114.0	110.0	111.0	108.0	113.0	111.0	113.0
o242	107.0	107.0	0.0	0.0	110.0	0.0	106.0	107.0	107.0	114.0	0.0	111.0	0.0	107.0	0.0	114.0	0.0	0.0	0.0	114.0	0.0	0.0	0.0	107.0	107.0
o243	32.0	112.0	114.0	114.0	109.0	106.0	107.0	111.0	107.0	105.0	109.0	111.0	112.0	110.0	112.0	114.0	107.0	111.0	105.0	107.0	114.0	106.0	107.0	105.0	105.0
o244	25.0	108.0	113.0	114.0	112.0	106.0	114.0	112.0	108.0	111.0	113.0	107.0	108.0	108.0	112.0	110.0	108.0	110.0	112.0	114.0	108.0	111.0	106.0	106.0	109.0
o245	0.0	112.0	110.0	111.0	0.0	0.0	112.0	106.0	105.0	0.0	105.0	0.0	0.0	108.0	0.0	110.0	0.0	108.0	112.0	105.0	106.0	0.0	0.0	0.0	108.0
o246	107.0	112.0	111.0	114.0	113.0	114.0	110.0	112.0	111.0	109.0	107.0	107.0	111.0	108.0	106.0	109.0	113.0	107.0	109.0	111.0	111.0	113.0	112.0	106.0	112.0
o247	105.0	112.0	109.0	112.0	111.0	112.0	111.0	111.0	112.0	108.0	114.0	111.0	107.0	114.0	109.0	110.0	109.0	108.0	108.0	109.0	105.0	112.0	112.0	112.0	110.0
o248	0.0	113.0	112.0	105.0	0.0	0.0	0.0	110.0	0.0	111.0	107.0	112.0	0.0	0.0	0.0	105.0	108.0	0.0	112.0	0.0	0.0	0.0	0.0	0.0	110.0
o249	26.0	109.0	107.0	114.0	112.0	108.0	107.0	106.0	112.0	110.0	109.0	108.0	110.0	114.0	107.0	107.0	112.0	108.0	113.0	113.0	114.0	110.0	106.0	108.0	113.0
o250	108.0	105.0	108.0	114.0	109.0	112.0	108.0	112.0	112.0	107.0	111.0	109.0	108.0	113.0	113.0	109.0	112.0	106.0	105.0	106.0	112.0	107.0	112.0	111.0	106.0
o251	31.0	0.0	0.0	0.0	0.0	107.0	0.0	105.0	108.0	0.0	105.0	111.0	0.0	106.0	107.0	112.0	0.0	107.0	0.0	0.0	0.0	0.0	0.0	113.0	109.0
o252	108.0	107.0	114.0	112.0	111.0	108.0	109.0	113.0	110.0	110.0	108.0	112.0	114.0	110.0	112.0	111.0	112.0	110.0	111.0	110.0	113.0	109.0	108.0	109.0	113.0
o253	111.0	108.0	114.0	107.0	105.0	108.0	105.0	108.0	111.0	110.0	105.0	113.0	113.0	110.0	107.0	114.0	113.0	112.0	112.0	107.0	111.0	107.0	105.0	106.0	111.0
o254	114.0	110.0	0.0	0.0	108.0	105.0	105.0	105.0	106.0	111.0	0.0	112.0	113.0	0.0	111.0	0.0	107.0	0.0	0.0	0.0	114.0	0.0	109.0	111.0	0.0
o255	33.0	111.0	108.0	111.0	107.0	113.0	113.0	113.0	105.0	107.0	106.0	108.0	114.0	112.0	114.0	108.0	111.0	107.0	105.0	109.0	109.0	111.0	113.0	114.0	109.0
o256	26.0	109.0	106.0	112.0	110.0	110.0	108.0	113.0	113.0	105.0	109.0	105.0	107.0	107.0	110.0	108.0	109.0	106.0	107.0	111.0	112.0	109.0	113.0	113.0	111.0
o257	28.0	0.0	0.0	0.0	112.0	108.0	114.0	110.0	114.0	106.0	0.0	0.0	0.0	107.0	0.0	114.0	105.0	0.0	0.0	0.0	113.0	106.0	0.0	0.0	0.0
o258	111.0	113.0	113.0	109.0	107.0	110.0	106.0	106.0	111.0	110.0	114.0	110.0	107.0	108.0	112.0	113.0	105.0	113.0	111.0	114.0	107.0	111.0	114.0	106.0	105.0
o259	114.0	109.0	111.0	111.0	105.0	111.0	108.0	106.0	107.0	111.0	111.0	111.0	112.0	111.0	111.0	109.0	107.0	106.0	107.0	109.0	112.0	106.0	109.0	114.0	114.0
