# Constructed from biom file
#OTU ID	s0	s1	s2	s3	s4	s5	s6	s7	s8	s9	s10	s11	s12	s13	s14	s15	s16	s17	s18	s19	s20	s21	s22	s23	s24	s25
o0	153.0	151.0	194.0	166.0	201.0	224.0	216.0	182.0	228.0	216.0	166.0	247.0	209.0	258.0	268.0	189.0	256.0	221.0	286.0	272.0	256.0	292.0	250.0	273.0	273.0	227.0
o1	147.0	126.0	132.0	205.0	198.0	230.0	218.0	143.0	242.0	241.0	186.0	235.0	206.0	269.0	237.0	206.0	260.0	217.0	222.0	209.0	242.0	196.0	226.0	281.0	249.0	233.0
o2	122.0	175.0	183.0	161.0	208.0	0.0	0.0	151.0	204.0	159.0	0.0	221.0	249.0	0.0	0.0	277.0	0.0	249.0	247.0	257.0	223.0	271.0	252.0	272.0	255.0	238.0
o3	143.0	237.0	224.0	170.0	253.0	187.0	225.0	246.0	197.0	224.0	271.0	274.0	253.0	259.0	233.0	208.0	240.0	204.0	210.0	225.0	254.0	234.0	197.0	270.0	262.0	235.0
o4	239.0	182.0	234.0	221.0	245.0	183.0	217.0	270.0	205.0	223.0	234.0	222.0	187.0	272.0	266.0	199.0	241.0	227.0	216.0	282.0	242.0	268.0	262.0	290.0	263.0	206.0
o5	146.0	176.0	0.0	229.0	0.0	198.0	235.0	270.0	218.0	0.0	0.0	266.0	285.0	277.0	230.0	211.0	243.0	275.0	255.0	255.0	0.0	0.0	201.0	231.0	267.0	278.0
o6	172.0	181.0	197.0	223.0	161.0	172.0	187.0	251.0	223.0	209.0	248.0	263.0	216.0	222.0	220.0	252.0	266.0	204.0	241.0	182.0	248.0	234.0	155.0	150.0	199.0	139.0
o7	141.0	166.0	166.0	228.0	173.0	258.0	234.0	276.0	226.0	278.0	213.0	266.0	233.0	213.0	281.0	260.0	207.0	173.0	216.0	211.0	235.0	225.0	154.0	109.0	132.0	123.0
o8	172.0	207.0	195.0	234.0	232.0	0.0	210.0	184.0	260.0	0.0	281.0	258.0	248.0	277.0	0.0	0.0	271.0	258.0	189.0	200.0	0.0	215.0	0.0	167.0	138.0	149.0
o9	192.0	199.0	187.0	251.0	291.0	280.0	219.0	233.0	268.0	200.0	249.0	269.0	243.0	249.0	164.0	191.0	207.0	159.0	149.0	181.0	163.0	145.0	121.0	48.0	111.0	49.0
o10	259.0	251.0	260.0	265.0	278.0	265.0	285.0	271.0	198.0	251.0	250.0	167.0	181.0	219.0	188.0	156.0	182.0	137.0	174.0	127.0	128.0	143.0	134.0	138.0	53.0	86.0
o11	0.0	0.0	0.0	264.0	199.0	278.0	0.0	208.0	261.0	287.0	203.0	281.0	242.0	212.0	223.0	213.0	158.0	194.0	148.0	0.0	0.0	132.0	85.0	133.0	83.0	44.0
o12	140.0	150.0	196.0	190.0	217.0	227.0	208.0	279.0	230.0	224.0	226.0	159.0	114.0	162.0	63.0	106.0	107.0	69.0	88.0	43.0	43.0	93.0	72.0	73.0	173.0	174.0
o13	156.0	177.0	215.0	239.0	289.0	297.0	242.0	213.0	200.0	152.0	120.0	50.0	32.0	58.0	62.0	20.0	71.0	24.0	36.0	32.0	98.0	84.0	97.0	150.0	85.0	120.0
o14	157.0	0.0	156.0	178.0	204.0	232.0	261.0	248.0	224.0	204.0	221.0	145.0	205.0	0.0	0.0	61.0	0.0	96.0	36.0	0.0	68.0	73.0	86.0	0.0	82.0	172.0
o15	299.0	285.0	259.0	190.0	156.0	221.0	181.0	92.0	153.0	39.0	78.0	74.0	18.0	14.0	38.0	51.0	135.0	66.0	103.0	129.0	211.0	257.0	195.0	250.0	261.0	204.0
o16	226.0	249.0	242.0	238.0	241.0	236.0	84.0	54.0	78.0	118.0	53.0	21.0	46.0	39.0	9.0	89.0	73.0	77.0	154.0	159.0	93.0	181.0	228.0	175.0	180.0	246.0
o17	0.0	274.0	187.0	0.0	0.0	198.0	172.0	0.0	74.0	92.0	33.0	0.0	55.0	0.0	64.0	111.0	70.0	111.0	159.0	199.0	213.0	172.0	243.0	215.0	217.0	236.0
o18	176.0	188.0	245.0	241.0	216.0	201.0	226.0	188.0	239.0	192.0	153.0	110.0	64.0	79.0	83.0	55.0	59.0	89.0	55.0	104.0	116.0	199.0	225.0	211.0	271.0	246.0
o19	217.0	221.0	190.0	205.0	185.0	208.0	144.0	174.0	161.0	74.0	146.0	52.0	112.0	115.0	119.0	74.0	129.0	77.0	139.0	153.0	207.0	215.0	177.0	282.0	288.0	213.0
o20	146.0	132.0	207.0	0.0	230.0	204.0	234.0	207.0	0.0	181.0	128.0	87.0	121.0	81.0	17.0	77.0	52.0	118.0	100.0	132.0	200.0	0.0	228.0	0.0	0.0	0.0
o21	226.0	214.0	208.0	152.0	140.0	149.0	41.0	59.0	34.0	89.0	53.0	108.0	136.0	92.0	157.0	206.0	258.0	227.0	271.0	279.0	246.0	263.0	159.0	209.0	87.0	148.0
o22	253.0	230.0	210.0	130.0	137.0	98.0	4.0	74.0	106.0	173.0	140.0	217.0	235.0	268.0	211.0	224.0	227.0	242.0	207.0	195.0	228.0	240.0	200.0	108.0	134.0	100.0
o23	0.0	0.0	162.0	123.0	0.0	69.0	35.0	73.0	9.0	56.0	53.0	29.0	129.0	117.0	0.0	147.0	0.0	282.0	210.0	238.0	257.0	271.0	190.0	130.0	116.0	0.0
o24	133.0	220.0	204.0	246.0	225.0	211.0	204.0	162.0	168.0	105.0	53.0	79.0	20.0	101.0	28.0	78.0	112.0	202.0	189.0	186.0	210.0	222.0	218.0	167.0	192.0	132.0
o25	190.0	233.0	220.0	195.0	203.0	206.0	207.0	274.0	156.0	175.0	118.0	73.0	46.0	36.0	31.0	109.0	138.0	113.0	208.0	192.0	284.0	286.0	219.0	210.0	133.0	179.0
o26	0.0	218.0	240.0	236.0	275.0	0.0	213.0	163.0	0.0	134.0	51.0	93.0	22.0	32.0	37.0	52.0	0.0	0.0	202.0	0.0	209.0	241.0	187.0	205.0	136.0	166.0
o27	174.0	237.0	157.0	77.0	35.0	10.0	52.0	57.0	99.0	60.0	184.0	177.0	173.0	197.0	268.0	230.0	241.0	233.0	217.0	84.0	51.0	48.0	62.0	81.0	72.0	100.0
o28	162.0	142.0	178.0	146.0	114.0	38.0	24.0	41.0	51.0	157.0	146.0	197.0	233.0	226.0	240.0	238.0	271.0	159.0	107.0	85.0	79.0	147.0	116.0	67.0	37.0	37.0
o29	264.0	219.0	0.0	126.0	109.0	50.0	41.0	0.0	0.0	133.0	127.0	203.0	176.0	0.0	253.0	262.0	279.0	234.0	161.0	160.0	0.0	90.0	60.0	0.0	67.0	93.0
o30	144.0	198.0	212.0	222.0	252.0	188.0	206.0	137.0	60.0	67.0	67.0	99.0	149.0	142.0	175.0	288.0	215.0	190.0	130.0	107.0	97.0	97.0	36.0	55.0	90.0	156.0
o31	213.0	248.0	240.0	288.0	221.0	234.0	260.0	173.0	197.0	134.0	22.0	99.0	92.0	153.0	201.0	177.0	202.0	284.0	193.0	114.0	11.0	46.0	14.0	48.0	112.0	132.0
o32	0.0	174.0	243.0	260.0	249.0	190.0	165.0	113.0	0.0	0.0	0.0	0.0	130.0	188.0	206.0	244.0	226.0	217.0	221.0	163.0	0.0	45.0	61.0	113.0	124.0	132.0
o33	174.0	90.0	35.0	31.0	22.0	99.0	159.0	230.0	212.0	241.0	206.0	211.0	189.0	141.0	115.0	48.0	101.0	110.0	130.0	203.0	262.0	228.0	287.0	251.0	198.0	181.0
o34	53.0	68.0	59.0	82.0	64.0	108.0	184.0	147.0	246.0	203.0	236.0	185.0	158.0	154.0	119.0	66.0	47.0	23.0	49.0	52.0	70.0	88.0	229.0	280.0	210.0	187.0
o35	0.0	64.0	0.0	88.0	109.0	0.0	0.0	195.0	243.0	244.0	221.0	257.0	178.0	116.0	103.0	102.0	35.0	0.0	110.0	185.0	188.0	281.0	253.0	198.0	206.0	0.0
o36	189.0	241.0	206.0	233.0	194.0	121.0	1.0	51.0	164.0	234.0	204.0	265.0	177.0	127.0	17.0	30.0	67.0	154.0	249.0	233.0	222.0	92.0	66.0	20.0	77.0	108.0
o37	174.0	182.0	234.0	210.0	177.0	171.0	39.0	79.0	22.0	110.0	138.0	206.0	211.0	249.0	276.0	192.0	106.0	56.0	78.0	109.0	110.0	87.0	141.0	269.0	162.0	89.0
o38	0.0	0.0	200.0	212.0	118.0	93.0	19.0	23.0	144.0	242.0	0.0	207.0	169.0	96.0	16.0	0.0	79.0	212.0	281.0	226.0	239.0	165.0	13.0	0.0	93.0	0.0
o39	41.0	87.0	173.0	262.0	281.0	255.0	148.0	67.0	83.0	19.0	118.0	190.0	232.0	194.0	199.0	119.0	75.0	66.0	110.0	176.0	249.0	218.0	176.0	120.0	79.0	69.0
o40	30.0	14.0	74.0	147.0	240.0	224.0	246.0	206.0	227.0	256.0	163.0	146.0	19.0	52.0	172.0	201.0	271.0	145.0	161.0	155.0	102.0	129.0	145.0	238.0	207.0	203.0
o41	45.0	0.0	0.0	0.0	212.0	273.0	210.0	79.0	78.0	58.0	84.0	171.0	227.0	241.0	0.0	95.0	104.0	22.0	63.0	208.0	276.0	196.0	0.0	0.0	25.0	60.0
o42	197.0	170.0	167.0	211.0	168.0	148.0	165.0	212.0	193.0	198.0	195.0	245.0	263.0	204.0	231.0	241.0	211.0	214.0	205.0	202.0	236.0	278.0	227.0	225.0	230.0	196.0
o43	225.0	262.0	153.0	101.0	106.0	36.0	214.0	47.0	212.0	52.0	127.0	220.0	185.0	218.0	74.0	80.0	209.0	64.0	243.0	206.0	193.0	74.0	247.0	258.0	147.0	240.0
o44	119.0	177.0	162.0	0.0	0.0	212.0	164.0	155.0	206.0	250.0	0.0	224.0	220.0	188.0	192.0	201.0	227.0	250.0	192.0	232.0	245.0	217.0	0.0	214.0	0.0	0.0
o45	298.0	267.0	275.0	273.0	217.0	224.0	205.0	207.0	255.0	267.0	200.0	246.0	217.0	233.0	241.0	210.0	172.0	210.0	231.0	177.0	178.0	125.0	142.0	126.0	172.0	259.0
o46	236.0	296.0	140.0	212.0	158.0	31.0	130.0	203.0	151.0	40.0	193.0	217.0	97.0	55.0	203.0	231.0	248.0	231.0	94.0	187.0	58.0	109.0	200.0	173.0	99.0	155.0
o47	250.0	0.0	242.0	247.0	0.0	0.0	210.0	232.0	224.0	213.0	228.0	203.0	186.0	219.0	260.0	0.0	203.0	0.0	173.0	222.0	186.0	217.0	175.0	0.0	135.0	207.0
o48	125.0	144.0	134.0	224.0	235.0	176.0	248.0	251.0	260.0	232.0	214.0	296.0	205.0	229.0	198.0	250.0	259.0	188.0	184.0	178.0	226.0	200.0	191.0	193.0	180.0	195.0
o49	113.0	128.0	115.0	191.0	249.0	248.0	221.0	200.0	56.0	197.0	25.0	34.0	39.0	75.0	247.0	210.0	20.0	255.0	225.0	221.0	87.0	52.0	152.0	205.0	113.0	113.0
o50	123.0	0.0	154.0	168.0	228.0	213.0	248.0	185.0	263.0	0.0	0.0	284.0	291.0	0.0	292.0	0.0	210.0	0.0	219.0	253.0	176.0	216.0	218.0	129.0	186.0	126.0
o51	112.0	110.0	99.0	73.0	125.0	138.0	85.0	24.0	19.0	87.0	29.0	19.0	58.0	4.0	8.0	34.0	93.0	55.0	60.0	72.0	94.0	87.0	86.0	113.0	112.0	129.0
o52	114.0	153.0	139.0	206.0	167.0	164.0	190.0	242.0	86.0	99.0	176.0	76.0	12.0	266.0	289.0	255.0	8.0	201.0	67.0	212.0	259.0	205.0	115.0	112.0	142.0	147.0
o53	171.0	156.0	77.0	121.0	67.0	133.0	100.0	26.0	50.0	96.0	72.0	33.0	26.0	93.0	6.0	0.0	0.0	59.0	80.0	129.0	0.0	142.0	0.0	0.0	159.0	0.0
o54	124.0	202.0	178.0	193.0	272.0	293.0	244.0	232.0	254.0	263.0	248.0	148.0	114.0	135.0	102.0	64.0	55.0	84.0	21.0	71.0	18.0	21.0	75.0	100.0	158.0	183.0
o55	252.0	216.0	202.0	252.0	252.0	296.0	292.0	236.0	204.0	209.0	190.0	196.0	203.0	130.0	113.0	127.0	93.0	22.0	112.0	83.0	2.0	30.0	82.0	82.0	124.0	168.0
o56	0.0	0.0	230.0	205.0	226.0	0.0	277.0	269.0	267.0	0.0	160.0	233.0	153.0	0.0	93.0	68.0	115.0	60.0	48.0	38.0	93.0	0.0	116.0	101.0	177.0	173.0
o57	119.0	223.0	161.0	211.0	190.0	272.0	224.0	236.0	215.0	259.0	244.0	211.0	184.0	159.0	118.0	44.0	116.0	52.0	65.0	53.0	21.0	58.0	41.0	120.0	142.0	133.0
o58	155.0	207.0	162.0	182.0	239.0	273.0	241.0	294.0	220.0	231.0	221.0	200.0	227.0	155.0	221.0	186.0	67.0	56.0	38.0	94.0	16.0	37.0	98.0	71.0	95.0	176.0
o59	176.0	206.0	161.0	0.0	0.0	264.0	236.0	252.0	237.0	265.0	175.0	222.0	140.0	109.0	126.0	57.0	0.0	21.0	0.0	0.0	30.0	71.0	110.0	129.0	0.0	187.0
o60	105.0	245.0	255.0	241.0	254.0	223.0	151.0	87.0	56.0	38.0	100.0	102.0	180.0	167.0	212.0	270.0	277.0	256.0	207.0	168.0	111.0	28.0	25.0	85.0	87.0	125.0
o61	188.0	229.0	227.0	214.0	250.0	257.0	182.0	149.0	62.0	4.0	32.0	76.0	81.0	91.0	86.0	134.0	144.0	220.0	236.0	178.0	240.0	194.0	164.0	134.0	25.0	125.0
o62	146.0	157.0	250.0	0.0	247.0	242.0	182.0	107.0	119.0	75.0	94.0	46.0	0.0	219.0	0.0	214.0	272.0	258.0	0.0	0.0	131.0	71.0	6.0	106.0	120.0	0.0
o63	122.0	238.0	210.0	240.0	204.0	235.0	123.0	151.0	45.0	18.0	98.0	82.0	109.0	159.0	227.0	249.0	245.0	221.0	151.0	172.0	121.0	8.0	71.0	121.0	72.0	151.0
o64	209.0	236.0	265.0	253.0	212.0	198.0	189.0	208.0	217.0	47.0	83.0	72.0	107.0	95.0	253.0	181.0	172.0	184.0	140.0	51.0	70.0	8.0	93.0	108.0	107.0	182.0
o65	295.0	232.0	223.0	264.0	254.0	281.0	202.0	241.0	247.0	244.0	228.0	288.0	275.0	298.0	235.0	250.0	205.0	276.0	298.0	268.0	266.0	205.0	296.0	271.0	226.0	286.0
o66	292.0	244.0	280.0	294.0	217.0	271.0	201.0	246.0	266.0	261.0	265.0	265.0	287.0	261.0	219.0	218.0	260.0	285.0	293.0	281.0	299.0	220.0	296.0	235.0	239.0	228.0
o67	294.0	270.0	0.0	271.0	286.0	241.0	280.0	214.0	0.0	261.0	269.0	203.0	289.0	268.0	277.0	298.0	0.0	0.0	279.0	0.0	224.0	237.0	257.0	0.0	256.0	291.0
o68	248.0	248.0	224.0	214.0	297.0	278.0	289.0	272.0	296.0	277.0	268.0	279.0	222.0	289.0	210.0	291.0	252.0	284.0	245.0	223.0	211.0	245.0	287.0	259.0	228.0	258.0
o69	245.0	251.0	248.0	247.0	228.0	265.0	241.0	275.0	296.0	222.0	263.0	283.0	277.0	231.0	226.0	286.0	277.0	227.0	274.0	247.0	246.0	290.0	219.0	263.0	299.0	213.0
o70	258.0	232.0	297.0	0.0	265.0	0.0	277.0	207.0	274.0	0.0	287.0	239.0	210.0	244.0	0.0	203.0	236.0	270.0	228.0	266.0	204.0	0.0	230.0	214.0	0.0	252.0
o71	210.0	238.0	268.0	241.0	210.0	209.0	255.0	284.0	217.0	252.0	216.0	260.0	239.0	235.0	283.0	287.0	270.0	217.0	202.0	209.0	212.0	292.0	202.0	209.0	258.0	54.0
o72	260.0	283.0	294.0	246.0	246.0	298.0	262.0	240.0	298.0	229.0	259.0	293.0	228.0	272.0	274.0	279.0	247.0	223.0	267.0	277.0	244.0	287.0	264.0	249.0	239.0	50.0
o73	223.0	0.0	297.0	202.0	0.0	252.0	0.0	290.0	279.0	0.0	296.0	250.0	0.0	289.0	250.0	280.0	251.0	0.0	276.0	296.0	237.0	248.0	202.0	206.0	297.0	11.0
o74	270.0	228.0	202.0	269.0	216.0	210.0	263.0	218.0	264.0	236.0	236.0	268.0	292.0	233.0	257.0	260.0	253.0	283.0	274.0	23.0	30.0	95.0	63.0	44.0	6.0	95.0
o75	249.0	278.0	205.0	213.0	247.0	298.0	272.0	265.0	242.0	206.0	222.0	280.0	211.0	299.0	277.0	229.0	229.0	200.0	253.0	216.0	37.0	81.0	3.0	43.0	46.0	88.0
o76	294.0	269.0	231.0	256.0	285.0	200.0	0.0	262.0	240.0	294.0	297.0	261.0	293.0	284.0	0.0	0.0	0.0	0.0	236.0	77.0	85.0	0.0	84.0	25.0	61.0	98.0
o77	235.0	219.0	211.0	235.0	267.0	205.0	299.0	295.0	269.0	295.0	277.0	250.0	228.0	0.0	20.0	18.0	3.0	77.0	83.0	28.0	4.0	31.0	43.0	57.0	66.0	229.0
o78	253.0	278.0	209.0	261.0	242.0	265.0	260.0	240.0	223.0	202.0	228.0	220.0	206.0	241.0	33.0	48.0	85.0	99.0	8.0	73.0	2.0	15.0	82.0	17.0	97.0	74.0
o79	203.0	238.0	201.0	240.0	0.0	286.0	285.0	0.0	270.0	0.0	251.0	206.0	205.0	16.0	78.0	0.0	0.0	53.0	80.0	98.0	9.0	87.0	0.0	40.0	10.0	255.0
o80	269.0	265.0	266.0	218.0	283.0	254.0	243.0	92.0	15.0	13.0	51.0	61.0	57.0	27.0	82.0	75.0	50.0	0.0	67.0	207.0	202.0	210.0	207.0	233.0	223.0	276.0
o81	249.0	266.0	239.0	263.0	223.0	264.0	285.0	238.0	211.0	285.0	0.0	7.0	5.0	65.0	88.0	9.0	75.0	63.0	5.0	96.0	200.0	263.0	245.0	268.0	272.0	233.0
o82	0.0	285.0	0.0	275.0	239.0	218.0	256.0	40.0	74.0	20.0	20.0	49.0	0.0	66.0	22.0	0.0	0.0	92.0	13.0	253.0	234.0	216.0	0.0	255.0	288.0	235.0
o83	209.0	214.0	221.0	278.0	207.0	262.0	293.0	296.0	265.0	291.0	43.0	12.0	42.0	96.0	91.0	29.0	14.0	22.0	12.0	36.0	299.0	283.0	279.0	287.0	205.0	251.0
o84	210.0	203.0	262.0	293.0	232.0	223.0	204.0	219.0	220.0	277.0	277.0	238.0	257.0	263.0	53.0	47.0	47.0	18.0	47.0	36.0	63.0	67.0	13.0	280.0	260.0	212.0
o85	0.0	0.0	239.0	235.0	200.0	255.0	286.0	286.0	259.0	268.0	50.0	52.0	99.0	49.0	0.0	49.0	53.0	0.0	69.0	56.0	293.0	209.0	0.0	255.0	0.0	0.0
o86	207.0	203.0	216.0	264.0	63.0	78.0	41.0	27.0	7.0	38.0	60.0	44.0	81.0	10.0	238.0	214.0	283.0	213.0	260.0	252.0	226.0	246.0	225.0	278.0	99.0	82.0
o87	279.0	264.0	229.0	6.0	47.0	92.0	82.0	30.0	91.0	7.0	59.0	12.0	11.0	98.0	18.0	13.0	81.0	267.0	251.0	229.0	231.0	257.0	267.0	215.0	79.0	78.0
o88	296.0	243.0	299.0	217.0	42.0	76.0	0.0	78.0	2.0	0.0	41.0	65.0	96.0	0.0	0.0	293.0	0.0	246.0	264.0	271.0	225.0	298.0	207.0	0.0	65.0	77.0
o89	225.0	288.0	272.0	212.0	246.0	258.0	212.0	253.0	202.0	98.0	59.0	18.0	79.0	89.0	38.0	49.0	84.0	231.0	248.0	220.0	283.0	265.0	298.0	216.0	256.0	87.0
o90	239.0	255.0	229.0	250.0	285.0	225.0	222.0	260.0	58.0	91.0	91.0	23.0	94.0	5.0	65.0	67.0	66.0	47.0	275.0	280.0	204.0	208.0	223.0	297.0	207.0	296.0
o91	236.0	294.0	255.0	295.0	203.0	262.0	283.0	286.0	282.0	75.0	92.0	15.0	0.0	0.0	0.0	28.0	0.0	213.0	203.0	219.0	235.0	0.0	215.0	0.0	281.0	22.0
o92	218.0	244.0	204.0	94.0	97.0	51.0	64.0	36.0	13.0	52.0	67.0	216.0	260.0	282.0	267.0	268.0	213.0	209.0	281.0	89.0	93.0	7.0	89.0	42.0	29.0	42.0
o93	256.0	218.0	279.0	78.0	61.0	27.0	34.0	20.0	96.0	46.0	10.0	22.0	296.0	292.0	277.0	237.0	284.0	248.0	289.0	237.0	27.0	86.0	56.0	40.0	67.0	26.0
o94	211.0	266.0	232.0	2.0	0.0	38.0	28.0	64.0	30.0	0.0	77.0	231.0	290.0	298.0	210.0	211.0	215.0	222.0	278.0	0.0	86.0	0.0	0.0	76.0	87.0	0.0
o95	258.0	274.0	213.0	267.0	279.0	218.0	224.0	38.0	13.0	17.0	25.0	6.0	57.0	208.0	278.0	216.0	233.0	242.0	277.0	94.0	5.0	9.0	49.0	63.0	18.0	203.0
o96	291.0	234.0	270.0	219.0	250.0	298.0	259.0	45.0	59.0	94.0	256.0	296.0	292.0	298.0	206.0	66.0	74.0	45.0	75.0	98.0	81.0	19.0	39.0	16.0	51.0	230.0
o97	287.0	210.0	260.0	289.0	0.0	227.0	0.0	24.0	77.0	72.0	0.0	0.0	0.0	289.0	212.0	249.0	221.0	243.0	284.0	62.0	0.0	47.0	74.0	14.0	16.0	206.0
o98	35.0	77.0	90.0	26.0	92.0	82.0	28.0	216.0	239.0	281.0	246.0	286.0	203.0	62.0	54.0	26.0	46.0	63.0	49.0	274.0	242.0	200.0	297.0	281.0	205.0	24.0
o99	79.0	48.0	57.0	16.0	30.0	87.0	65.0	207.0	285.0	287.0	271.0	202.0	244.0	236.0	232.0	45.0	61.0	26.0	37.0	73.0	29.0	239.0	212.0	239.0	243.0	271.0
o100	84.0	0.0	90.0	0.0	95.0	37.0	58.0	294.0	219.0	0.0	241.0	297.0	242.0	70.0	57.0	0.0	89.0	0.0	0.0	297.0	251.0	280.0	243.0	287.0	206.0	74.0
o101	220.0	225.0	210.0	268.0	264.0	51.0	40.0	99.0	75.0	250.0	230.0	268.0	222.0	90.0	95.0	5.0	51.0	202.0	289.0	222.0	291.0	83.0	71.0	19.0	0.0	256.0
o102	291.0	284.0	258.0	246.0	2.0	51.0	18.0	82.0	67.0	238.0	225.0	288.0	38.0	30.0	43.0	15.0	8.0	48.0	65.0	295.0	237.0	262.0	276.0	0.0	52.0	21.0
o103	200.0	259.0	0.0	0.0	292.0	23.0	78.0	22.0	16.0	211.0	265.0	293.0	235.0	0.0	0.0	0.0	77.0	241.0	253.0	285.0	225.0	27.0	0.0	65.0	53.0	201.0
o104	76.0	89.0	61.0	207.0	267.0	221.0	272.0	32.0	73.0	98.0	53.0	244.0	239.0	297.0	202.0	95.0	28.0	62.0	62.0	246.0	274.0	229.0	211.0	47.0	78.0	88.0
o105	241.0	297.0	275.0	208.0	290.0	278.0	30.0	30.0	79.0	9.0	0.0	257.0	243.0	259.0	210.0	230.0	232.0	71.0	25.0	5.0	20.0	222.0	275.0	244.0	42.0	3.0
o106	0.0	88.0	25.0	242.0	267.0	251.0	273.0	40.0	48.0	97.0	0.0	297.0	237.0	217.0	0.0	18.0	0.0	45.0	0.0	276.0	0.0	211.0	289.0	69.0	54.0	45.0
o107	245.0	286.0	219.0	296.0	202.0	229.0	296.0	203.0	217.0	214.0	233.0	262.0	295.0	219.0	296.0	255.0	205.0	259.0	293.0	259.0	221.0	252.0	278.0	296.0	207.0	228.0
o108	278.0	289.0	35.0	200.0	75.0	242.0	239.0	206.0	73.0	37.0	61.0	97.0	282.0	8.0	248.0	37.0	274.0	238.0	9.0	266.0	215.0	229.0	0.0	279.0	219.0	292.0
o109	208.0	270.0	247.0	0.0	221.0	291.0	0.0	256.0	296.0	268.0	262.0	218.0	207.0	293.0	219.0	261.0	0.0	259.0	0.0	254.0	0.0	282.0	201.0	237.0	0.0	231.0
o110	209.0	238.0	297.0	205.0	247.0	285.0	288.0	235.0	267.0	264.0	237.0	294.0	253.0	241.0	297.0	283.0	221.0	244.0	259.0	296.0	228.0	272.0	232.0	286.0	287.0	209.0
o111	60.0	76.0	15.0	289.0	22.0	0.0	39.0	53.0	286.0	280.0	292.0	70.0	49.0	239.0	58.0	266.0	4.0	269.0	43.0	271.0	90.0	293.0	13.0	272.0	76.0	81.0
o112	227.0	227.0	0.0	243.0	0.0	210.0	0.0	283.0	281.0	0.0	292.0	233.0	256.0	225.0	209.0	211.0	223.0	273.0	0.0	239.0	283.0	0.0	267.0	257.0	252.0	246.0
o113	228.0	269.0	214.0	255.0	280.0	214.0	289.0	262.0	234.0	288.0	277.0	213.0	233.0	294.0	269.0	240.0	208.0	292.0	227.0	229.0	229.0	203.0	267.0	248.0	246.0	240.0
o114	28.0	291.0	11.0	39.0	51.0	200.0	244.0	285.0	99.0	52.0	75.0	200.0	71.0	236.0	76.0	83.0	287.0	80.0	207.0	20.0	7.0	296.0	276.0	222.0	290.0	238.0
o115	247.0	289.0	214.0	243.0	275.0	210.0	239.0	293.0	0.0	297.0	264.0	222.0	206.0	0.0	0.0	254.0	0.0	206.0	0.0	289.0	229.0	0.0	285.0	244.0	243.0	264.0
o116	39.0	93.0	79.0	19.0	47.0	12.0	75.0	37.0	98.0	34.0	55.0	5.0	55.0	6.0	11.0	45.0	46.0	0.0	59.0	61.0	27.0	21.0	14.0	20.0	52.0	202.0
o117	228.0	92.0	224.0	212.0	44.0	214.0	261.0	20.0	224.0	31.0	266.0	208.0	25.0	264.0	81.0	265.0	61.0	257.0	4.0	232.0	72.0	14.0	2.0	50.0	220.0	38.0
o118	0.0	0.0	55.0	58.0	21.0	76.0	61.0	38.0	28.0	45.0	22.0	92.0	49.0	62.0	73.0	83.0	0.0	85.0	0.0	0.0	36.0	0.0	48.0	37.0	34.0	219.0
o119	205.0	209.0	246.0	204.0	231.0	295.0	272.0	291.0	219.0	200.0	239.0	266.0	234.0	18.0	81.0	50.0	28.0	53.0	49.0	67.0	47.0	79.0	60.0	66.0	39.0	262.0
o120	205.0	290.0	252.0	231.0	293.0	252.0	224.0	223.0	291.0	217.0	285.0	255.0	244.0	211.0	275.0	19.0	27.0	19.0	98.0	0.0	65.0	60.0	70.0	13.0	90.0	71.0
o121	225.0	222.0	241.0	213.0	0.0	267.0	212.0	215.0	0.0	234.0	232.0	202.0	252.0	0.0	58.0	19.0	28.0	0.0	0.0	45.0	9.0	0.0	20.0	25.0	7.0	271.0
o122	200.0	208.0	207.0	242.0	234.0	269.0	216.0	271.0	256.0	244.0	207.0	262.0	296.0	60.0	87.0	98.0	41.0	92.0	10.0	68.0	90.0	71.0	21.0	47.0	40.0	73.0
o123	256.0	261.0	280.0	280.0	275.0	276.0	276.0	297.0	204.0	222.0	237.0	293.0	236.0	38.0	56.0	72.0	11.0	39.0	87.0	32.0	99.0	79.0	13.0	76.0	70.0	7.0
o124	230.0	218.0	232.0	289.0	211.0	0.0	250.0	246.0	267.0	0.0	215.0	268.0	294.0	56.0	0.0	0.0	57.0	74.0	0.0	55.0	59.0	43.0	72.0	44.0	27.0	0.0
o125	288.0	299.0	274.0	265.0	206.0	250.0	298.0	27.0	22.0	25.0	7.0	93.0	25.0	233.0	259.0	285.0	282.0	248.0	245.0	53.0	69.0	96.0	18.0	46.0	40.0	254.0
o126	261.0	228.0	245.0	292.0	219.0	252.0	250.0	294.0	236.0	45.0	55.0	44.0	31.0	63.0	7.0	239.0	277.0	283.0	295.0	73.0	22.0	33.0	81.0	19.0	66.0	54.0
o127	216.0	239.0	241.0	0.0	226.0	248.0	289.0	0.0	34.0	0.0	55.0	78.0	74.0	277.0	203.0	0.0	235.0	268.0	209.0	10.0	23.0	0.0	88.0	20.0	0.0	287.0
o128	242.0	276.0	254.0	248.0	250.0	211.0	228.0	48.0	23.0	40.0	94.0	94.0	0.0	202.0	235.0	253.0	258.0	258.0	232.0	49.0	84.0	36.0	87.0	1.0	65.0	98.0
o129	222.0	296.0	208.0	246.0	17.0	70.0	59.0	30.0	96.0	67.0	27.0	298.0	270.0	258.0	250.0	233.0	211.0	90.0	93.0	53.0	44.0	43.0	3.0	99.0	56.0	20.0
o130	208.0	266.0	295.0	276.0	229.0	272.0	294.0	271.0	227.0	206.0	281.0	204.0	258.0	297.0	291.0	240.0	255.0	244.0	215.0	183.0	164.0	202.0	158.0	185.0	172.0	154.0
o131	231.0	281.0	265.0	260.0	221.0	291.0	250.0	207.0	282.0	277.0	298.0	239.0	256.0	208.0	284.0	294.0	259.0	223.0	267.0	184.0	225.0	155.0	232.0	168.0	197.0	118.0
o132	256.0	0.0	283.0	244.0	266.0	272.0	0.0	283.0	235.0	246.0	283.0	0.0	288.0	206.0	232.0	0.0	244.0	280.0	197.0	270.0	227.0	187.0	227.0	224.0	0.0	161.0
o133	245.0	294.0	229.0	245.0	262.0	251.0	207.0	295.0	221.0	281.0	283.0	240.0	265.0	218.0	204.0	232.0	201.0	228.0	218.0	233.0	187.0	205.0	176.0	130.0	88.0	79.0
o134	232.0	232.0	222.0	277.0	230.0	268.0	277.0	258.0	222.0	203.0	286.0	203.0	207.0	277.0	262.0	202.0	240.0	212.0	221.0	222.0	236.0	199.0	172.0	123.0	128.0	113.0
o135	283.0	245.0	246.0	260.0	0.0	0.0	200.0	281.0	202.0	0.0	227.0	0.0	233.0	277.0	255.0	195.0	184.0	0.0	203.0	180.0	0.0	211.0	167.0	0.0	79.0	151.0
o136	229.0	298.0	274.0	272.0	291.0	271.0	200.0	221.0	216.0	201.0	207.0	256.0	249.0	287.0	277.0	225.0	204.0	209.0	192.0	162.0	115.0	77.0	71.0	67.0	80.0	76.0
o137	281.0	245.0	212.0	236.0	277.0	262.0	200.0	212.0	265.0	290.0	213.0	269.0	277.0	208.0	286.0	275.0	255.0	219.0	213.0	199.0	118.0	101.0	101.0	92.0	80.0	58.0
o138	0.0	0.0	207.0	239.0	236.0	224.0	204.0	0.0	227.0	280.0	243.0	223.0	266.0	205.0	246.0	197.0	188.0	243.0	155.0	0.0	179.0	75.0	0.0	96.0	11.0	93.0
o139	203.0	262.0	275.0	233.0	239.0	232.0	222.0	239.0	203.0	222.0	50.0	21.0	58.0	260.0	204.0	196.0	142.0	157.0	58.0	86.0	90.0	21.0	9.0	35.0	46.0	75.0
o140	240.0	258.0	269.0	280.0	286.0	280.0	218.0	251.0	254.0	292.0	26.0	84.0	60.0	243.0	219.0	127.0	175.0	141.0	108.0	18.0	72.0	97.0	86.0	55.0	41.0	67.0
o141	0.0	260.0	262.0	243.0	229.0	0.0	236.0	283.0	289.0	0.0	80.0	0.0	44.0	0.0	0.0	187.0	175.0	174.0	0.0	0.0	36.0	48.0	0.0	30.0	79.0	85.0
o142	209.0	272.0	223.0	284.0	264.0	255.0	274.0	87.0	18.0	78.0	89.0	69.0	49.0	261.0	272.0	238.0	152.0	107.0	75.0	60.0	70.0	115.0	102.0	207.0	218.0	275.0
o143	204.0	226.0	214.0	221.0	203.0	201.0	25.0	80.0	3.0	74.0	58.0	30.0	58.0	215.0	178.0	105.0	79.0	63.0	45.0	52.0	121.0	102.0	221.0	241.0	268.0	293.0
o144	0.0	210.0	226.0	265.0	256.0	0.0	222.0	0.0	92.0	25.0	1.0	73.0	52.0	255.0	275.0	0.0	189.0	149.0	76.0	63.0	0.0	58.0	164.0	0.0	0.0	279.0
o145	219.0	227.0	216.0	221.0	51.0	21.0	64.0	72.0	64.0	62.0	217.0	290.0	281.0	189.0	58.0	47.0	18.0	61.0	78.0	179.0	224.0	204.0	208.0	286.0	186.0	124.0
o146	289.0	8.0	7.0	75.0	81.0	67.0	73.0	24.0	24.0	278.0	236.0	213.0	227.0	125.0	126.0	84.0	54.0	34.0	39.0	88.0	77.0	159.0	132.0	210.0	170.0	137.0
o147	278.0	268.0	272.0	0.0	76.0	48.0	67.0	43.0	15.0	67.0	200.0	0.0	275.0	149.0	68.0	0.0	33.0	90.0	100.0	0.0	0.0	0.0	286.0	283.0	236.0	169.0
o148	257.0	265.0	289.0	273.0	257.0	44.0	29.0	29.0	33.0	9.0	291.0	235.0	230.0	291.0	195.0	222.0	142.0	87.0	94.0	25.0	152.0	175.0	240.0	218.0	196.0	165.0
o149	282.0	234.0	283.0	202.0	202.0	292.0	45.0	65.0	31.0	281.0	263.0	208.0	210.0	236.0	205.0	218.0	112.0	86.0	45.0	171.0	194.0	199.0	279.0	239.0	262.0	176.0
o150	223.0	241.0	0.0	299.0	0.0	46.0	91.0	82.0	76.0	49.0	229.0	297.0	0.0	238.0	206.0	150.0	0.0	57.0	91.0	30.0	116.0	222.0	192.0	260.0	210.0	174.0
o151	203.0	219.0	28.0	14.0	37.0	41.0	62.0	263.0	215.0	257.0	270.0	207.0	33.0	138.0	114.0	77.0	64.0	175.0	175.0	224.0	217.0	232.0	175.0	70.0	32.0	90.0
o152	244.0	258.0	82.0	22.0	23.0	70.0	22.0	226.0	210.0	262.0	263.0	264.0	281.0	64.0	122.0	91.0	28.0	147.0	178.0	218.0	256.0	219.0	215.0	138.0	115.0	10.0
o153	210.0	0.0	19.0	0.0	21.0	54.0	13.0	253.0	206.0	234.0	228.0	283.0	0.0	0.0	67.0	43.0	0.0	95.0	179.0	189.0	225.0	249.0	183.0	67.0	0.0	84.0
o154	201.0	250.0	224.0	227.0	215.0	28.0	4.0	63.0	10.0	248.0	239.0	221.0	272.0	256.0	239.0	134.0	122.0	63.0	44.0	157.0	180.0	291.0	204.0	198.0	115.0	27.0
o155	261.0	257.0	209.0	248.0	236.0	20.0	29.0	85.0	20.0	72.0	233.0	272.0	274.0	260.0	236.0	227.0	164.0	82.0	37.0	29.0	197.0	286.0	205.0	112.0	146.0	121.0
o156	271.0	283.0	292.0	279.0	285.0	0.0	62.0	89.0	0.0	207.0	219.0	261.0	214.0	236.0	0.0	170.0	101.0	25.0	95.0	0.0	190.0	0.0	278.0	143.0	70.0	0.0
o157	245.0	207.0	27.0	17.0	22.0	68.0	232.0	207.0	225.0	293.0	9.0	99.0	30.0	40.0	23.0	113.0	144.0	202.0	262.0	208.0	160.0	86.0	80.0	56.0	95.0	168.0
o158	284.0	80.0	81.0	58.0	46.0	12.0	212.0	269.0	264.0	273.0	270.0	64.0	88.0	114.0	63.0	133.0	209.0	212.0	188.0	217.0	152.0	84.0	22.0	70.0	12.0	182.0
o159	241.0	208.0	40.0	75.0	0.0	0.0	220.0	292.0	234.0	282.0	31.0	47.0	14.0	107.0	21.0	59.0	0.0	0.0	274.0	237.0	190.0	106.0	18.0	111.0	127.0	217.0
o160	279.0	275.0	234.0	242.0	66.0	52.0	1.0	288.0	290.0	263.0	20.0	23.0	96.0	217.0	160.0	130.0	28.0	138.0	181.0	291.0	243.0	121.0	49.0	79.0	159.0	252.0
o161	240.0	215.0	212.0	299.0	36.0	223.0	276.0	253.0	212.0	63.0	28.0	21.0	37.0	286.0	211.0	92.0	49.0	125.0	275.0	275.0	170.0	90.0	35.0	25.0	124.0	166.0
o162	0.0	273.0	213.0	0.0	23.0	45.0	56.0	0.0	211.0	0.0	15.0	0.0	0.0	233.0	0.0	74.0	71.0	41.0	161.0	219.0	0.0	96.0	57.0	59.0	147.0	278.0
o163	83.0	23.0	79.0	61.0	219.0	211.0	273.0	55.0	25.0	38.0	293.0	285.0	253.0	33.0	134.0	192.0	223.0	214.0	151.0	4.0	76.0	207.0	253.0	243.0	91.0	24.0
o164	22.0	31.0	37.0	276.0	282.0	242.0	81.0	80.0	72.0	230.0	265.0	211.0	282.0	55.0	117.0	213.0	268.0	235.0	195.0	64.0	268.0	223.0	175.0	199.0	110.0	48.0
o165	64.0	63.0	5.0	0.0	0.0	241.0	224.0	98.0	45.0	21.0	0.0	253.0	263.0	26.0	0.0	169.0	261.0	197.0	0.0	59.0	0.0	0.0	244.0	238.0	181.0	80.0
o166	288.0	220.0	227.0	57.0	82.0	246.0	269.0	12.0	88.0	292.0	266.0	97.0	8.0	226.0	203.0	43.0	165.0	209.0	213.0	84.0	157.0	238.0	161.0	101.0	66.0	252.0
o167	254.0	222.0	257.0	262.0	24.0	73.0	260.0	11.0	42.0	250.0	298.0	41.0	83.0	216.0	116.0	97.0	139.0	240.0	247.0	67.0	70.0	65.0	110.0	217.0	58.0	112.0
o168	0.0	226.0	279.0	97.0	0.0	0.0	233.0	21.0	0.0	280.0	217.0	3.0	0.0	246.0	168.0	24.0	146.0	267.0	0.0	0.0	131.0	292.0	157.0	45.0	90.0	250.0
o169	82.0	96.0	290.0	266.0	0.0	65.0	259.0	278.0	26.0	97.0	264.0	251.0	10.0	172.0	210.0	172.0	15.0	169.0	224.0	215.0	82.0	125.0	200.0	153.0	69.0	123.0
o170	75.0	246.0	263.0	39.0	13.0	64.0	248.0	60.0	16.0	89.0	281.0	280.0	280.0	184.0	204.0	58.0	160.0	256.0	103.0	13.0	114.0	262.0	63.0	63.0	5.0	96.0
o171	54.0	52.0	0.0	205.0	55.0	39.0	229.0	206.0	88.0	38.0	0.0	214.0	0.0	145.0	235.0	121.0	93.0	0.0	0.0	164.0	88.0	115.0	278.0	203.0	95.0	0.0
o172	288.0	217.0	234.0	242.0	256.0	220.0	286.0	243.0	216.0	228.0	236.0	236.0	291.0	202.0	266.0	197.0	204.0	240.0	273.0	238.0	253.0	246.0	159.0	136.0	195.0	136.0
o173	53.0	99.0	290.0	254.0	265.0	97.0	227.0	247.0	89.0	235.0	268.0	12.0	89.0	252.0	119.0	207.0	194.0	171.0	67.0	63.0	250.0	88.0	275.0	74.0	275.0	111.0
o174	204.0	258.0	264.0	263.0	0.0	0.0	234.0	0.0	211.0	0.0	287.0	266.0	242.0	297.0	243.0	249.0	263.0	242.0	0.0	0.0	187.0	163.0	202.0	175.0	129.0	183.0
o175	277.0	278.0	297.0	256.0	286.0	205.0	239.0	272.0	263.0	284.0	202.0	215.0	226.0	115.0	141.0	118.0	132.0	149.0	67.0	54.0	116.0	62.0	87.0	52.0	2.0	40.0
o176	245.0	264.0	50.0	88.0	299.0	296.0	244.0	287.0	290.0	65.0	271.0	270.0	230.0	127.0	7.0	176.0	34.0	38.0	108.0	258.0	89.0	177.0	173.0	191.0	239.0	163.0
o177	214.0	262.0	230.0	241.0	238.0	249.0	270.0	262.0	295.0	240.0	0.0	298.0	247.0	118.0	0.0	0.0	0.0	111.0	92.0	121.0	56.0	67.0	0.0	94.0	3.0	36.0
o178	282.0	274.0	232.0	263.0	288.0	242.0	285.0	258.0	236.0	202.0	204.0	217.0	246.0	237.0	210.0	213.0	175.0	165.0	143.0	191.0	154.0	122.0	69.0	75.0	21.0	28.0
o179	263.0	27.0	277.0	237.0	10.0	60.0	18.0	3.0	200.0	218.0	241.0	17.0	61.0	260.0	72.0	41.0	247.0	80.0	93.0	171.0	148.0	201.0	192.0	100.0	84.0	22.0
o180	273.0	200.0	0.0	0.0	218.0	292.0	211.0	242.0	0.0	202.0	211.0	241.0	276.0	204.0	246.0	285.0	0.0	204.0	175.0	193.0	0.0	105.0	0.0	48.0	52.0	0.0
o181	7.0	88.0	68.0	70.0	91.0	88.0	4.0	45.0	18.0	35.0	52.0	66.0	71.0	60.0	63.0	88.0	64.0	127.0	126.0	178.0	195.0	175.0	190.0	273.0	290.0	251.0
o182	268.0	210.0	215.0	215.0	53.0	52.0	204.0	225.0	9.0	36.0	96.0	293.0	42.0	18.0	91.0	202.0	46.0	45.0	89.0	206.0	123.0	102.0	199.0	52.0	195.0	238.0
o183	40.0	0.0	94.0	5.0	63.0	0.0	9.0	51.0	0.0	17.0	0.0	75.0	66.0	0.0	73.0	74.0	0.0	55.0	123.0	102.0	140.0	241.0	252.0	278.0	266.0	283.0
o184	233.0	228.0	230.0	219.0	293.0	268.0	239.0	42.0	7.0	65.0	63.0	0.0	79.0	276.0	284.0	167.0	133.0	129.0	69.0	6.0	41.0	41.0	115.0	156.0	202.0	271.0
o185	298.0	291.0	254.0	231.0	267.0	295.0	226.0	203.0	270.0	32.0	92.0	31.0	12.0	242.0	171.0	151.0	158.0	106.0	38.0	7.0	12.0	37.0	91.0	159.0	185.0	221.0
o186	223.0	0.0	0.0	208.0	294.0	284.0	0.0	87.0	0.0	80.0	75.0	92.0	47.0	204.0	0.0	174.0	111.0	0.0	45.0	0.0	72.0	60.0	179.0	173.0	212.0	232.0
o187	226.0	263.0	218.0	202.0	231.0	215.0	249.0	5.0	36.0	79.0	85.0	14.0	89.0	253.0	193.0	218.0	114.0	101.0	57.0	49.0	13.0	62.0	174.0	203.0	210.0	209.0
o188	299.0	262.0	229.0	297.0	234.0	205.0	214.0	292.0	84.0	82.0	79.0	36.0	77.0	212.0	262.0	280.0	212.0	96.0	84.0	25.0	92.0	188.0	176.0	261.0	203.0	268.0
o189	215.0	246.0	239.0	271.0	259.0	248.0	263.0	95.0	18.0	58.0	95.0	12.0	0.0	222.0	264.0	184.0	158.0	132.0	0.0	1.0	83.0	84.0	150.0	225.0	252.0	207.0
o190	275.0	217.0	202.0	247.0	5.0	39.0	13.0	298.0	227.0	272.0	39.0	82.0	85.0	238.0	197.0	150.0	36.0	102.0	179.0	246.0	240.0	103.0	31.0	104.0	198.0	291.0
o191	216.0	224.0	257.0	9.0	20.0	41.0	275.0	236.0	284.0	274.0	72.0	16.0	99.0	216.0	91.0	28.0	76.0	118.0	236.0	216.0	169.0	117.0	33.0	203.0	244.0	224.0
o192	223.0	251.0	0.0	240.0	48.0	45.0	0.0	270.0	0.0	223.0	0.0	27.0	53.0	289.0	204.0	0.0	0.0	93.0	217.0	198.0	206.0	140.0	0.0	123.0	194.0	213.0
o193	285.0	282.0	213.0	265.0	47.0	75.0	97.0	292.0	263.0	279.0	13.0	65.0	81.0	244.0	192.0	65.0	88.0	90.0	229.0	225.0	261.0	96.0	99.0	68.0	132.0	272.0
o194	246.0	217.0	275.0	78.0	81.0	63.0	263.0	244.0	262.0	282.0	253.0	99.0	62.0	283.0	202.0	165.0	77.0	199.0	263.0	268.0	221.0	83.0	79.0	76.0	140.0	186.0
o195	31.0	35.0	36.0	32.0	29.0	36.0	35.0	42.0	39.0	43.0	43.0	46.0	48.0	44.0	46.0	52.0	46.0	55.0	58.0	55.0	60.0	54.0	57.0	58.0	68.0	60.0
o196	30.0	30.0	35.0	27.0	29.0	29.0	33.0	40.0	39.0	36.0	44.0	44.0	45.0	54.0	53.0	52.0	59.0	58.0	57.0	55.0	58.0	55.0	58.0	63.0	62.0	61.0
o197	34.0	35.0	0.0	0.0	33.0	39.0	33.0	36.0	0.0	0.0	41.0	0.0	40.0	48.0	47.0	45.0	52.0	51.0	0.0	51.0	56.0	54.0	60.0	57.0	64.0	63.0
o198	40.0	39.0	36.0	39.0	41.0	46.0	48.0	44.0	52.0	45.0	54.0	54.0	55.0	54.0	53.0	60.0	62.0	61.0	66.0	66.0	62.0	64.0	66.0	67.0	68.0	75.0
o199	32.0	36.0	40.0	41.0	40.0	42.0	37.0	43.0	46.0	44.0	51.0	44.0	52.0	54.0	56.0	64.0	65.0	62.0	61.0	72.0	69.0	64.0	71.0	70.0	74.0	69.0
o200	37.0	0.0	40.0	0.0	40.0	46.0	48.0	43.0	0.0	46.0	53.0	54.0	54.0	0.0	56.0	63.0	0.0	63.0	63.0	63.0	70.0	64.0	69.0	0.0	70.0	69.0
o201	30.0	32.0	29.0	33.0	39.0	46.0	40.0	50.0	55.0	57.0	59.0	60.0	61.0	70.0	71.0	74.0	79.0	77.0	79.0	87.0	88.0	89.0	85.0	90.0	94.0	94.0
o202	33.0	32.0	38.0	37.0	32.0	33.0	33.0	40.0	41.0	43.0	44.0	46.0	48.0	53.0	56.0	50.0	57.0	63.0	66.0	72.0	66.0	75.0	82.0	84.0	92.0	94.0
o203	0.0	32.0	35.0	39.0	40.0	45.0	42.0	43.0	0.0	54.0	59.0	64.0	62.0	68.0	70.0	0.0	70.0	0.0	84.0	0.0	86.0	84.0	94.0	89.0	89.0	0.0
o204	40.0	52.0	48.0	52.0	60.0	61.0	68.0	69.0	70.0	74.0	71.0	80.0	82.0	83.0	89.0	83.0	91.0	97.0	96.0	96.0	93.0	95.0	98.0	105.0	106.0	102.0
o205	51.0	49.0	52.0	54.0	59.0	71.0	78.0	76.0	78.0	84.0	83.0	78.0	82.0	81.0	89.0	90.0	88.0	93.0	96.0	100.0	100.0	103.0	98.0	101.0	99.0	101.0
o206	45.0	51.0	49.0	53.0	53.0	0.0	0.0	65.0	72.0	68.0	0.0	81.0	86.0	86.0	88.0	92.0	89.0	92.0	89.0	94.0	98.0	0.0	104.0	104.0	0.0	0.0
o207	27.0	30.0	40.0	39.0	50.0	53.0	66.0	72.0	77.0	85.0	87.0	90.0	91.0	93.0	101.0	99.0	99.0	107.0	103.0	106.0	103.0	110.0	106.0	111.0	113.0	112.0
o208	31.0	34.0	46.0	50.0	50.0	53.0	72.0	77.0	79.0	81.0	83.0	88.0	98.0	98.0	99.0	99.0	99.0	102.0	99.0	109.0	108.0	106.0	112.0	106.0	110.0	107.0
o209	0.0	29.0	38.0	0.0	49.0	59.0	66.0	68.0	79.0	76.0	84.0	94.0	97.0	93.0	103.0	0.0	100.0	104.0	0.0	106.0	109.0	108.0	0.0	0.0	106.0	110.0
o210	60.0	68.0	81.0	78.0	87.0	95.0	96.0	94.0	104.0	101.0	104.0	101.0	107.0	103.0	107.0	106.0	104.0	111.0	107.0	109.0	114.0	111.0	107.0	106.0	110.0	114.0
o211	70.0	75.0	74.0	78.0	88.0	89.0	93.0	93.0	99.0	101.0	99.0	100.0	108.0	111.0	109.0	103.0	109.0	104.0	112.0	111.0	112.0	112.0	111.0	106.0	108.0	105.0
o212	64.0	0.0	71.0	79.0	90.0	92.0	97.0	99.0	103.0	102.0	102.0	108.0	0.0	0.0	0.0	0.0	110.0	105.0	104.0	106.0	112.0	112.0	109.0	108.0	0.0	112.0
o213	34.0	38.0	38.0	49.0	56.0	62.0	72.0	76.0	82.0	89.0	94.0	100.0	97.0	99.0	107.0	104.0	107.0	108.0	107.0	107.0	111.0	106.0	114.0	104.0	113.0	110.0
o214	39.0	47.0	58.0	60.0	65.0	75.0	70.0	90.0	90.0	95.0	109.0	107.0	110.0	106.0	103.0	105.0	111.0	111.0	107.0	109.0	113.0	113.0	107.0	108.0	109.0	108.0
o215	31.0	0.0	38.0	45.0	54.0	0.0	68.0	81.0	87.0	92.0	94.0	100.0	100.0	0.0	104.0	101.0	109.0	109.0	0.0	105.0	0.0	111.0	112.0	108.0	0.0	108.0
o216	75.0	84.0	84.0	87.0	93.0	99.0	99.0	108.0	101.0	103.0	109.0	110.0	105.0	109.0	104.0	114.0	112.0	109.0	105.0	109.0	114.0	106.0	105.0	106.0	110.0	105.0
o217	72.0	79.0	84.0	83.0	93.0	94.0	95.0	101.0	97.0	110.0	109.0	104.0	104.0	113.0	111.0	110.0	107.0	111.0	105.0	105.0	110.0	111.0	112.0	114.0	109.0	113.0
o218	72.0	85.0	90.0	95.0	92.0	99.0	104.0	105.0	0.0	0.0	104.0	105.0	106.0	104.0	108.0	0.0	0.0	107.0	106.0	114.0	108.0	0.0	0.0	110.0	114.0	106.0
o219	33.0	31.0	46.0	49.0	66.0	71.0	80.0	84.0	92.0	93.0	106.0	101.0	103.0	109.0	112.0	105.0	113.0	112.0	107.0	105.0	105.0	110.0	111.0	105.0	110.0	111.0
o220	32.0	42.0	52.0	61.0	71.0	82.0	86.0	90.0	105.0	107.0	107.0	111.0	112.0	105.0	110.0	107.0	105.0	108.0	109.0	107.0	113.0	108.0	111.0	106.0	105.0	112.0
o221	34.0	38.0	46.0	55.0	60.0	76.0	0.0	0.0	98.0	0.0	106.0	103.0	104.0	111.0	112.0	110.0	0.0	113.0	111.0	107.0	109.0	106.0	110.0	0.0	110.0	0.0
o222	78.0	87.0	95.0	97.0	100.0	102.0	111.0	111.0	110.0	108.0	108.0	111.0	112.0	105.0	111.0	110.0	110.0	105.0	112.0	106.0	105.0	110.0	108.0	112.0	110.0	106.0
o223	89.0	98.0	101.0	101.0	105.0	100.0	100.0	102.0	107.0	108.0	103.0	108.0	112.0	112.0	105.0	111.0	107.0	111.0	114.0	113.0	111.0	108.0	107.0	114.0	111.0	109.0
o224	81.0	88.0	98.0	97.0	103.0	106.0	0.0	0.0	110.0	111.0	109.0	107.0	110.0	0.0	0.0	113.0	108.0	0.0	113.0	110.0	0.0	111.0	111.0	111.0	114.0	110.0
o225	29.0	40.0	48.0	68.0	75.0	87.0	91.0	101.0	103.0	107.0	108.0	109.0	106.0	112.0	109.0	109.0	107.0	105.0	106.0	106.0	111.0	109.0	114.0	108.0	113.0	109.0
o226	32.0	33.0	48.0	47.0	56.0	84.0	89.0	94.0	97.0	111.0	107.0	105.0	112.0	106.0	107.0	113.0	111.0	112.0	109.0	110.0	112.0	105.0	110.0	110.0	107.0	107.0
o227	29.0	39.0	48.0	63.0	73.0	0.0	96.0	100.0	99.0	110.0	109.0	108.0	0.0	109.0	112.0	108.0	0.0	0.0	106.0	106.0	114.0	0.0	107.0	0.0	107.0	107.0
o228	94.0	101.0	102.0	108.0	102.0	107.0	105.0	105.0	110.0	111.0	112.0	112.0	113.0	111.0	113.0	112.0	113.0	112.0	107.0	109.0	108.0	108.0	106.0	114.0	105.0	111.0
o229	100.0	108.0	101.0	103.0	106.0	107.0	112.0	114.0	112.0	108.0	110.0	114.0	108.0	111.0	109.0	111.0	106.0	108.0	114.0	112.0	110.0	105.0	110.0	113.0	112.0	109.0
o230	99.0	103.0	105.0	103.0	104.0	108.0	105.0	108.0	112.0	109.0	105.0	114.0	0.0	0.0	113.0	0.0	0.0	106.0	110.0	109.0	111.0	0.0	105.0	107.0	0.0	108.0
o231	25.0	44.0	59.0	82.0	95.0	98.0	104.0	106.0	108.0	105.0	113.0	112.0	107.0	106.0	107.0	113.0	114.0	112.0	107.0	109.0	107.0	114.0	110.0	114.0	105.0	106.0
o232	38.0	40.0	56.0	68.0	76.0	85.0	87.0	95.0	107.0	108.0	112.0	108.0	107.0	113.0	112.0	111.0	113.0	108.0	112.0	108.0	107.0	111.0	106.0	113.0	114.0	110.0
o233	26.0	0.0	0.0	82.0	95.0	0.0	108.0	108.0	114.0	112.0	0.0	110.0	108.0	112.0	107.0	113.0	109.0	112.0	105.0	113.0	0.0	106.0	108.0	0.0	109.0	114.0
o234	101.0	111.0	105.0	112.0	106.0	112.0	111.0	105.0	105.0	112.0	111.0	108.0	113.0	111.0	112.0	107.0	113.0	110.0	108.0	112.0	107.0	112.0	109.0	107.0	111.0	112.0
o235	112.0	109.0	106.0	108.0	110.0	109.0	110.0	108.0	113.0	112.0	106.0	107.0	114.0	109.0	107.0	111.0	106.0	111.0	111.0	109.0	109.0	106.0	105.0	105.0	113.0	110.0
o236	110.0	109.0	0.0	106.0	0.0	110.0	110.0	108.0	107.0	113.0	112.0	113.0	0.0	111.0	112.0	106.0	110.0	0.0	106.0	0.0	110.0	111.0	0.0	107.0	114.0	106.0
o237	26.0	109.0	114.0	113.0	105.0	113.0	109.0	114.0	107.0	112.0	106.0	105.0	114.0	106.0	106.0	112.0	111.0	105.0	113.0	114.0	108.0	105.0	108.0	113.0	110.0	105.0
o238	109.0	113.0	113.0	107.0	113.0	107.0	112.0	114.0	109.0	108.0	109.0	112.0	105.0	110.0	107.0	105.0	107.0	110.0	105.0	113.0	111.0	113.0	110.0	109.0	110.0	112.0
o239	29.0	113.0	114.0	109.0	112.0	112.0	107.0	108.0	105.0	105.0	112.0	0.0	113.0	113.0	113.0	114.0	0.0	109.0	0.0	106.0	112.0	0.0	112.0	110.0	0.0	0.0
o240	112.0	113.0	114.0	108.0	110.0	108.0	109.0	109.0	111.0	106.0	113.0	112.0	112.0	113.0	113.0	114.0	110.0	109.0	108.0	106.0	113.0	108.0	108.0	108.0	110.0	112.0
o241	106.0	108.0	107.0	113.0	106.0	113.0	111.0	110.0	108.0	113.0	106.0	108.0	111.0	114.0	114.0	111.0	111.0	112.0	108.0	110.0	112.0	105.0	108.0	113.0	108.0	107.0
o242	105.0	0.0	112.0	111.0	108.0	109.0	0.0	106.0	109.0	107.0	0.0	0.0	0.0	114.0	108.0	0.0	114.0	107.0	114.0	112.0	108.0	107.0	114.0	107.0	110.0	113.0
o243	32.0	107.0	105.0	109.0	108.0	112.0	105.0	105.0	108.0	114.0	110.0	105.0	107.0	111.0	107.0	111.0	113.0	107.0	110.0	111.0	112.0	108.0	111.0	109.0	113.0	110.0
o244	106.0	113.0	106.0	114.0	106.0	111.0	110.0	113.0	107.0	109.0	113.0	114.0	109.0	107.0	114.0	107.0	106.0	106.0	106.0	109.0	107.0	111.0	114.0	107.0	111.0	114.0
o245	33.0	0.0	0.0	106.0	110.0	107.0	0.0	112.0	113.0	0.0	0.0	110.0	107.0	114.0	113.0	0.0	114.0	113.0	113.0	107.0	107.0	110.0	105.0	110.0	113.0	109.0
o246	109.0	110.0	107.0	114.0	107.0	113.0	111.0	108.0	106.0	112.0	114.0	113.0	107.0	109.0	107.0	106.0	112.0	110.0	114.0	111.0	114.0	110.0	111.0	106.0	111.0	110.0
o247	114.0	108.0	113.0	106.0	108.0	113.0	113.0	114.0	108.0	107.0	111.0	113.0	114.0	107.0	112.0	113.0	112.0	110.0	106.0	112.0	112.0	107.0	114.0	107.0	107.0	113.0
o248	113.0	0.0	109.0	0.0	0.0	105.0	107.0	107.0	111.0	113.0	110.0	0.0	114.0	108.0	107.0	113.0	107.0	0.0	109.0	107.0	0.0	105.0	106.0	105.0	113.0	106.0
o249	30.0	110.0	107.0	113.0	112.0	112.0	110.0	113.0	110.0	111.0	106.0	114.0	110.0	108.0	112.0	105.0	112.0	110.0	106.0	113.0	106.0	114.0	108.0	109.0	107.0	113.0
o250	114.0	111.0	114.0	107.0	113.0	110.0	110.0	109.0	108.0	109.0	108.0	109.0	114.0	109.0	112.0	111.0	107.0	109.0	109.0	113.0	113.0	109.0	114.0	109.0	111.0	111.0
o251	27.0	105.0	107.0	113.0	108.0	106.0	0.0	111.0	111.0	112.0	108.0	111.0	109.0	111.0	0.0	109.0	0.0	0.0	113.0	105.0	110.0	0.0	0.0	113.0	107.0	113.0
o252	109.0	113.0	114.0	107.0	106.0	106.0	111.0	113.0	114.0	106.0	109.0	113.0	114.0	106.0	114.0	108.0	106.0	107.0	110.0	112.0	113.0	107.0	109.0	105.0	106.0	107.0
o253	112.0	108.0	113.0	108.0	105.0	114.0	105.0	107.0	110.0	105.0	114.0	110.0	105.0	109.0	110.0	111.0	110.0	113.0	107.0	105.0	112.0	113.0	108.0	107.0	108.0	107.0
o254	107.0	105.0	0.0	0.0	110.0	0.0	106.0	106.0	0.0	110.0	107.0	112.0	109.0	111.0	105.0	106.0	111.0	109.0	105.0	0.0	109.0	105.0	114.0	0.0	111.0	106.0
o255	29.0	105.0	113.0	107.0	105.0	111.0	111.0	107.0	109.0	114.0	109.0	112.0	111.0	111.0	110.0	106.0	114.0	108.0	107.0	113.0	105.0	105.0	112.0	110.0	112.0	114.0
o256	34.0	106.0	105.0	109.0	108.0	106.0	106.0	105.0	108.0	109.0	106.0	112.0	111.0	108.0	113.0	113.0	111.0	113.0	109.0	108.0	107.0	110.0	110.0	105.0	107.0	110.0
o257	34.0	107.0	112.0	109.0	0.0	110.0	109.0	107.0	0.0	112.0	0.0	110.0	110.0	112.0	108.0	105.0	110.0	110.0	0.0	0.0	0.0	108.0	109.0	105.0	108.0	107.0
o258	112.0	111.0	105.0	107.0	110.0	112.0	108.0	107.0	113.0	107.0	105.0	108.0	106.0	107.0	111.0	106.0	114.0	114.0	108.0	109.0	110.0	114.0	108.0	105.0	105.0	109.0
o259	113.0	106.0	107.0	111.0	106.0	112.0	111.0	111.0	110.0	113.0	110.0	111.0	108.0	106.0	108.0	107.0	110.0	107.0	114.0	113.0	109.0	105.0	109.0	110.0	107.0	114.0
