# Constructed from biom file
#OTU ID	s0	s1	s2	s3	s4	s5	s6	s7	s8	s9	s10	s11	s12	s13	s14	s15	s16	s17	s18	s19	s20	s21	s22	s23	s24	s25	s26	s27	s28	s29	s30	s31	s32	s33	s34	s35	s36	s37	s38	s39	s40	s41	s42	s43	s44	s45	s46	s47	s48	s49
o0	600.0	427.0	610.0	428.0	560.0	540.0	456.0	628.0	443.0	591.0	547.0	486.0	646.0	459.0	622.0	555.0	517.0	661.0	476.0	651.0	562.0	548.0	675.0	495.0	680.0	570.0	580.0	688.0	516.0	707.0	579.0	613.0	699.0	538.0	732.0	588.0	646.0	710.0	562.0	756.0	598.0	679.0	719.0	587.0	779.0	609.0	711.0	728.0	614.0	600.0
o1	600.0	427.0	400.0	428.0	560.0	222.0	456.0	628.0	443.0	591.0	0.0	486.0	251.0	255.0	363.0	555.0	250.0	661.0	201.0	279.0	0.0	548.0	291.0	495.0	299.0	267.0	580.0	377.0	516.0	319.0	579.0	286.0	699.0	538.0	0.0	588.0	646.0	352.0	206.0	756.0	0.0	368.0	347.0	211.0	0.0	609.0	711.0	728.0	614.0	200.0
o2	200.0	221.0	400.0	214.0	0.0	0.0	456.0	230.0	0.0	0.0	305.0	0.0	0.0	0.0	622.0	263.0	0.0	0.0	201.0	0.0	0.0	0.0	0.0	0.0	0.0	0.0	0.0	377.0	200.0	319.0	256.0	0.0	0.0	202.0	339.0	343.0	347.0	0.0	0.0	0.0	235.0	368.0	372.0	0.0	0.0	384.0	0.0	336.0	0.0	400.0
o3	633.0	460.0	647.0	438.0	539.0	549.0	426.0	609.0	478.0	591.0	559.0	446.0	654.0	452.0	598.0	585.0	503.0	681.0	483.0	654.0	558.0	566.0	690.0	480.0	675.0	567.0	566.0	671.0	508.0	670.0	591.0	634.0	734.0	515.0	716.0	578.0	656.0	708.0	540.0	741.0	598.0	702.0	711.0	596.0	769.0	598.0	693.0	723.0	595.0	615.0
o4	195.0	227.0	403.0	437.0	356.0	232.0	0.0	415.0	0.0	602.0	319.0	227.0	393.0	420.0	585.0	273.0	510.0	0.0	477.0	676.0	279.0	546.0	683.0	479.0	293.0	583.0	607.0	384.0	555.0	301.0	306.0	619.0	0.0	331.0	707.0	548.0	325.0	360.0	555.0	768.0	217.0	676.0	744.0	580.0	376.0	592.0	725.0	336.0	614.0	204.0
o5	0.0	229.0	0.0	0.0	0.0	0.0	229.0	0.0	0.0	224.0	266.0	263.0	656.0	0.0	0.0	567.0	0.0	0.0	194.0	0.0	0.0	0.0	0.0	0.0	0.0	245.0	0.0	0.0	184.0	0.0	582.0	0.0	335.0	537.0	0.0	0.0	0.0	362.0	0.0	398.0	0.0	0.0	355.0	373.0	0.0	244.0	0.0	752.0	610.0	0.0
o6	569.0	409.0	582.0	410.0	468.0	552.0	466.0	542.0	424.0	538.0	482.0	414.0	701.0	406.0	658.0	514.0	456.0	611.0	467.0	691.0	502.0	539.0	728.0	557.0	717.0	594.0	594.0	724.0	506.0	759.0	551.0	664.0	622.0	551.0	803.0	594.0	686.0	694.0	549.0	702.0	558.0	620.0	712.0	664.0	789.0	550.0	683.0	732.0	647.0	594.0
o7	355.0	171.0	624.0	262.0	527.0	308.0	237.0	213.0	205.0	384.0	564.0	443.0	643.0	402.0	385.0	557.0	299.0	655.0	0.0	0.0	0.0	281.0	277.0	316.0	736.0	598.0	565.0	771.0	341.0	657.0	339.0	329.0	613.0	250.0	377.0	603.0	629.0	0.0	530.0	349.0	561.0	637.0	687.0	581.0	735.0	640.0	756.0	0.0	664.0	404.0
o8	374.0	0.0	161.0	0.0	195.0	180.0	214.0	0.0	0.0	268.0	280.0	213.0	0.0	182.0	0.0	0.0	0.0	268.0	0.0	0.0	0.0	555.0	0.0	0.0	413.0	306.0	0.0	376.0	0.0	654.0	636.0	545.0	0.0	360.0	0.0	287.0	0.0	0.0	0.0	0.0	0.0	0.0	0.0	223.0	0.0	0.0	0.0	316.0	428.0	0.0
o9	425.0	610.0	435.0	625.0	502.0	530.0	621.0	457.0	651.0	511.0	563.0	632.0	480.0	675.0	521.0	596.0	642.0	505.0	698.0	531.0	628.0	651.0	532.0	720.0	543.0	661.0	659.0	560.0	740.0	557.0	693.0	667.0	588.0	758.0	572.0	724.0	674.0	619.0	775.0	588.0	754.0	682.0	649.0	590.0	406.0	583.0	489.0	481.0	603.0	425.0
o10	200.0	231.0	235.0	386.0	0.0	530.0	621.0	457.0	651.0	511.0	267.0	271.0	0.0	675.0	521.0	288.0	350.0	210.0	698.0	531.0	308.0	651.0	532.0	400.0	219.0	328.0	659.0	0.0	400.0	213.0	348.0	667.0	588.0	0.0	364.0	355.0	674.0	619.0	381.0	588.0	754.0	289.0	649.0	590.0	406.0	583.0	276.0	481.0	221.0	425.0
o11	0.0	379.0	0.0	0.0	0.0	247.0	370.0	457.0	259.0	263.0	0.0	271.0	0.0	0.0	0.0	308.0	292.0	0.0	399.0	0.0	628.0	312.0	0.0	0.0	0.0	328.0	659.0	223.0	740.0	213.0	0.0	0.0	0.0	0.0	0.0	355.0	372.0	0.0	394.0	588.0	0.0	0.0	0.0	0.0	0.0	0.0	0.0	0.0	0.0	0.0
o12	438.0	607.0	436.0	621.0	542.0	534.0	637.0	455.0	685.0	516.0	565.0	633.0	504.0	718.0	523.0	598.0	628.0	506.0	721.0	519.0	637.0	665.0	539.0	711.0	565.0	629.0	670.0	525.0	745.0	565.0	724.0	638.0	595.0	801.0	523.0	741.0	669.0	633.0	785.0	553.0	752.0	661.0	668.0	584.0	384.0	554.0	471.0	478.0	630.0	430.0
o13	424.0	256.0	418.0	0.0	504.0	226.0	0.0	243.0	663.0	547.0	559.0	637.0	478.0	0.0	504.0	0.0	685.0	510.0	719.0	233.0	300.0	668.0	209.0	308.0	312.0	333.0	667.0	560.0	333.0	553.0	330.0	626.0	598.0	378.0	377.0	735.0	380.0	251.0	414.0	191.0	749.0	399.0	657.0	600.0	229.0	375.0	483.0	464.0	364.0	235.0
o14	197.0	0.0	185.0	0.0	0.0	302.0	261.0	0.0	254.0	0.0	580.0	0.0	504.0	692.0	0.0	332.0	353.0	0.0	282.0	0.0	0.0	323.0	0.0	334.0	215.0	649.0	0.0	0.0	386.0	0.0	326.0	0.0	357.0	0.0	0.0	0.0	0.0	0.0	0.0	391.0	405.0	302.0	0.0	214.0	0.0	0.0	0.0	0.0	0.0	0.0
o15	495.0	588.0	370.0	641.0	470.0	439.0	623.0	467.0	645.0	435.0	512.0	596.0	480.0	631.0	544.0	607.0	717.0	541.0	698.0	475.0	687.0	574.0	534.0	725.0	581.0	678.0	635.0	542.0	759.0	591.0	668.0	680.0	540.0	771.0	573.0	690.0	695.0	607.0	762.0	609.0	798.0	730.0	660.0	673.0	423.0	613.0	522.0	458.0	571.0	494.0
o16	414.0	679.0	183.0	229.0	415.0	291.0	550.0	486.0	665.0	0.0	576.0	645.0	0.0	413.0	480.0	596.0	354.0	518.0	702.0	347.0	639.0	361.0	579.0	0.0	280.0	331.0	599.0	569.0	378.0	259.0	654.0	296.0	406.0	682.0	612.0	730.0	322.0	236.0	437.0	348.0	386.0	715.0	653.0	0.0	379.0	179.0	0.0	228.0	660.0	446.0
o17	0.0	0.0	157.0	0.0	291.0	223.0	0.0	169.0	0.0	0.0	0.0	0.0	204.0	0.0	0.0	317.0	620.0	185.0	0.0	0.0	570.0	669.0	0.0	306.0	189.0	350.0	0.0	0.0	0.0	0.0	0.0	317.0	317.0	378.0	0.0	383.0	287.0	0.0	401.0	0.0	0.0	240.0	0.0	0.0	191.0	218.0	0.0	0.0	239.0	0.0
o18	650.0	477.0	660.0	478.0	610.0	590.0	506.0	678.0	493.0	641.0	597.0	536.0	696.0	509.0	672.0	605.0	567.0	711.0	526.0	701.0	612.0	598.0	725.0	545.0	730.0	620.0	630.0	738.0	566.0	757.0	629.0	663.0	749.0	588.0	782.0	638.0	696.0	560.0	412.0	606.0	448.0	529.0	569.0	437.0	629.0	459.0	561.0	578.0	464.0	650.0
o19	650.0	221.0	400.0	478.0	268.0	590.0	506.0	678.0	284.0	641.0	292.0	536.0	395.0	204.0	0.0	605.0	250.0	390.0	526.0	0.0	612.0	261.0	725.0	345.0	349.0	353.0	0.0	361.0	200.0	757.0	629.0	377.0	749.0	588.0	393.0	638.0	298.0	202.0	412.0	606.0	214.0	311.0	569.0	437.0	230.0	459.0	561.0	0.0	464.0	650.0
o20	400.0	0.0	660.0	0.0	268.0	0.0	0.0	0.0	284.0	0.0	292.0	0.0	301.0	204.0	0.0	313.0	250.0	0.0	0.0	0.0	0.0	0.0	0.0	0.0	0.0	267.0	0.0	0.0	0.0	369.0	629.0	286.0	368.0	0.0	389.0	0.0	0.0	358.0	0.0	397.0	214.0	0.0	347.0	0.0	629.0	0.0	238.0	0.0	464.0	0.0
o21	652.0	458.0	618.0	483.0	604.0	582.0	538.0	694.0	515.0	603.0	578.0	542.0	650.0	477.0	681.0	617.0	527.0	681.0	522.0	690.0	611.0	577.0	735.0	557.0	754.0	629.0	668.0	695.0	562.0	786.0	655.0	691.0	735.0	576.0	814.0	659.0	684.0	554.0	446.0	604.0	481.0	552.0	593.0	445.0	633.0	493.0	593.0	560.0	455.0	691.0
o22	257.0	226.0	651.0	213.0	285.0	261.0	209.0	695.0	285.0	295.0	311.0	522.0	692.0	514.0	667.0	585.0	307.0	299.0	526.0	659.0	271.0	351.0	720.0	350.0	367.0	359.0	616.0	726.0	570.0	385.0	243.0	671.0	362.0	221.0	774.0	636.0	733.0	341.0	0.0	586.0	0.0	505.0	569.0	217.0	411.0	223.0	534.0	607.0	0.0	661.0
o23	396.0	265.0	0.0	0.0	0.0	0.0	259.0	270.0	0.0	0.0	308.0	0.0	0.0	329.0	0.0	567.0	0.0	709.0	0.0	0.0	335.0	284.0	366.0	324.0	0.0	260.0	0.0	381.0	0.0	401.0	360.0	0.0	0.0	0.0	379.0	0.0	0.0	0.0	213.0	0.0	0.0	301.0	323.0	249.0	0.0	230.0	0.0	559.0	0.0	0.0
o24	586.0	506.0	608.0	531.0	539.0	680.0	485.0	747.0	503.0	636.0	626.0	562.0	691.0	518.0	665.0	570.0	560.0	737.0	616.0	655.0	637.0	625.0	817.0	514.0	701.0	601.0	571.0	654.0	535.0	798.0	634.0	676.0	750.0	624.0	810.0	604.0	779.0	507.0	437.0	570.0	489.0	544.0	619.0	463.0	702.0	497.0	513.0	584.0	432.0	716.0
o25	651.0	0.0	232.0	508.0	222.0	588.0	267.0	417.0	0.0	636.0	632.0	205.0	397.0	197.0	686.0	650.0	597.0	694.0	187.0	341.0	579.0	627.0	760.0	458.0	394.0	667.0	601.0	0.0	523.0	341.0	635.0	415.0	350.0	543.0	399.0	238.0	625.0	0.0	377.0	641.0	469.0	475.0	588.0	256.0	0.0	281.0	600.0	0.0	226.0	598.0
o26	370.0	0.0	0.0	0.0	317.0	349.0	0.0	0.0	0.0	247.0	252.0	249.0	304.0	0.0	0.0	0.0	0.0	436.0	297.0	0.0	368.0	359.0	0.0	594.0	398.0	0.0	0.0	0.0	229.0	362.0	271.0	0.0	0.0	217.0	0.0	0.0	0.0	565.0	0.0	209.0	0.0	0.0	197.0	209.0	352.0	0.0	0.0	0.0	0.0	652.0
o27	600.0	514.0	605.0	514.0	580.0	570.0	528.0	614.0	521.0	596.0	574.0	543.0	623.0	529.0	611.0	577.0	558.0	630.0	538.0	626.0	581.0	574.0	638.0	547.0	640.0	585.0	590.0	644.0	558.0	653.0	589.0	607.0	650.0	569.0	666.0	594.0	623.0	655.0	581.0	678.0	599.0	639.0	659.0	593.0	689.0	605.0	656.0	664.0	607.0	600.0
o28	350.0	253.0	605.0	257.0	580.0	0.0	0.0	614.0	254.0	596.0	574.0	543.0	275.0	277.0	611.0	281.0	558.0	630.0	287.0	289.0	581.0	281.0	295.0	547.0	640.0	0.0	590.0	644.0	308.0	653.0	589.0	293.0	650.0	569.0	666.0	594.0	623.0	329.0	0.0	0.0	267.0	334.0	659.0	256.0	340.0	263.0	656.0	664.0	607.0	350.0
o29	250.0	514.0	0.0	0.0	0.0	309.0	265.0	0.0	254.0	326.0	271.0	270.0	0.0	252.0	279.0	0.0	0.0	630.0	0.0	336.0	0.0	293.0	295.0	0.0	0.0	0.0	304.0	338.0	0.0	344.0	312.0	0.0	0.0	0.0	0.0	0.0	0.0	0.0	0.0	330.0	332.0	306.0	0.0	0.0	689.0	342.0	0.0	0.0	0.0	0.0
o30	581.0	490.0	616.0	506.0	597.0	554.0	550.0	608.0	519.0	615.0	577.0	567.0	613.0	535.0	614.0	579.0	540.0	615.0	532.0	626.0	571.0	554.0	642.0	548.0	641.0	590.0	578.0	625.0	555.0	648.0	570.0	622.0	629.0	565.0	647.0	595.0	626.0	660.0	565.0	680.0	593.0	623.0	652.0	582.0	693.0	587.0	649.0	653.0	606.0	607.0
o31	598.0	527.0	339.0	269.0	584.0	584.0	524.0	276.0	259.0	319.0	572.0	562.0	267.0	532.0	612.0	305.0	288.0	632.0	252.0	624.0	577.0	572.0	335.0	305.0	0.0	288.0	593.0	629.0	545.0	317.0	321.0	319.0	332.0	0.0	357.0	314.0	600.0	640.0	335.0	667.0	263.0	309.0	342.0	613.0	350.0	601.0	646.0	0.0	256.0	607.0
o32	588.0	0.0	0.0	0.0	0.0	0.0	0.0	357.0	250.0	0.0	280.0	0.0	611.0	0.0	0.0	276.0	279.0	0.0	0.0	0.0	0.0	292.0	344.0	0.0	0.0	287.0	305.0	317.0	310.0	0.0	0.0	0.0	657.0	0.0	328.0	311.0	0.0	317.0	254.0	361.0	0.0	0.0	315.0	0.0	0.0	259.0	347.0	0.0	267.0	0.0
o33	589.0	491.0	641.0	548.0	579.0	567.0	537.0	635.0	497.0	613.0	573.0	521.0	643.0	539.0	621.0	576.0	558.0	628.0	546.0	582.0	615.0	570.0	641.0	555.0	659.0	587.0	575.0	660.0	571.0	622.0	577.0	594.0	663.0	597.0	686.0	603.0	640.0	630.0	590.0	660.0	636.0	626.0	663.0	554.0	718.0	568.0	659.0	669.0	593.0	622.0
o34	584.0	503.0	603.0	520.0	575.0	323.0	507.0	639.0	238.0	594.0	571.0	263.0	274.0	260.0	351.0	262.0	268.0	342.0	572.0	607.0	575.0	0.0	291.0	305.0	315.0	317.0	302.0	629.0	331.0	621.0	279.0	604.0	0.0	582.0	708.0	620.0	636.0	311.0	584.0	324.0	0.0	320.0	649.0	574.0	369.0	249.0	0.0	355.0	597.0	600.0
o35	339.0	524.0	328.0	259.0	0.0	0.0	0.0	354.0	0.0	278.0	0.0	0.0	275.0	0.0	0.0	571.0	0.0	0.0	525.0	360.0	0.0	569.0	0.0	0.0	0.0	0.0	0.0	315.0	301.0	352.0	278.0	0.0	351.0	0.0	0.0	0.0	632.0	0.0	0.0	0.0	568.0	0.0	0.0	344.0	0.0	0.0	367.0	0.0	0.0	0.0
o36	512.0	605.0	518.0	612.0	551.0	565.0	611.0	529.0	625.0	555.0	581.0	616.0	540.0	638.0	560.0	598.0	621.0	553.0	649.0	566.0	614.0	625.0	566.0	660.0	572.0	630.0	629.0	580.0	670.0	578.0	646.0	633.0	594.0	679.0	586.0	662.0	637.0	609.0	687.0	594.0	677.0	641.0	625.0	595.0	503.0	592.0	545.0	541.0	602.0	512.0
o37	512.0	605.0	250.0	612.0	551.0	565.0	335.0	529.0	346.0	274.0	298.0	616.0	540.0	638.0	0.0	304.0	325.0	553.0	649.0	566.0	304.0	319.0	308.0	660.0	260.0	0.0	0.0	318.0	320.0	0.0	324.0	633.0	594.0	679.0	586.0	334.0	336.0	609.0	687.0	594.0	677.0	641.0	625.0	595.0	252.0	0.0	256.0	282.0	602.0	262.0
o38	262.0	266.0	0.0	343.0	279.0	0.0	335.0	0.0	280.0	0.0	581.0	0.0	0.0	0.0	0.0	0.0	0.0	255.0	0.0	0.0	304.0	0.0	0.0	310.0	572.0	314.0	313.0	0.0	320.0	0.0	324.0	0.0	266.0	0.0	254.0	0.0	336.0	271.0	0.0	594.0	0.0	294.0	0.0	344.0	0.0	0.0	0.0	258.0	0.0	0.0
o39	513.0	618.0	510.0	611.0	560.0	579.0	602.0	526.0	621.0	552.0	587.0	625.0	543.0	614.0	561.0	599.0	613.0	540.0	639.0	565.0	616.0	627.0	561.0	651.0	570.0	630.0	629.0	592.0	654.0	587.0	646.0	639.0	593.0	682.0	586.0	666.0	648.0	626.0	677.0	591.0	665.0	633.0	647.0	594.0	502.0	587.0	563.0	528.0	610.0	527.0
o40	244.0	606.0	537.0	278.0	0.0	559.0	0.0	0.0	626.0	555.0	560.0	629.0	545.0	360.0	585.0	618.0	626.0	253.0	289.0	0.0	611.0	630.0	0.0	320.0	256.0	322.0	626.0	0.0	666.0	565.0	639.0	624.0	597.0	0.0	583.0	672.0	623.0	606.0	706.0	250.0	690.0	296.0	619.0	585.0	257.0	250.0	266.0	0.0	604.0	243.0
o41	0.0	0.0	266.0	0.0	0.0	0.0	0.0	249.0	284.0	0.0	0.0	0.0	298.0	289.0	275.0	305.0	0.0	0.0	298.0	302.0	309.0	298.0	589.0	0.0	256.0	644.0	0.0	255.0	0.0	0.0	0.0	337.0	0.0	0.0	266.0	0.0	297.0	274.0	0.0	0.0	340.0	0.0	0.0	247.0	0.0	0.0	260.0	0.0	351.0	239.0
o42	492.0	602.0	512.0	642.0	517.0	555.0	618.0	542.0	640.0	560.0	598.0	632.0	546.0	634.0	589.0	573.0	633.0	588.0	653.0	533.0	613.0	604.0	553.0	662.0	586.0	647.0	639.0	618.0	638.0	556.0	677.0	644.0	581.0	685.0	554.0	686.0	642.0	578.0	692.0	555.0	683.0	622.0	614.0	617.0	468.0	557.0	499.0	554.0	630.0	536.0
o43	233.0	622.0	0.0	339.0	254.0	280.0	634.0	557.0	615.0	276.0	590.0	0.0	273.0	630.0	561.0	0.0	620.0	276.0	333.0	565.0	576.0	0.0	313.0	667.0	317.0	306.0	320.0	278.0	690.0	568.0	299.0	667.0	598.0	325.0	596.0	316.0	315.0	618.0	356.0	571.0	663.0	611.0	341.0	598.0	264.0	569.0	279.0	297.0	585.0	508.0
o44	0.0	0.0	0.0	328.0	301.0	0.0	0.0	0.0	0.0	305.0	0.0	310.0	0.0	658.0	0.0	325.0	0.0	236.0	0.0	280.0	0.0	0.0	249.0	0.0	0.0	0.0	0.0	0.0	337.0	281.0	0.0	316.0	610.0	0.0	586.0	0.0	0.0	340.0	0.0	0.0	0.0	301.0	256.0	269.0	243.0	232.0	239.0	246.0	279.0	0.0
o45	625.0	539.0	630.0	539.0	605.0	595.0	553.0	639.0	546.0	621.0	599.0	568.0	648.0	554.0	636.0	602.0	583.0	655.0	563.0	651.0	606.0	599.0	663.0	572.0	665.0	610.0	615.0	669.0	583.0	678.0	614.0	632.0	675.0	594.0	691.0	619.0	648.0	580.0	506.0	603.0	524.0	564.0	584.0	518.0	614.0	530.0	581.0	589.0	532.0	625.0
o46	275.0	0.0	280.0	539.0	0.0	595.0	265.0	349.0	254.0	326.0	296.0	568.0	300.0	554.0	636.0	602.0	275.0	310.0	251.0	314.0	606.0	318.0	663.0	572.0	0.0	610.0	615.0	338.0	583.0	678.0	614.0	339.0	334.0	594.0	346.0	0.0	648.0	329.0	506.0	603.0	524.0	564.0	261.0	518.0	265.0	263.0	581.0	271.0	532.0	625.0
o47	0.0	0.0	0.0	0.0	321.0	309.0	288.0	290.0	0.0	0.0	0.0	0.0	300.0	302.0	0.0	296.0	0.0	0.0	563.0	0.0	290.0	0.0	0.0	0.0	340.0	284.0	615.0	0.0	0.0	0.0	0.0	339.0	334.0	0.0	0.0	272.0	349.0	329.0	253.0	0.0	257.0	0.0	261.0	0.0	0.0	267.0	312.0	0.0	532.0	0.0
o48	631.0	546.0	632.0	517.0	618.0	584.0	545.0	621.0	550.0	624.0	609.0	564.0	643.0	566.0	640.0	618.0	597.0	648.0	581.0	658.0	600.0	580.0	651.0	561.0	670.0	624.0	600.0	661.0	583.0	683.0	592.0	623.0	680.0	586.0	702.0	614.0	655.0	589.0	514.0	597.0	524.0	570.0	580.0	531.0	598.0	515.0	570.0	590.0	533.0	630.0
o49	278.0	547.0	292.0	266.0	326.0	574.0	564.0	637.0	0.0	625.0	595.0	564.0	0.0	550.0	635.0	620.0	583.0	353.0	566.0	641.0	0.0	306.0	664.0	0.0	352.0	0.0	290.0	661.0	569.0	333.0	342.0	631.0	338.0	341.0	687.0	262.0	657.0	579.0	512.0	359.0	258.0	264.0	251.0	519.0	607.0	529.0	0.0	604.0	255.0	625.0
o50	0.0	0.0	362.0	0.0	311.0	296.0	0.0	0.0	0.0	0.0	0.0	268.0	338.0	0.0	313.0	316.0	0.0	0.0	302.0	0.0	0.0	280.0	653.0	0.0	0.0	0.0	280.0	327.0	0.0	0.0	282.0	300.0	691.0	336.0	0.0	349.0	0.0	581.0	0.0	0.0	261.0	0.0	0.0	525.0	277.0	256.0	0.0	0.0	0.0	0.0
o51	605.0	557.0	648.0	521.0	635.0	598.0	559.0	632.0	504.0	632.0	634.0	573.0	605.0	529.0	611.0	616.0	580.0	620.0	557.0	673.0	608.0	614.0	627.0	617.0	622.0	591.0	623.0	670.0	605.0	667.0	610.0	588.0	675.0	556.0	706.0	647.0	681.0	565.0	539.0	586.0	539.0	569.0	598.0	520.0	649.0	509.0	579.0	583.0	515.0	655.0
o52	627.0	298.0	592.0	547.0	588.0	269.0	248.0	0.0	514.0	635.0	584.0	295.0	279.0	318.0	307.0	276.0	592.0	326.0	555.0	617.0	578.0	257.0	320.0	230.0	628.0	0.0	306.0	358.0	622.0	0.0	614.0	622.0	334.0	613.0	344.0	269.0	369.0	596.0	467.0	356.0	278.0	572.0	0.0	515.0	254.0	492.0	271.0	581.0	518.0	625.0
o53	291.0	267.0	274.0	243.0	0.0	310.0	0.0	335.0	542.0	270.0	300.0	280.0	334.0	0.0	0.0	288.0	0.0	326.0	0.0	0.0	321.0	0.0	0.0	323.0	0.0	0.0	340.0	324.0	0.0	355.0	267.0	0.0	0.0	0.0	0.0	286.0	0.0	0.0	0.0	0.0	280.0	573.0	244.0	0.0	353.0	0.0	0.0	0.0	0.0	0.0
o54	600.0	557.0	602.0	557.0	590.0	585.0	564.0	607.0	561.0	598.0	587.0	571.0	611.0	565.0	605.0	589.0	579.0	615.0	569.0	613.0	591.0	587.0	619.0	574.0	620.0	593.0	595.0	622.0	579.0	627.0	595.0	603.0	625.0	584.0	633.0	597.0	611.0	627.0	590.0	639.0	600.0	620.0	630.0	597.0	645.0	602.0	628.0	632.0	603.0	600.0
o55	600.0	0.0	602.0	279.0	590.0	281.0	564.0	283.0	561.0	313.0	301.0	287.0	324.0	565.0	605.0	589.0	579.0	0.0	569.0	613.0	591.0	587.0	298.0	574.0	620.0	593.0	595.0	303.0	579.0	305.0	595.0	603.0	308.0	276.0	633.0	311.0	300.0	315.0	590.0	639.0	0.0	303.0	318.0	319.0	325.0	281.0	322.0	323.0	279.0	325.0
o56	325.0	280.0	0.0	0.0	310.0	0.0	282.0	607.0	0.0	0.0	0.0	287.0	0.0	0.0	0.0	0.0	288.0	0.0	294.0	613.0	0.0	0.0	298.0	0.0	620.0	0.0	302.0	0.0	0.0	305.0	595.0	0.0	317.0	309.0	0.0	0.0	0.0	627.0	0.0	0.0	316.0	0.0	0.0	0.0	0.0	0.0	0.0	632.0	0.0	325.0
o57	603.0	561.0	604.0	547.0	586.0	580.0	566.0	605.0	554.0	599.0	589.0	568.0	612.0	557.0	609.0	589.0	571.0	615.0	561.0	609.0	596.0	595.0	615.0	573.0	617.0	594.0	597.0	621.0	585.0	632.0	595.0	600.0	617.0	584.0	637.0	595.0	610.0	622.0	594.0	639.0	607.0	622.0	632.0	609.0	635.0	597.0	638.0	635.0	611.0	603.0
o58	0.0	0.0	595.0	555.0	586.0	277.0	573.0	613.0	556.0	606.0	589.0	574.0	284.0	272.0	286.0	593.0	286.0	623.0	570.0	317.0	289.0	585.0	316.0	572.0	615.0	286.0	0.0	623.0	585.0	634.0	300.0	602.0	311.0	280.0	624.0	292.0	315.0	315.0	0.0	315.0	281.0	307.0	625.0	593.0	329.0	597.0	316.0	642.0	327.0	278.0
o59	0.0	281.0	0.0	273.0	282.0	306.0	286.0	0.0	278.0	0.0	290.0	0.0	318.0	0.0	295.0	0.0	286.0	329.0	0.0	0.0	0.0	0.0	0.0	0.0	0.0	297.0	296.0	0.0	0.0	628.0	309.0	299.0	0.0	306.0	0.0	286.0	315.0	0.0	271.0	0.0	0.0	308.0	0.0	0.0	322.0	0.0	0.0	309.0	602.0	0.0
o60	610.0	548.0	618.0	547.0	592.0	569.0	563.0	584.0	566.0	596.0	585.0	583.0	596.0	582.0	609.0	591.0	580.0	626.0	587.0	617.0	601.0	592.0	605.0	585.0	623.0	605.0	589.0	612.0	593.0	640.0	585.0	614.0	608.0	566.0	639.0	581.0	598.0	636.0	588.0	646.0	593.0	626.0	649.0	581.0	660.0	616.0	638.0	628.0	590.0	593.0
o61	324.0	540.0	600.0	553.0	584.0	282.0	567.0	621.0	579.0	605.0	279.0	562.0	283.0	553.0	308.0	289.0	0.0	622.0	306.0	595.0	604.0	307.0	312.0	0.0	302.0	613.0	312.0	327.0	561.0	620.0	0.0	0.0	622.0	602.0	639.0	605.0	302.0	303.0	271.0	308.0	602.0	615.0	646.0	582.0	0.0	585.0	643.0	0.0	292.0	279.0
o62	332.0	274.0	0.0	279.0	0.0	289.0	0.0	0.0	287.0	285.0	0.0	0.0	0.0	0.0	0.0	290.0	0.0	298.0	588.0	0.0	300.0	285.0	0.0	590.0	0.0	0.0	303.0	0.0	0.0	0.0	0.0	0.0	0.0	307.0	632.0	275.0	0.0	317.0	0.0	637.0	0.0	0.0	0.0	290.0	0.0	0.0	304.0	636.0	0.0	0.0
o63	556.0	602.0	559.0	606.0	575.0	582.0	605.0	564.0	613.0	578.0	591.0	608.0	570.0	619.0	580.0	599.0	610.0	576.0	625.0	583.0	607.0	613.0	583.0	630.0	586.0	615.0	615.0	590.0	635.0	589.0	623.0	617.0	597.0	639.0	593.0	631.0	619.0	605.0	644.0	597.0	639.0	620.0	612.0	597.0	551.0	596.0	572.0	570.0	601.0	556.0
o64	281.0	320.0	559.0	285.0	286.0	296.0	605.0	275.0	613.0	578.0	292.0	315.0	294.0	619.0	284.0	599.0	610.0	0.0	625.0	583.0	305.0	613.0	583.0	630.0	0.0	615.0	615.0	590.0	0.0	589.0	312.0	617.0	597.0	639.0	277.0	317.0	0.0	319.0	323.0	597.0	322.0	297.0	324.0	597.0	275.0	596.0	572.0	0.0	601.0	556.0
o65	281.0	320.0	275.0	0.0	290.0	0.0	0.0	0.0	0.0	0.0	0.0	0.0	0.0	295.0	580.0	297.0	312.0	576.0	325.0	0.0	0.0	0.0	304.0	0.0	280.0	0.0	307.0	0.0	0.0	311.0	312.0	0.0	0.0	0.0	0.0	0.0	318.0	0.0	323.0	276.0	322.0	323.0	0.0	0.0	0.0	596.0	0.0	279.0	0.0	275.0
o66	554.0	603.0	563.0	609.0	575.0	576.0	598.0	563.0	614.0	582.0	596.0	619.0	569.0	628.0	587.0	592.0	606.0	573.0	630.0	586.0	603.0	622.0	583.0	625.0	597.0	619.0	608.0	593.0	633.0	580.0	621.0	625.0	597.0	632.0	596.0	628.0	619.0	605.0	643.0	596.0	632.0	611.0	609.0	585.0	563.0	591.0	573.0	560.0	592.0	551.0
o67	273.0	611.0	0.0	597.0	569.0	0.0	605.0	279.0	291.0	576.0	289.0	600.0	563.0	290.0	302.0	593.0	608.0	573.0	326.0	586.0	309.0	616.0	282.0	299.0	0.0	609.0	606.0	286.0	0.0	577.0	624.0	619.0	285.0	638.0	319.0	634.0	624.0	0.0	0.0	598.0	325.0	329.0	284.0	601.0	555.0	591.0	563.0	275.0	315.0	559.0
o68	0.0	0.0	0.0	0.0	0.0	0.0	0.0	0.0	317.0	576.0	0.0	290.0	277.0	0.0	0.0	0.0	0.0	294.0	330.0	578.0	605.0	0.0	0.0	0.0	0.0	304.0	0.0	308.0	325.0	0.0	309.0	308.0	0.0	321.0	314.0	0.0	323.0	0.0	325.0	276.0	314.0	0.0	0.0	600.0	0.0	0.0	0.0	0.0	0.0	549.0
o69	549.0	616.0	571.0	617.0	574.0	576.0	612.0	579.0	602.0	573.0	605.0	598.0	572.0	602.0	584.0	589.0	608.0	570.0	622.0	588.0	592.0	608.0	592.0	639.0	587.0	625.0	614.0	579.0	635.0	599.0	623.0	619.0	581.0	639.0	590.0	640.0	622.0	603.0	636.0	598.0	641.0	613.0	597.0	604.0	549.0	595.0	552.0	584.0	610.0	566.0
o70	280.0	283.0	284.0	597.0	0.0	300.0	598.0	266.0	326.0	281.0	310.0	283.0	0.0	296.0	0.0	286.0	308.0	568.0	614.0	597.0	616.0	627.0	278.0	634.0	584.0	310.0	626.0	587.0	323.0	302.0	626.0	608.0	322.0	629.0	596.0	634.0	307.0	0.0	643.0	577.0	315.0	328.0	620.0	283.0	544.0	594.0	559.0	549.0	275.0	556.0
o71	274.0	283.0	0.0	0.0	301.0	0.0	329.0	0.0	290.0	0.0	0.0	0.0	0.0	0.0	287.0	0.0	320.0	302.0	316.0	0.0	0.0	0.0	0.0	308.0	0.0	0.0	610.0	269.0	0.0	306.0	0.0	0.0	288.0	312.0	323.0	0.0	330.0	296.0	332.0	0.0	0.0	0.0	595.0	0.0	564.0	0.0	582.0	0.0	0.0	0.0
o72	612.0	569.0	615.0	570.0	602.0	597.0	577.0	620.0	573.0	610.0	599.0	584.0	624.0	577.0	618.0	601.0	592.0	628.0	582.0	625.0	603.0	600.0	631.0	586.0	632.0	605.0	608.0	634.0	591.0	639.0	607.0	616.0	637.0	597.0	646.0	610.0	624.0	590.0	553.0	602.0	562.0	582.0	592.0	559.0	607.0	565.0	590.0	594.0	566.0	612.0
o73	612.0	280.0	0.0	570.0	310.0	597.0	294.0	295.0	296.0	313.0	301.0	584.0	624.0	301.0	618.0	0.0	304.0	323.0	582.0	625.0	603.0	600.0	310.0	586.0	320.0	605.0	314.0	634.0	591.0	0.0	607.0	616.0	637.0	0.0	323.0	323.0	624.0	315.0	277.0	602.0	284.0	279.0	592.0	559.0	607.0	283.0	0.0	594.0	566.0	612.0
o74	0.0	0.0	615.0	291.0	0.0	0.0	0.0	0.0	0.0	0.0	0.0	285.0	300.0	0.0	0.0	601.0	0.0	0.0	306.0	318.0	603.0	0.0	0.0	275.0	632.0	292.0	314.0	319.0	0.0	0.0	0.0	0.0	637.0	0.0	322.0	0.0	0.0	275.0	0.0	324.0	0.0	0.0	280.0	0.0	0.0	283.0	0.0	0.0	279.0	325.0
o75	614.0	563.0	609.0	564.0	603.0	593.0	581.0	614.0	574.0	615.0	605.0	583.0	633.0	571.0	626.0	612.0	596.0	639.0	578.0	623.0	606.0	597.0	629.0	593.0	628.0	602.0	604.0	638.0	586.0	635.0	599.0	612.0	640.0	594.0	654.0	616.0	629.0	600.0	554.0	609.0	557.0	581.0	594.0	565.0	615.0	574.0	588.0	594.0	562.0	603.0
o76	0.0	565.0	290.0	575.0	310.0	598.0	584.0	626.0	291.0	608.0	295.0	305.0	320.0	579.0	0.0	601.0	284.0	626.0	0.0	319.0	0.0	295.0	313.0	315.0	636.0	310.0	0.0	634.0	600.0	631.0	606.0	615.0	320.0	270.0	323.0	324.0	619.0	593.0	271.0	599.0	560.0	588.0	280.0	565.0	597.0	572.0	285.0	594.0	289.0	621.0
o77	0.0	0.0	321.0	291.0	0.0	0.0	291.0	0.0	0.0	0.0	0.0	0.0	0.0	0.0	320.0	0.0	0.0	0.0	0.0	0.0	0.0	0.0	306.0	0.0	321.0	318.0	0.0	322.0	0.0	321.0	607.0	325.0	323.0	0.0	329.0	330.0	301.0	282.0	276.0	0.0	285.0	303.0	0.0	280.0	0.0	574.0	0.0	588.0	278.0	0.0
o78	637.0	567.0	592.0	562.0	614.0	602.0	580.0	619.0	573.0	613.0	588.0	581.0	639.0	560.0	607.0	615.0	584.0	613.0	590.0	635.0	600.0	619.0	635.0	584.0	635.0	608.0	589.0	644.0	582.0	634.0	616.0	637.0	626.0	597.0	636.0	603.0	624.0	588.0	547.0	620.0	564.0	600.0	599.0	553.0	624.0	573.0	591.0	600.0	568.0	622.0
o79	0.0	574.0	297.0	559.0	285.0	301.0	566.0	320.0	287.0	320.0	296.0	582.0	0.0	580.0	634.0	287.0	600.0	618.0	590.0	330.0	302.0	595.0	322.0	306.0	319.0	0.0	613.0	626.0	597.0	645.0	323.0	631.0	650.0	316.0	654.0	612.0	612.0	593.0	545.0	621.0	284.0	283.0	320.0	569.0	276.0	273.0	586.0	304.0	273.0	0.0
o80	285.0	0.0	335.0	298.0	287.0	0.0	0.0	0.0	305.0	0.0	0.0	0.0	0.0	0.0	314.0	302.0	0.0	313.0	0.0	0.0	0.0	0.0	634.0	0.0	326.0	321.0	285.0	326.0	0.0	311.0	279.0	294.0	635.0	0.0	0.0	320.0	326.0	273.0	279.0	0.0	276.0	0.0	316.0	293.0	0.0	0.0	0.0	0.0	0.0	0.0
o81	600.0	434.0	620.0	442.0	578.0	562.0	482.0	659.0	477.0	629.0	590.0	532.0	696.0	513.0	680.0	617.0	583.0	732.0	551.0	730.0	645.0	635.0	766.0	590.0	779.0	473.0	487.0	599.0	431.0	626.0	502.0	540.0	630.0	473.0	672.0	531.0	593.0	661.0	517.0	716.0	562.0	646.0	691.0	563.0	759.0	593.0	699.0	720.0	610.0	600.0
o82	0.0	434.0	220.0	214.0	578.0	562.0	482.0	398.0	0.0	353.0	285.0	293.0	395.0	513.0	680.0	0.0	583.0	732.0	201.0	730.0	645.0	635.0	766.0	390.0	381.0	0.0	487.0	599.0	431.0	387.0	502.0	540.0	630.0	271.0	672.0	0.0	0.0	303.0	206.0	716.0	327.0	646.0	343.0	563.0	759.0	593.0	699.0	336.0	392.0	600.0
o83	0.0	0.0	400.0	0.0	0.0	244.0	0.0	0.0	208.0	0.0	0.0	0.0	0.0	309.0	0.0	292.0	333.0	0.0	349.0	0.0	0.0	374.0	384.0	590.0	398.0	267.0	0.0	377.0	200.0	238.0	0.0	255.0	263.0	0.0	0.0	0.0	295.0	303.0	0.0	397.0	0.0	311.0	0.0	0.0	0.0	225.0	324.0	384.0	0.0	400.0
o84	590.0	443.0	652.0	425.0	576.0	566.0	448.0	641.0	488.0	638.0	545.0	566.0	737.0	521.0	642.0	585.0	568.0	757.0	540.0	757.0	643.0	607.0	769.0	614.0	793.0	438.0	469.0	574.0	459.0	651.0	508.0	522.0	655.0	469.0	683.0	539.0	581.0	698.0	488.0	724.0	585.0	652.0	679.0	589.0	795.0	589.0	698.0	697.0	591.0	600.0
o85	210.0	445.0	654.0	428.0	331.0	580.0	225.0	410.0	490.0	652.0	586.0	533.0	704.0	216.0	358.0	343.0	580.0	412.0	205.0	691.0	386.0	0.0	739.0	561.0	787.0	0.0	295.0	384.0	232.0	587.0	232.0	512.0	628.0	507.0	642.0	570.0	291.0	281.0	294.0	388.0	593.0	638.0	725.0	331.0	354.0	585.0	0.0	393.0	0.0	398.0
o86	0.0	215.0	0.0	0.0	329.0	0.0	0.0	240.0	281.0	0.0	286.0	278.0	383.0	501.0	348.0	0.0	241.0	0.0	191.0	372.0	358.0	0.0	0.0	0.0	0.0	229.0	0.0	0.0	0.0	370.0	261.0	0.0	655.0	0.0	291.0	246.0	0.0	0.0	0.0	0.0	0.0	320.0	0.0	201.0	0.0	240.0	369.0	0.0	415.0	0.0
o87	674.0	357.0	546.0	421.0	571.0	607.0	490.0	642.0	511.0	603.0	574.0	556.0	650.0	511.0	661.0	537.0	576.0	724.0	524.0	695.0	617.0	621.0	783.0	570.0	771.0	508.0	565.0	648.0	387.0	650.0	482.0	616.0	611.0	471.0	742.0	547.0	648.0	610.0	523.0	721.0	521.0	627.0	674.0	591.0	767.0	649.0	675.0	745.0	626.0	561.0
o88	191.0	179.0	617.0	510.0	302.0	602.0	245.0	400.0	0.0	400.0	607.0	197.0	444.0	522.0	695.0	303.0	320.0	311.0	595.0	773.0	317.0	378.0	759.0	602.0	338.0	499.0	0.0	227.0	153.0	615.0	482.0	505.0	677.0	205.0	0.0	473.0	582.0	321.0	606.0	719.0	551.0	367.0	334.0	532.0	335.0	598.0	371.0	368.0	682.0	185.0
o89	368.0	397.0	236.0	0.0	388.0	0.0	0.0	256.0	224.0	387.0	0.0	0.0	0.0	0.0	0.0	577.0	0.0	350.0	0.0	0.0	348.0	0.0	790.0	359.0	0.0	231.0	178.0	0.0	0.0	437.0	0.0	269.0	0.0	223.0	713.0	0.0	273.0	0.0	0.0	0.0	196.0	0.0	303.0	0.0	0.0	218.0	0.0	0.0	0.0	0.0
o90	450.0	641.0	470.0	664.0	545.0	577.0	673.0	512.0	710.0	574.0	630.0	703.0	556.0	755.0	604.0	683.0	733.0	601.0	798.0	435.0	536.0	562.0	448.0	640.0	467.0	589.0	591.0	496.0	680.0	501.0	641.0	619.0	545.0	718.0	536.0	692.0	647.0	595.0	755.0	572.0	743.0	674.0	646.0	590.0	410.0	592.0	502.0	498.0	624.0	450.0
o91	200.0	641.0	200.0	664.0	286.0	577.0	370.0	512.0	319.0	0.0	630.0	703.0	556.0	755.0	237.0	683.0	383.0	601.0	399.0	228.0	216.0	224.0	448.0	640.0	467.0	589.0	591.0	0.0	400.0	288.0	344.0	0.0	313.0	321.0	536.0	355.0	647.0	595.0	755.0	203.0	743.0	674.0	393.0	590.0	410.0	592.0	276.0	0.0	242.0	200.0
o92	0.0	0.0	0.0	0.0	0.0	294.0	673.0	0.0	710.0	327.0	335.0	0.0	205.0	755.0	0.0	0.0	350.0	0.0	399.0	0.0	0.0	0.0	232.0	0.0	0.0	256.0	0.0	0.0	0.0	213.0	0.0	619.0	0.0	0.0	0.0	692.0	302.0	0.0	361.0	203.0	377.0	0.0	0.0	0.0	0.0	0.0	0.0	264.0	382.0	250.0
o93	440.0	642.0	479.0	680.0	542.0	606.0	665.0	517.0	730.0	593.0	646.0	658.0	532.0	729.0	580.0	690.0	725.0	596.0	786.0	427.0	537.0	542.0	445.0	604.0	462.0	615.0	613.0	463.0	662.0	472.0	632.0	573.0	529.0	733.0	548.0	683.0	660.0	623.0	753.0	585.0	734.0	657.0	620.0	612.0	411.0	587.0	512.0	517.0	657.0	416.0
o94	456.0	682.0	461.0	279.0	552.0	560.0	386.0	223.0	726.0	565.0	648.0	702.0	0.0	336.0	647.0	371.0	355.0	197.0	808.0	396.0	535.0	0.0	0.0	629.0	208.0	266.0	610.0	484.0	699.0	490.0	352.0	324.0	235.0	312.0	229.0	350.0	335.0	597.0	769.0	588.0	360.0	644.0	674.0	187.0	397.0	368.0	0.0	259.0	229.0	264.0
o95	219.0	369.0	0.0	370.0	0.0	0.0	390.0	288.0	0.0	0.0	0.0	0.0	357.0	0.0	593.0	0.0	0.0	387.0	781.0	0.0	0.0	235.0	0.0	0.0	478.0	248.0	328.0	291.0	0.0	0.0	0.0	303.0	219.0	378.0	338.0	0.0	322.0	0.0	384.0	0.0	0.0	700.0	0.0	0.0	0.0	0.0	0.0	0.0	234.0	0.0
o96	461.0	635.0	407.0	623.0	527.0	524.0	706.0	551.0	745.0	511.0	685.0	667.0	568.0	778.0	588.0	645.0	740.0	589.0	797.0	456.0	489.0	554.0	456.0	607.0	415.0	573.0	578.0	573.0	718.0	491.0	632.0	648.0	549.0	711.0	592.0	650.0	636.0	611.0	842.0	566.0	656.0	696.0	629.0	608.0	404.0	605.0	469.0	465.0	636.0	529.0
o97	416.0	217.0	251.0	344.0	0.0	627.0	694.0	175.0	389.0	580.0	305.0	746.0	543.0	785.0	629.0	652.0	0.0	622.0	383.0	219.0	212.0	318.0	492.0	653.0	0.0	541.0	309.0	217.0	397.0	485.0	618.0	341.0	516.0	364.0	542.0	673.0	297.0	321.0	360.0	576.0	350.0	597.0	0.0	190.0	168.0	535.0	468.0	495.0	267.0	443.0
o98	0.0	276.0	0.0	395.0	0.0	0.0	375.0	0.0	271.0	0.0	0.0	316.0	0.0	0.0	274.0	337.0	0.0	0.0	376.0	176.0	233.0	238.0	239.0	0.0	0.0	0.0	0.0	0.0	368.0	261.0	0.0	610.0	0.0	0.0	346.0	388.0	0.0	369.0	367.0	357.0	395.0	0.0	350.0	0.0	239.0	0.0	0.0	238.0	388.0	0.0
o99	700.0	534.0	720.0	542.0	678.0	662.0	582.0	759.0	577.0	729.0	690.0	632.0	596.0	413.0	580.0	517.0	483.0	632.0	451.0	630.0	545.0	535.0	666.0	490.0	679.0	573.0	587.0	699.0	531.0	726.0	602.0	640.0	730.0	573.0	772.0	631.0	693.0	561.0	417.0	616.0	462.0	546.0	591.0	463.0	659.0	493.0	599.0	620.0	510.0	700.0
o100	700.0	534.0	0.0	542.0	336.0	662.0	230.0	0.0	0.0	729.0	385.0	393.0	596.0	209.0	363.0	517.0	483.0	0.0	451.0	630.0	280.0	274.0	666.0	490.0	679.0	573.0	273.0	699.0	330.0	726.0	0.0	640.0	730.0	202.0	393.0	245.0	298.0	358.0	417.0	219.0	462.0	235.0	243.0	463.0	659.0	493.0	324.0	284.0	510.0	700.0
o101	700.0	0.0	0.0	0.0	0.0	662.0	0.0	0.0	577.0	0.0	0.0	239.0	0.0	0.0	580.0	225.0	0.0	241.0	201.0	0.0	0.0	0.0	666.0	200.0	0.0	0.0	0.0	322.0	200.0	726.0	0.0	0.0	0.0	0.0	0.0	0.0	298.0	203.0	211.0	0.0	0.0	0.0	243.0	211.0	399.0	268.0	0.0	0.0	0.0	0.0
o102	708.0	551.0	713.0	516.0	667.0	654.0	583.0	765.0	564.0	723.0	712.0	624.0	566.0	388.0	602.0	527.0	479.0	626.0	433.0	643.0	551.0	542.0	630.0	481.0	694.0	606.0	599.0	673.0	519.0	725.0	567.0	661.0	745.0	588.0	777.0	643.0	702.0	577.0	434.0	608.0	433.0	549.0	598.0	450.0	648.0	525.0	570.0	624.0	530.0	664.0
o103	709.0	560.0	683.0	341.0	668.0	675.0	239.0	781.0	224.0	384.0	0.0	592.0	588.0	197.0	573.0	517.0	275.0	254.0	246.0	0.0	288.0	297.0	404.0	496.0	699.0	258.0	331.0	379.0	323.0	722.0	242.0	640.0	363.0	610.0	762.0	0.0	408.0	0.0	0.0	584.0	464.0	544.0	587.0	435.0	424.0	460.0	586.0	611.0	496.0	292.0
o104	0.0	237.0	0.0	212.0	0.0	0.0	339.0	0.0	217.0	0.0	0.0	611.0	218.0	0.0	0.0	213.0	0.0	392.0	243.0	0.0	284.0	0.0	0.0	0.0	298.0	560.0	0.0	0.0	341.0	0.0	0.0	651.0	348.0	0.0	401.0	0.0	406.0	563.0	0.0	0.0	233.0	0.0	370.0	264.0	0.0	0.0	314.0	0.0	0.0	0.0
o105	637.0	569.0	694.0	552.0	645.0	620.0	670.0	806.0	547.0	746.0	710.0	569.0	593.0	392.0	543.0	501.0	458.0	574.0	421.0	606.0	587.0	495.0	697.0	430.0	681.0	528.0	544.0	724.0	539.0	749.0	623.0	676.0	744.0	563.0	785.0	613.0	709.0	598.0	380.0	561.0	492.0	615.0	644.0	447.0	718.0	508.0	632.0	598.0	486.0	643.0
o106	735.0	269.0	321.0	522.0	364.0	282.0	401.0	319.0	192.0	671.0	0.0	0.0	660.0	400.0	556.0	526.0	486.0	0.0	158.0	662.0	547.0	546.0	420.0	323.0	723.0	0.0	570.0	675.0	478.0	400.0	665.0	573.0	385.0	249.0	788.0	697.0	270.0	165.0	419.0	654.0	243.0	242.0	0.0	174.0	303.0	296.0	566.0	662.0	546.0	605.0
o107	0.0	0.0	0.0	0.0	295.0	0.0	0.0	0.0	185.0	0.0	0.0	0.0	436.0	0.0	0.0	512.0	286.0	403.0	0.0	0.0	0.0	0.0	273.0	0.0	342.0	0.0	286.0	286.0	0.0	331.0	314.0	353.0	0.0	623.0	432.0	0.0	333.0	0.0	0.0	0.0	225.0	635.0	0.0	0.0	273.0	0.0	306.0	565.0	336.0	0.0
o108	600.0	517.0	610.0	521.0	589.0	581.0	541.0	629.0	539.0	615.0	595.0	566.0	648.0	557.0	640.0	609.0	592.0	666.0	575.0	665.0	623.0	618.0	683.0	595.0	689.0	537.0	544.0	599.0	515.0	613.0	551.0	570.0	615.0	537.0	636.0	566.0	597.0	631.0	559.0	658.0	581.0	623.0	645.0	581.0	679.0	597.0	650.0	660.0	605.0	600.0
o109	0.0	0.0	610.0	264.0	589.0	309.0	541.0	629.0	0.0	615.0	595.0	566.0	348.0	252.0	332.0	609.0	317.0	345.0	0.0	665.0	333.0	281.0	683.0	595.0	349.0	537.0	544.0	599.0	0.0	613.0	551.0	277.0	615.0	285.0	346.0	566.0	299.0	329.0	559.0	348.0	314.0	318.0	645.0	581.0	679.0	334.0	650.0	660.0	346.0	600.0
o110	0.0	261.0	0.0	257.0	268.0	309.0	0.0	0.0	254.0	0.0	0.0	0.0	348.0	305.0	332.0	313.0	317.0	345.0	325.0	0.0	0.0	0.0	0.0	0.0	340.0	284.0	0.0	599.0	0.0	0.0	273.0	0.0	0.0	251.0	0.0	0.0	299.0	302.0	306.0	310.0	0.0	0.0	0.0	0.0	0.0	334.0	650.0	0.0	0.0	250.0
o111	620.0	523.0	619.0	535.0	605.0	585.0	551.0	608.0	534.0	612.0	583.0	563.0	636.0	537.0	652.0	589.0	582.0	664.0	593.0	676.0	621.0	632.0	683.0	610.0	674.0	522.0	562.0	611.0	520.0	605.0	548.0	549.0	627.0	543.0	639.0	556.0	610.0	629.0	557.0	643.0	596.0	620.0	654.0	594.0	695.0	594.0	643.0	669.0	595.0	611.0
o112	246.0	261.0	604.0	516.0	313.0	315.0	560.0	282.0	264.0	319.0	299.0	304.0	359.0	551.0	313.0	310.0	305.0	667.0	251.0	331.0	623.0	625.0	337.0	601.0	670.0	539.0	539.0	597.0	254.0	279.0	557.0	583.0	615.0	542.0	638.0	295.0	603.0	622.0	0.0	302.0	259.0	610.0	315.0	564.0	347.0	0.0	327.0	662.0	0.0	601.0
o113	359.0	514.0	0.0	0.0	326.0	0.0	0.0	286.0	251.0	335.0	0.0	278.0	0.0	248.0	0.0	0.0	272.0	0.0	325.0	323.0	0.0	0.0	353.0	356.0	0.0	0.0	293.0	0.0	513.0	0.0	281.0	0.0	344.0	0.0	0.0	300.0	0.0	0.0	568.0	0.0	261.0	0.0	311.0	335.0	0.0	0.0	0.0	0.0	339.0	0.0
o114	605.0	508.0	630.0	475.0	577.0	574.0	500.0	592.0	524.0	654.0	577.0	579.0	641.0	564.0	653.0	603.0	571.0	681.0	585.0	646.0	613.0	622.0	711.0	584.0	703.0	550.0	522.0	615.0	530.0	631.0	546.0	548.0	622.0	534.0	676.0	594.0	605.0	643.0	566.0	663.0	591.0	608.0	666.0	582.0	651.0	640.0	657.0	652.0	589.0	592.0
o115	238.0	265.0	610.0	508.0	571.0	317.0	293.0	623.0	508.0	0.0	561.0	600.0	645.0	533.0	0.0	641.0	258.0	671.0	310.0	343.0	604.0	621.0	675.0	635.0	709.0	0.0	235.0	260.0	490.0	0.0	540.0	551.0	608.0	546.0	277.0	598.0	294.0	635.0	260.0	0.0	570.0	613.0	339.0	336.0	364.0	0.0	310.0	695.0	612.0	0.0
o116	258.0	0.0	599.0	0.0	591.0	0.0	280.0	337.0	0.0	0.0	603.0	0.0	343.0	323.0	299.0	0.0	0.0	0.0	0.0	0.0	0.0	325.0	0.0	354.0	330.0	0.0	266.0	0.0	0.0	0.0	0.0	0.0	0.0	300.0	357.0	304.0	289.0	0.0	0.0	0.0	0.0	306.0	335.0	262.0	0.0	0.0	0.0	621.0	284.0	0.0
o117	525.0	620.0	535.0	632.0	572.0	589.0	636.0	556.0	655.0	587.0	615.0	652.0	578.0	678.0	602.0	642.0	667.0	601.0	699.0	518.0	568.0	581.0	524.0	620.0	534.0	594.0	595.0	548.0	640.0	550.0	620.0	609.0	572.0	659.0	568.0	646.0	623.0	598.0	678.0	586.0	671.0	637.0	623.0	595.0	505.0	596.0	551.0	549.0	612.0	525.0
o118	525.0	0.0	535.0	632.0	572.0	291.0	636.0	0.0	346.0	587.0	317.0	652.0	578.0	348.0	334.0	642.0	667.0	0.0	699.0	264.0	0.0	581.0	524.0	0.0	274.0	594.0	595.0	548.0	640.0	550.0	298.0	609.0	266.0	659.0	314.0	646.0	322.0	598.0	331.0	335.0	671.0	637.0	276.0	0.0	250.0	596.0	551.0	0.0	612.0	250.0
o119	275.0	339.0	0.0	0.0	0.0	297.0	301.0	0.0	0.0	587.0	298.0	0.0	326.0	0.0	0.0	0.0	342.0	255.0	0.0	0.0	568.0	0.0	258.0	270.0	0.0	0.0	0.0	286.0	0.0	0.0	322.0	307.0	0.0	310.0	0.0	0.0	301.0	327.0	678.0	0.0	333.0	0.0	0.0	344.0	0.0	0.0	0.0	282.0	0.0	275.0
o120	517.0	603.0	554.0	637.0	557.0	575.0	655.0	561.0	663.0	580.0	617.0	659.0	587.0	680.0	620.0	627.0	673.0	609.0	689.0	515.0	581.0	590.0	527.0	611.0	540.0	594.0	602.0	548.0	624.0	531.0	620.0	615.0	581.0	647.0	566.0	645.0	625.0	602.0	702.0	570.0	665.0	627.0	632.0	583.0	496.0	583.0	556.0	554.0	603.0	530.0
o121	531.0	0.0	245.0	638.0	566.0	592.0	625.0	299.0	654.0	277.0	316.0	642.0	321.0	326.0	612.0	646.0	340.0	609.0	720.0	512.0	0.0	573.0	259.0	641.0	540.0	325.0	272.0	284.0	354.0	554.0	608.0	630.0	577.0	645.0	0.0	333.0	604.0	282.0	344.0	324.0	680.0	336.0	619.0	0.0	254.0	266.0	290.0	554.0	352.0	247.0
o122	0.0	278.0	253.0	0.0	0.0	0.0	0.0	248.0	0.0	0.0	0.0	331.0	578.0	0.0	258.0	347.0	0.0	249.0	0.0	264.0	259.0	250.0	250.0	0.0	0.0	0.0	286.0	0.0	294.0	558.0	293.0	0.0	0.0	350.0	253.0	0.0	0.0	0.0	348.0	343.0	0.0	285.0	0.0	0.0	503.0	271.0	0.0	0.0	0.0	0.0
o123	529.0	628.0	498.0	588.0	587.0	587.0	626.0	550.0	673.0	599.0	617.0	657.0	606.0	694.0	599.0	673.0	683.0	559.0	688.0	505.0	551.0	581.0	549.0	615.0	534.0	599.0	608.0	564.0	615.0	527.0	599.0	589.0	609.0	649.0	582.0	616.0	602.0	561.0	702.0	573.0	646.0	636.0	626.0	573.0	487.0	560.0	536.0	573.0	568.0	497.0
o124	527.0	667.0	538.0	309.0	254.0	304.0	277.0	0.0	355.0	250.0	612.0	635.0	0.0	674.0	0.0	641.0	666.0	574.0	707.0	494.0	561.0	594.0	276.0	353.0	533.0	563.0	637.0	534.0	666.0	531.0	0.0	314.0	0.0	0.0	529.0	333.0	637.0	630.0	332.0	0.0	338.0	634.0	347.0	236.0	241.0	558.0	525.0	254.0	592.0	522.0
o125	229.0	346.0	519.0	0.0	0.0	0.0	318.0	0.0	0.0	0.0	0.0	330.0	0.0	0.0	0.0	306.0	330.0	246.0	0.0	249.0	265.0	553.0	0.0	0.0	261.0	0.0	309.0	539.0	0.0	0.0	0.0	310.0	0.0	0.0	0.0	0.0	0.0	0.0	679.0	0.0	324.0	0.0	0.0	0.0	256.0	0.0	0.0	531.0	247.0	236.0
o126	650.0	567.0	660.0	571.0	639.0	631.0	591.0	679.0	589.0	665.0	645.0	616.0	598.0	507.0	590.0	559.0	542.0	616.0	525.0	615.0	573.0	568.0	633.0	545.0	639.0	587.0	594.0	649.0	565.0	663.0	601.0	620.0	665.0	587.0	686.0	616.0	647.0	581.0	509.0	608.0	531.0	573.0	595.0	531.0	629.0	547.0	600.0	610.0	555.0	650.0
o127	650.0	306.0	660.0	314.0	318.0	631.0	591.0	349.0	589.0	338.0	645.0	270.0	251.0	507.0	332.0	559.0	267.0	345.0	525.0	0.0	573.0	281.0	633.0	545.0	639.0	587.0	594.0	311.0	565.0	663.0	323.0	327.0	334.0	251.0	686.0	616.0	647.0	329.0	256.0	608.0	531.0	306.0	272.0	531.0	0.0	547.0	312.0	0.0	0.0	350.0
o128	300.0	306.0	0.0	0.0	0.0	631.0	265.0	0.0	0.0	0.0	302.0	270.0	251.0	255.0	0.0	0.0	542.0	0.0	0.0	0.0	290.0	281.0	0.0	0.0	340.0	303.0	307.0	0.0	315.0	0.0	323.0	0.0	331.0	0.0	0.0	0.0	347.0	329.0	0.0	348.0	0.0	306.0	0.0	0.0	0.0	0.0	600.0	0.0	259.0	0.0
o129	644.0	550.0	665.0	567.0	640.0	624.0	592.0	667.0	585.0	666.0	656.0	608.0	613.0	503.0	592.0	557.0	543.0	624.0	529.0	607.0	564.0	563.0	623.0	542.0	631.0	588.0	577.0	667.0	545.0	659.0	593.0	615.0	658.0	580.0	690.0	597.0	634.0	582.0	499.0	618.0	541.0	574.0	602.0	514.0	647.0	553.0	598.0	612.0	541.0	647.0
o130	345.0	587.0	657.0	261.0	636.0	646.0	592.0	677.0	0.0	679.0	638.0	355.0	617.0	514.0	576.0	301.0	269.0	624.0	527.0	0.0	274.0	568.0	0.0	250.0	344.0	312.0	301.0	0.0	558.0	313.0	0.0	626.0	659.0	565.0	350.0	617.0	0.0	582.0	525.0	348.0	544.0	550.0	583.0	274.0	272.0	0.0	603.0	289.0	543.0	660.0
o131	299.0	0.0	0.0	0.0	320.0	322.0	0.0	0.0	0.0	0.0	0.0	350.0	0.0	261.0	327.0	259.0	0.0	0.0	253.0	346.0	293.0	0.0	613.0	305.0	0.0	274.0	297.0	0.0	0.0	0.0	268.0	625.0	0.0	0.0	0.0	347.0	0.0	0.0	509.0	263.0	0.0	0.0	0.0	0.0	0.0	545.0	279.0	0.0	0.0	338.0
o132	662.0	594.0	651.0	537.0	657.0	628.0	575.0	657.0	559.0	690.0	682.0	653.0	596.0	498.0	577.0	589.0	543.0	634.0	502.0	584.0	570.0	544.0	620.0	575.0	648.0	587.0	570.0	629.0	579.0	662.0	614.0	618.0	662.0	564.0	711.0	603.0	650.0	608.0	537.0	579.0	523.0	597.0	569.0	520.0	621.0	570.0	574.0	612.0	535.0	686.0
o133	0.0	545.0	310.0	324.0	631.0	648.0	318.0	712.0	595.0	329.0	627.0	609.0	576.0	510.0	629.0	272.0	517.0	341.0	264.0	641.0	540.0	261.0	617.0	266.0	0.0	604.0	310.0	627.0	592.0	653.0	613.0	616.0	309.0	259.0	345.0	267.0	0.0	261.0	521.0	598.0	270.0	255.0	616.0	238.0	330.0	254.0	287.0	302.0	302.0	299.0
o134	607.0	263.0	0.0	335.0	0.0	0.0	325.0	679.0	0.0	0.0	0.0	0.0	0.0	0.0	234.0	274.0	0.0	0.0	553.0	0.0	269.0	278.0	0.0	0.0	0.0	0.0	0.0	289.0	0.0	330.0	0.0	0.0	0.0	255.0	0.0	287.0	309.0	0.0	0.0	575.0	0.0	0.0	313.0	0.0	274.0	0.0	305.0	287.0	241.0	354.0
o135	600.0	558.0	605.0	561.0	594.0	590.0	571.0	615.0	569.0	607.0	597.0	583.0	624.0	578.0	620.0	604.0	596.0	633.0	588.0	632.0	611.0	609.0	641.0	597.0	645.0	568.0	572.0	600.0	558.0	606.0	576.0	585.0	608.0	568.0	618.0	583.0	598.0	615.0	579.0	629.0	590.0	612.0	623.0	591.0	640.0	598.0	625.0	630.0	602.0	600.0
o136	325.0	558.0	605.0	282.0	310.0	590.0	288.0	615.0	292.0	313.0	296.0	285.0	624.0	578.0	620.0	604.0	288.0	323.0	275.0	632.0	611.0	609.0	321.0	597.0	645.0	568.0	572.0	600.0	558.0	285.0	576.0	585.0	291.0	276.0	323.0	583.0	300.0	301.0	579.0	629.0	0.0	612.0	312.0	313.0	315.0	0.0	319.0	321.0	0.0	275.0
o137	0.0	0.0	325.0	279.0	0.0	0.0	0.0	325.0	277.0	313.0	296.0	0.0	0.0	302.0	0.0	604.0	288.0	0.0	0.0	632.0	0.0	290.0	0.0	0.0	0.0	0.0	279.0	0.0	0.0	285.0	287.0	289.0	317.0	276.0	0.0	0.0	0.0	0.0	0.0	0.0	307.0	309.0	312.0	278.0	0.0	0.0	319.0	0.0	323.0	275.0
o138	598.0	556.0	601.0	566.0	601.0	593.0	569.0	609.0	570.0	612.0	596.0	582.0	619.0	574.0	623.0	593.0	595.0	639.0	583.0	622.0	617.0	614.0	649.0	593.0	648.0	565.0	566.0	599.0	548.0	603.0	575.0	594.0	609.0	577.0	607.0	587.0	597.0	609.0	579.0	622.0	587.0	614.0	623.0	592.0	641.0	600.0	629.0	622.0	606.0	604.0
o139	597.0	282.0	283.0	283.0	589.0	301.0	281.0	616.0	577.0	293.0	595.0	590.0	626.0	0.0	320.0	300.0	590.0	632.0	317.0	642.0	311.0	619.0	318.0	597.0	649.0	566.0	285.0	591.0	278.0	282.0	578.0	585.0	618.0	0.0	319.0	585.0	606.0	320.0	297.0	637.0	0.0	612.0	632.0	283.0	0.0	275.0	316.0	630.0	283.0	322.0
o140	0.0	283.0	325.0	281.0	0.0	300.0	0.0	0.0	274.0	291.0	0.0	303.0	0.0	279.0	0.0	312.0	0.0	324.0	0.0	311.0	0.0	0.0	326.0	323.0	322.0	0.0	294.0	316.0	0.0	0.0	579.0	0.0	312.0	278.0	622.0	0.0	300.0	0.0	0.0	0.0	306.0	0.0	0.0	0.0	0.0	0.0	314.0	0.0	0.0	273.0
o141	589.0	559.0	604.0	579.0	592.0	579.0	580.0	619.0	565.0	626.0	589.0	584.0	632.0	587.0	611.0	607.0	592.0	628.0	573.0	635.0	607.0	604.0	636.0	593.0	626.0	579.0	563.0	585.0	549.0	614.0	586.0	585.0	610.0	569.0	614.0	595.0	583.0	633.0	568.0	641.0	604.0	602.0	624.0	587.0	630.0	601.0	618.0	622.0	604.0	598.0
o142	601.0	268.0	612.0	267.0	590.0	298.0	278.0	623.0	272.0	0.0	594.0	582.0	292.0	590.0	634.0	297.0	288.0	621.0	597.0	633.0	605.0	320.0	318.0	279.0	0.0	289.0	0.0	606.0	268.0	292.0	578.0	0.0	586.0	288.0	614.0	591.0	298.0	294.0	590.0	628.0	596.0	318.0	301.0	589.0	326.0	589.0	307.0	623.0	322.0	581.0
o143	609.0	267.0	0.0	275.0	0.0	587.0	0.0	327.0	0.0	311.0	0.0	0.0	321.0	583.0	304.0	0.0	0.0	0.0	0.0	0.0	0.0	318.0	0.0	275.0	0.0	0.0	292.0	0.0	0.0	284.0	284.0	286.0	0.0	266.0	0.0	0.0	300.0	326.0	307.0	0.0	295.0	309.0	0.0	277.0	0.0	0.0	0.0	0.0	332.0	0.0
o144	562.0	610.0	568.0	616.0	586.0	594.0	618.0	578.0	628.0	594.0	608.0	626.0	589.0	639.0	601.0	621.0	633.0	600.0	650.0	559.0	584.0	591.0	562.0	610.0	567.0	597.0	598.0	574.0	620.0	575.0	610.0	605.0	586.0	630.0	584.0	623.0	612.0	599.0	639.0	593.0	636.0	619.0	612.0	598.0	553.0	598.0	576.0	575.0	606.0	562.0
o145	562.0	610.0	293.0	295.0	586.0	299.0	318.0	275.0	628.0	287.0	608.0	315.0	589.0	315.0	601.0	302.0	321.0	323.0	325.0	559.0	584.0	591.0	283.0	610.0	0.0	597.0	291.0	574.0	620.0	297.0	311.0	301.0	283.0	630.0	584.0	0.0	612.0	285.0	639.0	317.0	636.0	297.0	612.0	275.0	277.0	598.0	294.0	291.0	606.0	275.0
o146	562.0	0.0	0.0	616.0	290.0	296.0	0.0	0.0	305.0	0.0	299.0	311.0	313.0	0.0	317.0	319.0	0.0	600.0	325.0	277.0	0.0	0.0	0.0	325.0	280.0	0.0	0.0	281.0	295.0	0.0	311.0	0.0	0.0	0.0	277.0	309.0	0.0	0.0	0.0	276.0	319.0	0.0	288.0	0.0	0.0	0.0	0.0	0.0	0.0	0.0
o147	558.0	619.0	559.0	619.0	589.0	594.0	619.0	578.0	622.0	597.0	611.0	632.0	596.0	631.0	608.0	617.0	633.0	600.0	648.0	567.0	586.0	587.0	563.0	601.0	560.0	605.0	602.0	568.0	621.0	579.0	613.0	602.0	584.0	627.0	575.0	618.0	615.0	595.0	639.0	594.0	638.0	619.0	614.0	601.0	551.0	600.0	570.0	583.0	608.0	552.0
o148	281.0	0.0	568.0	611.0	589.0	0.0	620.0	580.0	624.0	601.0	597.0	623.0	588.0	309.0	596.0	619.0	314.0	319.0	319.0	558.0	0.0	276.0	287.0	324.0	275.0	598.0	601.0	276.0	329.0	578.0	611.0	598.0	285.0	631.0	576.0	317.0	304.0	307.0	632.0	586.0	325.0	295.0	606.0	279.0	0.0	285.0	582.0	282.0	314.0	290.0
o149	276.0	0.0	0.0	0.0	301.0	0.0	0.0	273.0	318.0	0.0	0.0	622.0	311.0	0.0	0.0	625.0	327.0	319.0	0.0	0.0	0.0	0.0	275.0	606.0	282.0	289.0	0.0	0.0	0.0	278.0	0.0	307.0	0.0	327.0	281.0	0.0	0.0	291.0	0.0	0.0	0.0	300.0	612.0	0.0	0.0	0.0	276.0	0.0	287.0	0.0
o150	564.0	607.0	577.0	636.0	602.0	612.0	615.0	565.0	638.0	593.0	618.0	642.0	589.0	624.0	593.0	628.0	643.0	601.0	659.0	562.0	596.0	598.0	544.0	621.0	547.0	613.0	602.0	565.0	620.0	593.0	606.0	611.0	588.0	621.0	581.0	622.0	635.0	610.0	647.0	582.0	647.0	610.0	615.0	593.0	552.0	618.0	587.0	584.0	612.0	561.0
o151	277.0	604.0	304.0	614.0	288.0	302.0	307.0	562.0	297.0	299.0	305.0	320.0	302.0	320.0	616.0	632.0	320.0	317.0	648.0	271.0	281.0	604.0	560.0	314.0	275.0	301.0	596.0	559.0	296.0	594.0	307.0	290.0	569.0	640.0	573.0	621.0	320.0	595.0	323.0	586.0	627.0	614.0	0.0	328.0	544.0	0.0	291.0	577.0	324.0	548.0
o152	0.0	313.0	281.0	297.0	0.0	0.0	315.0	0.0	0.0	0.0	292.0	0.0	0.0	0.0	292.0	301.0	0.0	332.0	325.0	290.0	0.0	0.0	273.0	0.0	296.0	607.0	0.0	0.0	0.0	289.0	298.0	0.0	0.0	329.0	287.0	0.0	305.0	0.0	0.0	0.0	0.0	0.0	287.0	288.0	0.0	291.0	292.0	292.0	317.0	276.0
o153	625.0	583.0	630.0	586.0	619.0	615.0	596.0	640.0	594.0	632.0	622.0	608.0	599.0	553.0	595.0	579.0	571.0	608.0	563.0	607.0	586.0	584.0	616.0	572.0	620.0	593.0	597.0	625.0	583.0	631.0	601.0	610.0	633.0	593.0	643.0	608.0	623.0	590.0	554.0	604.0	565.0	587.0	598.0	566.0	615.0	573.0	600.0	605.0	577.0	625.0
o154	325.0	583.0	0.0	279.0	619.0	615.0	596.0	325.0	594.0	0.0	301.0	608.0	275.0	277.0	279.0	298.0	288.0	0.0	563.0	318.0	291.0	584.0	616.0	572.0	299.0	292.0	597.0	319.0	308.0	631.0	601.0	314.0	633.0	593.0	323.0	322.0	623.0	276.0	278.0	604.0	284.0	587.0	598.0	0.0	615.0	292.0	600.0	605.0	577.0	625.0
o155	0.0	303.0	0.0	0.0	310.0	0.0	0.0	0.0	0.0	319.0	0.0	285.0	599.0	277.0	316.0	298.0	283.0	323.0	0.0	0.0	0.0	0.0	0.0	275.0	299.0	0.0	293.0	0.0	308.0	322.0	0.0	610.0	316.0	0.0	323.0	0.0	324.0	276.0	0.0	280.0	0.0	0.0	0.0	0.0	0.0	281.0	0.0	0.0	0.0	625.0
o156	623.0	579.0	641.0	587.0	618.0	616.0	595.0	643.0	592.0	623.0	624.0	608.0	601.0	557.0	593.0	581.0	571.0	612.0	561.0	606.0	589.0	581.0	620.0	578.0	624.0	587.0	602.0	620.0	582.0	633.0	612.0	611.0	633.0	594.0	632.0	602.0	623.0	589.0	551.0	594.0	557.0	591.0	594.0	567.0	615.0	576.0	599.0	601.0	580.0	634.0
o157	320.0	277.0	0.0	307.0	307.0	314.0	601.0	642.0	602.0	642.0	324.0	317.0	323.0	563.0	593.0	579.0	575.0	611.0	285.0	294.0	588.0	287.0	0.0	291.0	620.0	597.0	310.0	317.0	313.0	327.0	285.0	609.0	0.0	592.0	316.0	610.0	629.0	587.0	277.0	602.0	571.0	597.0	307.0	274.0	285.0	276.0	304.0	603.0	579.0	625.0
o158	0.0	0.0	0.0	307.0	0.0	308.0	288.0	321.0	0.0	312.0	0.0	318.0	600.0	272.0	312.0	0.0	282.0	0.0	0.0	0.0	0.0	0.0	317.0	0.0	305.0	288.0	308.0	0.0	308.0	629.0	0.0	0.0	0.0	319.0	0.0	0.0	305.0	0.0	274.0	0.0	0.0	288.0	0.0	276.0	0.0	0.0	0.0	299.0	303.0	331.0
o159	640.0	590.0	649.0	594.0	618.0	609.0	613.0	651.0	590.0	619.0	623.0	604.0	621.0	567.0	577.0	575.0	570.0	618.0	545.0	601.0	587.0	564.0	606.0	566.0	619.0	602.0	613.0	624.0	584.0	622.0	604.0	631.0	652.0	588.0	657.0	611.0	617.0	594.0	548.0	615.0	562.0	582.0	614.0	563.0	614.0	587.0	589.0	613.0	579.0	626.0
o160	306.0	575.0	616.0	594.0	0.0	317.0	575.0	324.0	596.0	320.0	637.0	625.0	602.0	562.0	0.0	585.0	555.0	611.0	0.0	597.0	298.0	584.0	620.0	0.0	309.0	289.0	293.0	632.0	582.0	617.0	305.0	612.0	625.0	585.0	655.0	0.0	627.0	305.0	569.0	291.0	0.0	304.0	614.0	276.0	317.0	300.0	589.0	585.0	276.0	0.0
o161	330.0	0.0	0.0	0.0	0.0	304.0	312.0	331.0	0.0	0.0	331.0	0.0	0.0	280.0	0.0	0.0	284.0	330.0	553.0	0.0	0.0	0.0	318.0	0.0	310.0	297.0	296.0	0.0	0.0	637.0	0.0	313.0	323.0	0.0	0.0	320.0	316.0	0.0	0.0	0.0	281.0	0.0	304.0	292.0	0.0	277.0	0.0	0.0	583.0	0.0
o162	600.0	440.0	630.0	457.0	596.0	584.0	509.0	689.0	511.0	668.0	632.0	579.0	747.0	568.0	739.0	680.0	450.0	602.0	425.0	609.0	528.0	522.0	657.0	485.0	677.0	576.0	595.0	710.0	546.0	745.0	625.0	668.0	762.0	409.0	611.0	475.0	541.0	613.0	473.0	676.0	525.0	614.0	662.0	538.0	739.0	577.0	687.0	711.0	606.0	600.0
o163	600.0	221.0	400.0	457.0	596.0	0.0	509.0	689.0	0.0	668.0	0.0	579.0	352.0	568.0	376.0	680.0	200.0	212.0	425.0	236.0	248.0	522.0	657.0	200.0	381.0	0.0	595.0	377.0	546.0	358.0	625.0	382.0	762.0	206.0	393.0	475.0	541.0	613.0	267.0	676.0	525.0	614.0	662.0	211.0	399.0	225.0	324.0	711.0	606.0	0.0
o164	400.0	0.0	0.0	0.0	0.0	267.0	0.0	0.0	0.0	0.0	0.0	0.0	0.0	204.0	0.0	388.0	250.0	602.0	201.0	372.0	0.0	0.0	0.0	285.0	0.0	309.0	321.0	0.0	0.0	745.0	0.0	0.0	0.0	0.0	393.0	0.0	0.0	613.0	0.0	279.0	0.0	0.0	315.0	538.0	399.0	0.0	687.0	376.0	0.0	400.0
o165	592.0	444.0	630.0	456.0	599.0	616.0	516.0	694.0	520.0	660.0	671.0	578.0	774.0	547.0	745.0	651.0	439.0	616.0	403.0	627.0	512.0	496.0	672.0	517.0	698.0	557.0	566.0	708.0	543.0	749.0	596.0	692.0	738.0	449.0	606.0	473.0	498.0	608.0	447.0	687.0	548.0	582.0	642.0	537.0	750.0	571.0	709.0	730.0	624.0	596.0
o166	215.0	0.0	633.0	233.0	0.0	336.0	541.0	401.0	205.0	692.0	656.0	244.0	410.0	575.0	734.0	660.0	466.0	592.0	445.0	241.0	0.0	247.0	640.0	494.0	0.0	562.0	321.0	730.0	534.0	715.0	394.0	288.0	407.0	182.0	606.0	269.0	540.0	637.0	492.0	259.0	278.0	616.0	340.0	554.0	383.0	345.0	334.0	360.0	639.0	562.0
o167	0.0	0.0	0.0	236.0	0.0	315.0	0.0	0.0	0.0	332.0	0.0	262.0	361.0	193.0	0.0	400.0	0.0	378.0	0.0	354.0	229.0	285.0	0.0	0.0	0.0	0.0	263.0	391.0	178.0	0.0	355.0	389.0	359.0	188.0	0.0	207.0	0.0	0.0	451.0	270.0	0.0	0.0	0.0	0.0	0.0	0.0	661.0	0.0	386.0	388.0
o168	544.0	496.0	635.0	451.0	521.0	643.0	487.0	740.0	546.0	661.0	638.0	556.0	712.0	607.0	787.0	704.0	454.0	522.0	461.0	566.0	549.0	549.0	662.0	436.0	707.0	586.0	627.0	706.0	551.0	741.0	666.0	641.0	818.0	404.0	618.0	536.0	543.0	628.0	486.0	702.0	531.0	627.0	696.0	502.0	708.0	610.0	693.0	724.0	606.0	634.0
o169	677.0	196.0	352.0	503.0	578.0	545.0	471.0	650.0	553.0	700.0	260.0	583.0	0.0	230.0	327.0	420.0	399.0	640.0	160.0	396.0	505.0	481.0	700.0	440.0	302.0	297.0	359.0	354.0	169.0	728.0	289.0	250.0	785.0	186.0	268.0	219.0	524.0	674.0	173.0	669.0	0.0	600.0	632.0	361.0	432.0	585.0	327.0	406.0	231.0	0.0
o170	0.0	0.0	0.0	0.0	341.0	0.0	0.0	428.0	0.0	315.0	366.0	626.0	0.0	346.0	420.0	408.0	177.0	0.0	405.0	0.0	0.0	0.0	0.0	182.0	669.0	296.0	313.0	0.0	463.0	0.0	0.0	0.0	0.0	0.0	0.0	0.0	251.0	0.0	0.0	0.0	280.0	0.0	0.0	0.0	334.0	198.0	369.0	0.0	625.0	0.0
o171	475.0	672.0	506.0	703.0	588.0	624.0	724.0	568.0	770.0	637.0	498.0	575.0	432.0	635.0	488.0	571.0	625.0	497.0	698.0	539.0	644.0	674.0	564.0	760.0	591.0	717.0	723.0	432.0	620.0	445.0	589.0	571.0	501.0	679.0	500.0	661.0	619.0	572.0	736.0	557.0	731.0	667.0	643.0	591.0	415.0	601.0	515.0	515.0	645.0	475.0
o172	475.0	672.0	200.0	703.0	588.0	624.0	724.0	568.0	378.0	247.0	295.0	214.0	227.0	635.0	237.0	571.0	350.0	497.0	399.0	539.0	644.0	674.0	564.0	760.0	591.0	0.0	723.0	208.0	220.0	445.0	589.0	257.0	269.0	0.0	500.0	661.0	317.0	572.0	342.0	203.0	731.0	0.0	0.0	0.0	201.0	375.0	515.0	264.0	263.0	475.0
o173	0.0	672.0	0.0	0.0	0.0	342.0	354.0	0.0	0.0	247.0	0.0	361.0	0.0	0.0	251.0	571.0	0.0	210.0	698.0	0.0	0.0	674.0	216.0	360.0	0.0	0.0	0.0	223.0	400.0	0.0	0.0	257.0	0.0	0.0	0.0	0.0	317.0	0.0	0.0	354.0	366.0	289.0	0.0	0.0	0.0	375.0	0.0	0.0	0.0	475.0
o174	444.0	652.0	478.0	687.0	608.0	602.0	711.0	585.0	760.0	600.0	531.0	549.0	442.0	609.0	478.0	546.0	639.0	519.0	711.0	529.0	644.0	665.0	584.0	771.0	587.0	700.0	728.0	447.0	611.0	428.0	584.0	561.0	467.0	675.0	495.0	649.0	604.0	577.0	732.0	531.0	728.0	661.0	632.0	586.0	410.0	630.0	535.0	522.0	626.0	474.0
o175	514.0	0.0	507.0	391.0	606.0	0.0	724.0	580.0	784.0	603.0	492.0	0.0	422.0	255.0	237.0	615.0	646.0	219.0	677.0	511.0	635.0	679.0	348.0	348.0	373.0	337.0	731.0	225.0	642.0	439.0	354.0	532.0	480.0	396.0	0.0	315.0	0.0	0.0	404.0	564.0	728.0	683.0	390.0	181.0	385.0	566.0	281.0	526.0	0.0	501.0
o176	186.0	0.0	208.0	0.0	0.0	0.0	334.0	0.0	400.0	0.0	220.0	0.0	0.0	384.0	0.0	0.0	349.0	0.0	0.0	0.0	0.0	0.0	361.0	416.0	0.0	385.0	327.0	227.0	389.0	0.0	354.0	0.0	215.0	0.0	219.0	695.0	640.0	0.0	360.0	0.0	379.0	277.0	381.0	0.0	228.0	0.0	0.0	0.0	0.0	286.0
o177	549.0	666.0	484.0	737.0	593.0	697.0	747.0	548.0	685.0	625.0	535.0	545.0	427.0	623.0	504.0	500.0	693.0	467.0	703.0	475.0	629.0	594.0	596.0	751.0	604.0	747.0	748.0	443.0	614.0	485.0	564.0	497.0	526.0	672.0	467.0	665.0	605.0	501.0	763.0	610.0	679.0	669.0	695.0	572.0	409.0	588.0	533.0	461.0	672.0	427.0
o178	153.0	299.0	417.0	689.0	538.0	603.0	320.0	331.0	794.0	264.0	255.0	393.0	208.0	671.0	430.0	259.0	263.0	458.0	296.0	522.0	277.0	669.0	603.0	814.0	514.0	699.0	0.0	202.0	544.0	463.0	569.0	235.0	477.0	754.0	252.0	310.0	636.0	365.0	731.0	526.0	0.0	0.0	666.0	672.0	429.0	420.0	571.0	0.0	0.0	0.0
o179	0.0	0.0	0.0	0.0	0.0	311.0	333.0	379.0	0.0	0.0	313.0	0.0	0.0	0.0	0.0	567.0	322.0	241.0	324.0	358.0	0.0	0.0	354.0	0.0	195.0	390.0	0.0	381.0	0.0	0.0	0.0	0.0	314.0	0.0	233.0	0.0	678.0	194.0	415.0	378.0	354.0	0.0	254.0	0.0	0.0	0.0	286.0	0.0	0.0	226.0
o180	750.0	590.0	780.0	607.0	546.0	534.0	459.0	639.0	461.0	618.0	582.0	529.0	697.0	518.0	689.0	630.0	600.0	752.0	575.0	759.0	678.0	472.0	607.0	435.0	627.0	526.0	545.0	660.0	496.0	695.0	575.0	618.0	712.0	559.0	761.0	625.0	691.0	563.0	423.0	626.0	475.0	564.0	612.0	488.0	689.0	527.0	637.0	661.0	556.0	750.0
o181	400.0	590.0	400.0	607.0	342.0	534.0	459.0	241.0	461.0	618.0	0.0	529.0	302.0	518.0	0.0	338.0	600.0	390.0	575.0	372.0	678.0	0.0	223.0	435.0	627.0	526.0	545.0	377.0	295.0	695.0	575.0	332.0	0.0	202.0	761.0	245.0	691.0	0.0	423.0	626.0	241.0	564.0	612.0	488.0	399.0	0.0	314.0	661.0	556.0	350.0
o182	750.0	0.0	0.0	0.0	205.0	0.0	230.0	0.0	0.0	0.0	0.0	239.0	302.0	0.0	0.0	338.0	350.0	0.0	0.0	759.0	280.0	261.0	223.0	0.0	381.0	0.0	0.0	0.0	0.0	0.0	0.0	286.0	344.0	0.0	393.0	0.0	0.0	563.0	217.0	0.0	0.0	0.0	0.0	0.0	399.0	225.0	314.0	326.0	556.0	0.0
o183	738.0	561.0	784.0	583.0	575.0	503.0	452.0	646.0	459.0	599.0	607.0	541.0	716.0	516.0	693.0	620.0	590.0	784.0	579.0	789.0	665.0	461.0	631.0	434.0	656.0	527.0	525.0	683.0	458.0	695.0	587.0	612.0	716.0	590.0	722.0	614.0	709.0	534.0	456.0	653.0	454.0	567.0	611.0	478.0	714.0	527.0	633.0	657.0	585.0	765.0
o184	758.0	592.0	820.0	584.0	199.0	567.0	461.0	381.0	256.0	588.0	585.0	540.0	404.0	202.0	729.0	638.0	258.0	404.0	390.0	761.0	396.0	461.0	594.0	0.0	362.0	0.0	264.0	352.0	303.0	408.0	325.0	590.0	694.0	335.0	784.0	609.0	683.0	379.0	232.0	206.0	0.0	301.0	618.0	482.0	305.0	518.0	312.0	347.0	341.0	740.0
o185	381.0	363.0	0.0	233.0	331.0	0.0	214.0	238.0	253.0	0.0	0.0	260.0	0.0	0.0	368.0	0.0	245.0	0.0	0.0	0.0	0.0	0.0	211.0	215.0	0.0	0.0	268.0	691.0	0.0	411.0	0.0	0.0	0.0	551.0	0.0	655.0	0.0	0.0	198.0	0.0	0.0	0.0	0.0	270.0	0.0	0.0	291.0	341.0	0.0	717.0
o186	746.0	576.0	761.0	688.0	554.0	554.0	473.0	698.0	454.0	611.0	554.0	553.0	629.0	523.0	758.0	707.0	607.0	688.0	602.0	737.0	699.0	444.0	593.0	414.0	694.0	460.0	578.0	612.0	522.0	755.0	568.0	532.0	710.0	492.0	801.0	672.0	705.0	563.0	408.0	596.0	525.0	590.0	641.0	551.0	699.0	445.0	659.0	643.0	584.0	699.0
o187	0.0	584.0	421.0	674.0	493.0	309.0	223.0	272.0	434.0	578.0	622.0	326.0	726.0	462.0	278.0	318.0	390.0	0.0	579.0	717.0	675.0	451.0	539.0	0.0	403.0	520.0	0.0	689.0	549.0	278.0	367.0	634.0	741.0	537.0	784.0	242.0	670.0	253.0	214.0	349.0	287.0	225.0	378.0	480.0	695.0	487.0	278.0	645.0	0.0	390.0
o188	376.0	0.0	0.0	201.0	347.0	342.0	413.0	0.0	0.0	0.0	0.0	324.0	0.0	279.0	319.0	0.0	265.0	379.0	0.0	0.0	386.0	0.0	339.0	509.0	626.0	0.0	0.0	0.0	0.0	0.0	0.0	0.0	0.0	0.0	423.0	241.0	412.0	493.0	0.0	243.0	0.0	0.0	391.0	0.0	0.0	0.0	0.0	0.0	324.0	345.0
o189	600.0	520.0	615.0	528.0	598.0	592.0	554.0	645.0	556.0	634.0	616.0	589.0	673.0	584.0	669.0	640.0	525.0	601.0	513.0	604.0	564.0	561.0	628.0	542.0	639.0	588.0	597.0	655.0	573.0	672.0	613.0	634.0	681.0	504.0	606.0	537.0	570.0	606.0	536.0	638.0	563.0	607.0	631.0	569.0	669.0	588.0	644.0	656.0	603.0	600.0
o190	250.0	520.0	265.0	528.0	0.0	592.0	554.0	0.0	556.0	634.0	616.0	270.0	673.0	252.0	0.0	296.0	525.0	601.0	513.0	604.0	564.0	561.0	628.0	250.0	0.0	305.0	597.0	0.0	0.0	344.0	613.0	634.0	347.0	253.0	606.0	537.0	570.0	0.0	536.0	638.0	267.0	302.0	631.0	314.0	350.0	588.0	644.0	0.0	603.0	600.0
o191	0.0	261.0	350.0	0.0	0.0	0.0	0.0	295.0	302.0	308.0	302.0	0.0	0.0	252.0	338.0	344.0	250.0	345.0	0.0	0.0	0.0	280.0	0.0	250.0	639.0	284.0	0.0	655.0	323.0	0.0	0.0	293.0	0.0	0.0	346.0	0.0	0.0	606.0	0.0	0.0	0.0	302.0	0.0	0.0	0.0	0.0	0.0	318.0	344.0	0.0
o192	591.0	541.0	621.0	534.0	605.0	599.0	559.0	644.0	572.0	630.0	618.0	593.0	657.0	597.0	669.0	629.0	511.0	609.0	517.0	600.0	579.0	562.0	612.0	553.0	640.0	596.0	604.0	649.0	558.0	656.0	606.0	635.0	685.0	516.0	609.0	520.0	568.0	600.0	521.0	635.0	550.0	617.0	645.0	581.0	686.0	586.0	640.0	672.0	611.0	615.0
o193	255.0	263.0	0.0	266.0	597.0	597.0	543.0	284.0	574.0	636.0	325.0	0.0	346.0	581.0	682.0	284.0	527.0	340.0	521.0	345.0	581.0	286.0	624.0	528.0	0.0	583.0	313.0	309.0	327.0	321.0	613.0	638.0	679.0	251.0	335.0	278.0	571.0	587.0	541.0	339.0	295.0	307.0	628.0	301.0	688.0	594.0	657.0	0.0	604.0	246.0
o194	239.0	264.0	623.0	0.0	0.0	0.0	0.0	0.0	0.0	0.0	314.0	328.0	335.0	0.0	673.0	0.0	269.0	0.0	0.0	271.0	283.0	289.0	341.0	0.0	0.0	0.0	0.0	0.0	333.0	0.0	617.0	288.0	0.0	0.0	0.0	267.0	303.0	0.0	241.0	284.0	0.0	0.0	323.0	0.0	0.0	0.0	648.0	0.0	0.0	338.0
o195	606.0	535.0	600.0	529.0	592.0	608.0	582.0	615.0	521.0	632.0	627.0	554.0	663.0	589.0	669.0	608.0	537.0	602.0	558.0	571.0	559.0	602.0	619.0	536.0	659.0	603.0	588.0	667.0	584.0	710.0	646.0	606.0	691.0	516.0	608.0	541.0	570.0	600.0	537.0	612.0	558.0	598.0	622.0	556.0	691.0	609.0	650.0	647.0	601.0	596.0
o196	260.0	239.0	623.0	278.0	616.0	580.0	311.0	629.0	250.0	290.0	0.0	579.0	647.0	234.0	706.0	365.0	272.0	591.0	508.0	616.0	303.0	299.0	340.0	228.0	668.0	289.0	591.0	643.0	268.0	683.0	254.0	665.0	333.0	512.0	625.0	262.0	260.0	279.0	560.0	636.0	255.0	0.0	288.0	599.0	339.0	590.0	354.0	614.0	256.0	243.0
o197	0.0	0.0	0.0	0.0	0.0	0.0	290.0	0.0	277.0	0.0	0.0	0.0	312.0	0.0	0.0	293.0	286.0	348.0	265.0	611.0	272.0	0.0	294.0	0.0	0.0	0.0	318.0	350.0	0.0	682.0	330.0	299.0	321.0	0.0	0.0	277.0	0.0	294.0	0.0	357.0	296.0	0.0	0.0	297.0	0.0	0.0	0.0	326.0	0.0	618.0
o198	538.0	636.0	553.0	652.0	594.0	612.0	662.0	584.0	685.0	619.0	549.0	587.0	516.0	617.0	544.0	585.0	612.0	548.0	649.0	569.0	622.0	637.0	582.0	680.0	596.0	658.0	661.0	516.0	610.0	523.0	595.0	586.0	551.0	639.0	550.0	630.0	610.0	586.0	668.0	578.0	666.0	633.0	621.0	596.0	508.0	601.0	558.0	558.0	623.0	538.0
o199	538.0	297.0	553.0	652.0	315.0	612.0	662.0	251.0	339.0	274.0	298.0	257.0	252.0	269.0	544.0	585.0	612.0	294.0	649.0	569.0	622.0	0.0	324.0	680.0	0.0	342.0	313.0	516.0	350.0	523.0	595.0	307.0	551.0	349.0	254.0	303.0	301.0	271.0	347.0	327.0	666.0	294.0	345.0	251.0	508.0	263.0	558.0	558.0	623.0	538.0
o200	250.0	0.0	0.0	652.0	0.0	0.0	0.0	333.0	0.0	0.0	251.0	257.0	0.0	269.0	268.0	0.0	0.0	0.0	0.0	0.0	312.0	0.0	258.0	330.0	336.0	342.0	313.0	0.0	260.0	256.0	0.0	307.0	551.0	0.0	254.0	0.0	0.0	0.0	347.0	0.0	0.0	0.0	0.0	251.0	250.0	0.0	288.0	0.0	341.0	288.0
o201	538.0	626.0	562.0	648.0	595.0	605.0	673.0	597.0	678.0	621.0	554.0	602.0	501.0	628.0	546.0	581.0	603.0	533.0	665.0	567.0	614.0	625.0	567.0	665.0	599.0	644.0	646.0	523.0	605.0	519.0	602.0	575.0	548.0	633.0	545.0	646.0	614.0	568.0	666.0	594.0	668.0	636.0	640.0	585.0	517.0	613.0	556.0	549.0	634.0	540.0
o202	517.0	344.0	0.0	351.0	593.0	329.0	654.0	325.0	682.0	620.0	539.0	337.0	534.0	275.0	279.0	606.0	611.0	553.0	630.0	569.0	306.0	316.0	564.0	324.0	586.0	342.0	669.0	258.0	252.0	263.0	273.0	306.0	260.0	646.0	546.0	338.0	602.0	604.0	659.0	251.0	329.0	627.0	631.0	241.0	246.0	0.0	0.0	292.0	270.0	525.0
o203	243.0	0.0	0.0	0.0	283.0	0.0	337.0	0.0	702.0	352.0	239.0	0.0	263.0	267.0	555.0	0.0	0.0	0.0	0.0	0.0	311.0	325.0	0.0	0.0	343.0	0.0	343.0	254.0	353.0	264.0	263.0	0.0	0.0	0.0	247.0	638.0	0.0	0.0	0.0	0.0	0.0	0.0	339.0	356.0	0.0	264.0	0.0	285.0	0.0	0.0
o204	510.0	630.0	520.0	678.0	577.0	636.0	674.0	573.0	726.0	621.0	555.0	578.0	531.0	629.0	506.0	585.0	641.0	547.0	655.0	539.0	645.0	606.0	563.0	675.0	572.0	687.0	667.0	498.0	606.0	525.0	583.0	588.0	596.0	657.0	538.0	640.0	593.0	557.0	675.0	574.0	699.0	611.0	639.0	576.0	507.0	602.0	606.0	549.0	621.0	570.0
o205	546.0	651.0	246.0	323.0	580.0	597.0	334.0	257.0	703.0	635.0	256.0	248.0	0.0	244.0	293.0	567.0	603.0	542.0	370.0	315.0	630.0	662.0	571.0	0.0	600.0	317.0	651.0	231.0	593.0	265.0	546.0	552.0	544.0	652.0	566.0	629.0	602.0	256.0	0.0	0.0	674.0	314.0	332.0	336.0	236.0	0.0	552.0	539.0	362.0	266.0
o206	0.0	291.0	324.0	286.0	0.0	291.0	0.0	0.0	327.0	251.0	302.0	266.0	0.0	251.0	0.0	0.0	290.0	545.0	331.0	0.0	0.0	0.0	254.0	351.0	0.0	0.0	0.0	286.0	242.0	247.0	0.0	594.0	266.0	0.0	0.0	323.0	0.0	0.0	0.0	0.0	336.0	314.0	0.0	0.0	249.0	0.0	0.0	0.0	0.0	300.0
o207	675.0	595.0	690.0	603.0	573.0	567.0	529.0	620.0	531.0	609.0	591.0	564.0	648.0	559.0	644.0	615.0	600.0	676.0	588.0	679.0	639.0	536.0	603.0	517.0	614.0	563.0	572.0	630.0	548.0	647.0	588.0	609.0	656.0	579.0	681.0	612.0	645.0	581.0	511.0	613.0	538.0	582.0	606.0	544.0	644.0	563.0	619.0	631.0	578.0	675.0
o208	350.0	261.0	690.0	603.0	573.0	567.0	264.0	620.0	531.0	326.0	302.0	564.0	348.0	252.0	644.0	319.0	600.0	676.0	588.0	679.0	639.0	0.0	603.0	250.0	614.0	0.0	572.0	338.0	250.0	647.0	588.0	316.0	656.0	579.0	681.0	612.0	346.0	252.0	0.0	0.0	270.0	0.0	283.0	289.0	350.0	563.0	619.0	313.0	319.0	675.0
o209	0.0	0.0	0.0	0.0	321.0	0.0	264.0	270.0	0.0	326.0	289.0	0.0	0.0	559.0	0.0	319.0	0.0	0.0	0.0	0.0	0.0	255.0	0.0	250.0	614.0	280.0	572.0	338.0	0.0	0.0	278.0	0.0	334.0	0.0	0.0	0.0	0.0	0.0	0.0	0.0	267.0	0.0	0.0	544.0	644.0	301.0	307.0	0.0	0.0	350.0
o210	669.0	588.0	689.0	606.0	571.0	554.0	536.0	618.0	516.0	628.0	589.0	543.0	637.0	557.0	643.0	609.0	614.0	683.0	591.0	680.0	639.0	539.0	590.0	510.0	629.0	551.0	574.0	619.0	543.0	659.0	603.0	612.0	665.0	593.0	664.0	617.0	635.0	577.0	521.0	618.0	548.0	601.0	596.0	534.0	635.0	556.0	614.0	646.0	582.0	675.0
o211	679.0	614.0	359.0	245.0	574.0	250.0	0.0	0.0	508.0	612.0	601.0	291.0	654.0	246.0	651.0	0.0	282.0	690.0	329.0	677.0	298.0	529.0	0.0	519.0	261.0	279.0	580.0	283.0	552.0	312.0	578.0	606.0	328.0	576.0	673.0	266.0	653.0	595.0	516.0	612.0	279.0	0.0	612.0	265.0	645.0	0.0	627.0	626.0	581.0	0.0
o212	0.0	322.0	0.0	0.0	0.0	262.0	257.0	262.0	0.0	287.0	0.0	258.0	347.0	0.0	320.0	0.0	0.0	334.0	251.0	335.0	0.0	254.0	0.0	263.0	0.0	278.0	282.0	613.0	243.0	315.0	0.0	313.0	0.0	250.0	0.0	0.0	0.0	0.0	0.0	0.0	276.0	265.0	336.0	0.0	0.0	303.0	0.0	0.0	247.0	0.0
o213	693.0	618.0	680.0	572.0	572.0	569.0	502.0	624.0	560.0	590.0	594.0	564.0	634.0	568.0	671.0	621.0	578.0	702.0	578.0	687.0	643.0	529.0	630.0	524.0	594.0	518.0	571.0	646.0	534.0	648.0	595.0	621.0	629.0	586.0	646.0	620.0	657.0	566.0	502.0	627.0	519.0	602.0	636.0	568.0	618.0	596.0	615.0	634.0	616.0	669.0
o214	337.0	591.0	706.0	239.0	550.0	325.0	244.0	274.0	533.0	347.0	607.0	314.0	652.0	570.0	678.0	296.0	606.0	713.0	261.0	330.0	676.0	0.0	628.0	279.0	329.0	274.0	594.0	278.0	520.0	668.0	296.0	597.0	320.0	0.0	358.0	0.0	613.0	343.0	243.0	597.0	539.0	601.0	595.0	548.0	638.0	0.0	0.0	305.0	528.0	675.0
o215	0.0	0.0	369.0	0.0	296.0	0.0	0.0	0.0	501.0	264.0	612.0	0.0	0.0	560.0	0.0	0.0	268.0	0.0	0.0	329.0	326.0	0.0	0.0	0.0	283.0	0.0	0.0	307.0	287.0	0.0	314.0	0.0	0.0	0.0	347.0	0.0	356.0	0.0	0.0	0.0	262.0	0.0	0.0	247.0	664.0	252.0	322.0	313.0	248.0	0.0
o216	600.0	560.0	608.0	564.0	599.0	596.0	577.0	622.0	578.0	617.0	608.0	595.0	637.0	592.0	635.0	620.0	563.0	601.0	556.0	602.0	582.0	580.0	614.0	571.0	619.0	594.0	599.0	627.0	586.0	636.0	606.0	617.0	640.0	552.0	603.0	569.0	585.0	603.0	568.0	619.0	581.0	604.0	616.0	585.0	635.0	594.0	622.0	628.0	601.0	600.0
o217	325.0	560.0	283.0	564.0	0.0	596.0	577.0	0.0	277.0	617.0	307.0	595.0	637.0	316.0	319.0	0.0	288.0	323.0	556.0	602.0	287.0	290.0	321.0	571.0	299.0	0.0	599.0	627.0	586.0	636.0	289.0	296.0	640.0	277.0	603.0	286.0	300.0	603.0	568.0	619.0	581.0	604.0	616.0	585.0	635.0	313.0	306.0	319.0	601.0	0.0
o218	0.0	280.0	608.0	0.0	0.0	596.0	0.0	325.0	277.0	617.0	0.0	285.0	0.0	316.0	0.0	0.0	0.0	0.0	0.0	318.0	0.0	290.0	614.0	0.0	0.0	0.0	0.0	0.0	0.0	0.0	289.0	0.0	323.0	0.0	0.0	283.0	585.0	0.0	292.0	0.0	0.0	0.0	304.0	0.0	0.0	0.0	316.0	309.0	279.0	325.0
o219	590.0	555.0	614.0	561.0	600.0	584.0	571.0	624.0	580.0	617.0	608.0	592.0	630.0	591.0	634.0	613.0	556.0	591.0	558.0	601.0	583.0	574.0	605.0	571.0	621.0	587.0	607.0	624.0	594.0	636.0	615.0	619.0	637.0	552.0	603.0	570.0	581.0	601.0	568.0	623.0	577.0	604.0	621.0	589.0	629.0	600.0	628.0	634.0	606.0	598.0
o220	599.0	557.0	279.0	282.0	602.0	309.0	576.0	0.0	282.0	0.0	614.0	309.0	321.0	590.0	316.0	319.0	569.0	606.0	285.0	316.0	588.0	288.0	615.0	561.0	326.0	594.0	305.0	321.0	0.0	643.0	323.0	617.0	322.0	552.0	326.0	570.0	299.0	0.0	570.0	625.0	582.0	600.0	301.0	578.0	305.0	586.0	624.0	628.0	276.0	327.0
o221	600.0	281.0	320.0	0.0	0.0	310.0	277.0	293.0	0.0	0.0	0.0	304.0	309.0	0.0	313.0	0.0	0.0	0.0	273.0	289.0	0.0	585.0	0.0	0.0	324.0	296.0	0.0	0.0	0.0	0.0	317.0	315.0	0.0	0.0	285.0	0.0	300.0	284.0	287.0	318.0	0.0	0.0	615.0	0.0	330.0	0.0	0.0	0.0	0.0	0.0
o222	588.0	547.0	609.0	548.0	599.0	590.0	576.0	619.0	557.0	607.0	608.0	600.0	637.0	587.0	645.0	619.0	563.0	595.0	557.0	620.0	572.0	585.0	622.0	575.0	613.0	594.0	593.0	622.0	592.0	630.0	619.0	598.0	638.0	561.0	617.0	568.0	591.0	612.0	577.0	643.0	578.0	617.0	605.0	605.0	622.0	615.0	615.0	634.0	599.0	609.0
o223	592.0	272.0	610.0	565.0	606.0	592.0	0.0	335.0	566.0	627.0	299.0	316.0	644.0	606.0	627.0	611.0	0.0	598.0	556.0	285.0	0.0	293.0	625.0	581.0	626.0	292.0	317.0	0.0	580.0	315.0	322.0	620.0	320.0	557.0	313.0	279.0	567.0	307.0	0.0	614.0	586.0	611.0	323.0	275.0	617.0	281.0	318.0	638.0	0.0	608.0
o224	0.0	284.0	0.0	0.0	0.0	0.0	273.0	305.0	0.0	309.0	299.0	0.0	0.0	272.0	0.0	0.0	0.0	324.0	0.0	282.0	291.0	296.0	0.0	288.0	294.0	0.0	0.0	317.0	314.0	0.0	0.0	332.0	642.0	273.0	270.0	0.0	302.0	305.0	0.0	0.0	305.0	311.0	0.0	266.0	0.0	0.0	294.0	0.0	279.0	0.0
o225	569.0	618.0	576.0	626.0	597.0	606.0	631.0	592.0	642.0	609.0	574.0	594.0	558.0	609.0	572.0	593.0	606.0	574.0	624.0	585.0	611.0	619.0	591.0	640.0	598.0	629.0	631.0	558.0	605.0	561.0	597.0	593.0	575.0	620.0	575.0	615.0	605.0	593.0	634.0	589.0	633.0	617.0	611.0	598.0	554.0	600.0	579.0	579.0	611.0	569.0
o226	569.0	320.0	275.0	304.0	290.0	296.0	313.0	592.0	642.0	609.0	276.0	594.0	558.0	609.0	288.0	302.0	312.0	574.0	325.0	303.0	611.0	309.0	312.0	640.0	598.0	629.0	631.0	277.0	605.0	283.0	597.0	304.0	292.0	324.0	277.0	615.0	605.0	593.0	323.0	589.0	633.0	617.0	323.0	322.0	275.0	282.0	0.0	0.0	291.0	569.0
o227	275.0	320.0	301.0	0.0	290.0	0.0	0.0	0.0	0.0	609.0	0.0	315.0	558.0	0.0	0.0	593.0	0.0	277.0	0.0	303.0	0.0	0.0	312.0	0.0	318.0	308.0	0.0	277.0	0.0	0.0	0.0	0.0	0.0	0.0	277.0	301.0	0.0	0.0	0.0	0.0	316.0	297.0	323.0	276.0	0.0	319.0	285.0	0.0	0.0	275.0
o228	564.0	624.0	587.0	619.0	589.0	598.0	637.0	594.0	635.0	613.0	567.0	595.0	551.0	605.0	570.0	603.0	601.0	567.0	627.0	589.0	602.0	613.0	598.0	633.0	598.0	637.0	626.0	553.0	603.0	554.0	594.0	592.0	580.0	619.0	578.0	616.0	605.0	593.0	634.0	597.0	636.0	616.0	608.0	604.0	548.0	598.0	580.0	573.0	613.0	559.0
o229	573.0	317.0	302.0	327.0	313.0	607.0	311.0	599.0	328.0	611.0	0.0	0.0	283.0	610.0	579.0	290.0	0.0	581.0	330.0	581.0	311.0	312.0	591.0	642.0	322.0	631.0	0.0	550.0	613.0	564.0	310.0	594.0	581.0	615.0	573.0	617.0	608.0	311.0	328.0	582.0	314.0	615.0	607.0	322.0	277.0	314.0	290.0	584.0	617.0	0.0
o230	0.0	0.0	0.0	306.0	0.0	0.0	317.0	0.0	321.0	607.0	0.0	0.0	271.0	603.0	287.0	0.0	0.0	276.0	621.0	307.0	0.0	0.0	313.0	310.0	0.0	0.0	306.0	272.0	0.0	0.0	281.0	0.0	0.0	0.0	0.0	0.0	0.0	286.0	314.0	316.0	0.0	315.0	0.0	277.0	277.0	0.0	293.0	0.0	0.0	273.0
o231	561.0	619.0	597.0	642.0	593.0	624.0	636.0	584.0	641.0	622.0	563.0	599.0	568.0	606.0	571.0	597.0	594.0	568.0	633.0	570.0	599.0	607.0	594.0	622.0	594.0	627.0	624.0	550.0	596.0	565.0	596.0	612.0	584.0	607.0	573.0	612.0	608.0	585.0	621.0	593.0	635.0	620.0	600.0	616.0	555.0	610.0	572.0	578.0	606.0	556.0
o232	0.0	607.0	0.0	295.0	297.0	625.0	328.0	606.0	644.0	278.0	560.0	309.0	552.0	615.0	578.0	293.0	300.0	560.0	306.0	309.0	607.0	612.0	283.0	633.0	604.0	319.0	0.0	570.0	0.0	280.0	615.0	579.0	0.0	304.0	562.0	608.0	586.0	298.0	323.0	595.0	630.0	627.0	609.0	615.0	550.0	0.0	286.0	279.0	598.0	291.0
o233	0.0	0.0	0.0	0.0	307.0	318.0	328.0	0.0	0.0	0.0	0.0	319.0	0.0	0.0	563.0	297.0	0.0	287.0	299.0	0.0	309.0	317.0	613.0	0.0	0.0	304.0	316.0	0.0	322.0	553.0	0.0	280.0	271.0	0.0	0.0	0.0	306.0	0.0	322.0	0.0	0.0	0.0	318.0	268.0	283.0	0.0	0.0	0.0	300.0	0.0
o234	638.0	597.0	645.0	602.0	587.0	584.0	565.0	610.0	565.0	604.0	596.0	582.0	624.0	579.0	622.0	607.0	600.0	638.0	594.0	640.0	620.0	568.0	602.0	559.0	607.0	582.0	586.0	615.0	574.0	624.0	594.0	604.0	628.0	590.0	640.0	606.0	623.0	591.0	556.0	606.0	569.0	591.0	603.0	572.0	622.0	582.0	609.0	615.0	589.0	638.0
o235	638.0	597.0	0.0	279.0	310.0	304.0	282.0	285.0	565.0	291.0	294.0	582.0	624.0	303.0	316.0	309.0	600.0	638.0	594.0	0.0	620.0	290.0	602.0	275.0	287.0	582.0	586.0	0.0	275.0	624.0	305.0	296.0	628.0	314.0	640.0	606.0	623.0	315.0	277.0	606.0	569.0	591.0	603.0	572.0	0.0	582.0	609.0	0.0	309.0	638.0
o236	0.0	0.0	0.0	279.0	276.0	0.0	282.0	0.0	277.0	313.0	301.0	0.0	300.0	0.0	0.0	298.0	0.0	0.0	319.0	0.0	325.0	290.0	602.0	284.0	287.0	0.0	0.0	319.0	299.0	0.0	0.0	296.0	311.0	276.0	0.0	320.0	323.0	0.0	0.0	0.0	0.0	288.0	0.0	0.0	0.0	281.0	306.0	0.0	0.0	325.0
o237	642.0	607.0	652.0	609.0	590.0	584.0	561.0	617.0	559.0	605.0	601.0	581.0	629.0	576.0	625.0	616.0	599.0	632.0	599.0	637.0	619.0	577.0	603.0	551.0	607.0	579.0	591.0	618.0	571.0	618.0	592.0	602.0	634.0	587.0	648.0	600.0	622.0	586.0	552.0	614.0	570.0	583.0	611.0	578.0	618.0	590.0	616.0	619.0	593.0	638.0
o238	634.0	321.0	636.0	322.0	277.0	580.0	277.0	280.0	568.0	607.0	602.0	298.0	322.0	300.0	319.0	606.0	307.0	649.0	271.0	643.0	618.0	272.0	597.0	277.0	0.0	586.0	292.0	611.0	0.0	627.0	597.0	296.0	312.0	315.0	320.0	281.0	625.0	311.0	277.0	282.0	562.0	587.0	607.0	298.0	627.0	571.0	0.0	311.0	593.0	639.0
o239	0.0	321.0	330.0	0.0	0.0	285.0	0.0	0.0	272.0	296.0	300.0	282.0	294.0	306.0	303.0	0.0	288.0	0.0	314.0	0.0	0.0	290.0	612.0	287.0	318.0	0.0	298.0	315.0	0.0	300.0	0.0	0.0	0.0	279.0	0.0	289.0	322.0	0.0	0.0	0.0	0.0	0.0	0.0	0.0	0.0	301.0	0.0	0.0	273.0	307.0
o240	632.0	575.0	632.0	611.0	600.0	583.0	577.0	612.0	569.0	609.0	592.0	579.0	618.0	587.0	622.0	607.0	590.0	639.0	597.0	641.0	627.0	576.0	594.0	543.0	595.0	597.0	573.0	619.0	573.0	632.0	587.0	606.0	632.0	591.0	624.0	592.0	630.0	591.0	564.0	604.0	585.0	586.0	589.0	576.0	629.0	601.0	607.0	628.0	609.0	621.0
o241	313.0	319.0	647.0	588.0	585.0	269.0	543.0	597.0	567.0	296.0	290.0	291.0	625.0	0.0	317.0	624.0	604.0	320.0	311.0	628.0	628.0	569.0	327.0	544.0	612.0	288.0	285.0	0.0	273.0	293.0	287.0	292.0	628.0	312.0	640.0	607.0	301.0	594.0	567.0	0.0	566.0	305.0	0.0	569.0	644.0	589.0	596.0	296.0	588.0	0.0
o242	0.0	0.0	308.0	0.0	0.0	307.0	0.0	0.0	0.0	289.0	585.0	0.0	0.0	0.0	294.0	310.0	280.0	0.0	0.0	0.0	0.0	0.0	617.0	289.0	0.0	0.0	292.0	0.0	578.0	0.0	0.0	0.0	316.0	0.0	638.0	283.0	0.0	267.0	0.0	600.0	0.0	0.0	0.0	0.0	324.0	0.0	0.0	317.0	276.0	626.0