# Constructed from biom file
#OTU ID	s0	s1	s2	s3	s4	s5	s6	s7	s8	s9	s10	s11	s12	s13	s14	s15	s16	s17	s18	s19	s20	s21	s22	s23	s24	s25	s26	s27	s28	s29	s30	s31	s32	s33	s34	s35	s36	s37	s38	s39	s40	s41	s42	s43	s44	s45	s46	s47	s48	s49
o0	150.0	169.0	181.0	193.0	204.0	214.0	223.0	231.0	238.0	243.0	247.0	249.0	250.0	249.0	246.0	242.0	237.0	230.0	221.0	212.0	201.0	190.0	178.0	166.0	153.0	140.0	128.0	116.0	104.0	93.0	83.0	74.0	67.0	60.0	55.0	52.0	50.0	50.0	52.0	55.0	59.0	65.0	72.0	81.0	91.0	101.0	113.0	125.0	137.0	150.0
o1	150.0	0.0	181.0	193.0	0.0	214.0	0.0	231.0	238.0	243.0	0.0	0.0	250.0	249.0	246.0	0.0	0.0	230.0	221.0	212.0	201.0	190.0	0.0	166.0	153.0	0.0	128.0	116.0	104.0	93.0	83.0	74.0	0.0	60.0	55.0	52.0	0.0	50.0	0.0	55.0	59.0	65.0	72.0	81.0	91.0	101.0	113.0	0.0	0.0	0.0
o2	150.0	169.0	0.0	0.0	0.0	0.0	0.0	0.0	238.0	243.0	0.0	0.0	0.0	249.0	246.0	0.0	0.0	0.0	0.0	0.0	0.0	0.0	178.0	166.0	0.0	0.0	0.0	0.0	0.0	0.0	0.0	0.0	0.0	0.0	0.0	52.0	0.0	0.0	0.0	0.0	0.0	0.0	0.0	81.0	91.0	0.0	0.0	0.0	137.0	150.0
o3	151.0	161.0	190.0	180.0	179.0	202.0	209.0	228.0	250.0	249.0	259.0	230.0	242.0	265.0	234.0	240.0	243.0	252.0	246.0	215.0	188.0	195.0	185.0	143.0	165.0	139.0	106.0	129.0	122.0	94.0	83.0	81.0	45.0	80.0	72.0	46.0	62.0	74.0	39.0	54.0	55.0	66.0	72.0	70.0	107.0	80.0	110.0	122.0	151.0	157.0
o4	161.0	173.0	206.0	202.0	205.0	218.0	239.0	0.0	0.0	0.0	227.0	226.0	237.0	0.0	249.0	244.0	233.0	0.0	0.0	0.0	0.0	0.0	0.0	173.0	160.0	159.0	151.0	103.0	0.0	86.0	89.0	84.0	58.0	81.0	58.0	60.0	60.0	0.0	28.0	38.0	0.0	61.0	72.0	65.0	108.0	114.0	0.0	0.0	140.0	128.0
o5	0.0	0.0	0.0	0.0	0.0	191.0	0.0	0.0	0.0	0.0	259.0	0.0	259.0	0.0	243.0	0.0	0.0	0.0	0.0	215.0	0.0	0.0	0.0	153.0	0.0	0.0	0.0	98.0	105.0	0.0	68.0	0.0	0.0	0.0	0.0	50.0	0.0	0.0	0.0	0.0	79.0	64.0	0.0	0.0	0.0	106.0	0.0	0.0	0.0	0.0
o6	192.0	180.0	144.0	191.0	216.0	224.0	206.0	266.0	282.0	266.0	274.0	231.0	259.0	207.0	250.0	237.0	260.0	223.0	250.0	256.0	168.0	176.0	148.0	200.0	123.0	143.0	156.0	79.0	89.0	132.0	43.0	75.0	89.0	72.0	67.0	90.0	73.0	24.0	45.0	15.0	91.0	42.0	101.0	97.0	138.0	73.0	156.0	121.0	141.0	169.0
o7	0.0	0.0	217.0	187.0	159.0	0.0	177.0	0.0	271.0	263.0	262.0	290.0	0.0	0.0	249.0	264.0	189.0	0.0	212.0	223.0	158.0	185.0	211.0	0.0	127.0	0.0	79.0	87.0	59.0	0.0	79.0	72.0	77.0	0.0	0.0	82.0	37.0	75.0	9.0	0.0	63.0	0.0	107.0	125.0	0.0	75.0	138.0	150.0	161.0	152.0
o8	0.0	122.0	0.0	0.0	0.0	0.0	0.0	0.0	233.0	0.0	0.0	0.0	0.0	0.0	0.0	261.0	0.0	209.0	0.0	170.0	203.0	0.0	0.0	0.0	0.0	0.0	0.0	0.0	0.0	0.0	81.0	80.0	0.0	94.0	0.0	0.0	5.0	0.0	0.0	0.0	0.0	56.0	0.0	0.0	104.0	0.0	0.0	0.0	0.0	195.0
o9	221.0	233.0	239.0	244.0	248.0	250.0	250.0	249.0	246.0	241.0	235.0	228.0	220.0	210.0	199.0	188.0	176.0	163.0	151.0	138.0	126.0	114.0	102.0	91.0	82.0	73.0	65.0	59.0	55.0	52.0	50.0	50.0	52.0	55.0	60.0	66.0	74.0	83.0	93.0	103.0	115.0	127.0	140.0	152.0	165.0	177.0	189.0	201.0	211.0	221.0
o10	221.0	0.0	0.0	0.0	248.0	250.0	250.0	0.0	246.0	0.0	235.0	228.0	220.0	210.0	199.0	188.0	176.0	163.0	0.0	138.0	126.0	114.0	0.0	91.0	82.0	0.0	0.0	59.0	0.0	52.0	50.0	50.0	52.0	55.0	0.0	66.0	74.0	83.0	93.0	0.0	115.0	127.0	0.0	152.0	0.0	177.0	189.0	0.0	211.0	221.0
o11	0.0	233.0	239.0	0.0	0.0	0.0	0.0	0.0	246.0	0.0	0.0	0.0	0.0	210.0	199.0	0.0	0.0	0.0	151.0	0.0	0.0	0.0	0.0	0.0	82.0	0.0	0.0	0.0	0.0	0.0	50.0	0.0	0.0	0.0	0.0	0.0	74.0	0.0	0.0	0.0	0.0	127.0	0.0	0.0	0.0	0.0	189.0	201.0	0.0	221.0
o12	213.0	250.0	242.0	267.0	236.0	227.0	267.0	236.0	240.0	231.0	214.0	225.0	195.0	193.0	217.0	188.0	170.0	172.0	131.0	147.0	104.0	128.0	86.0	73.0	82.0	93.0	60.0	35.0	57.0	34.0	55.0	48.0	43.0	32.0	46.0	66.0	92.0	85.0	104.0	85.0	130.0	139.0	124.0	171.0	156.0	196.0	188.0	222.0	202.0	229.0
o13	245.0	223.0	239.0	264.0	0.0	257.0	227.0	247.0	0.0	256.0	237.0	224.0	222.0	0.0	220.0	184.0	169.0	183.0	0.0	115.0	0.0	0.0	87.0	71.0	90.0	64.0	0.0	83.0	52.0	76.0	37.0	50.0	0.0	67.0	0.0	0.0	0.0	0.0	71.0	111.0	0.0	0.0	126.0	156.0	179.0	191.0	214.0	177.0	0.0	237.0
o14	196.0	0.0	256.0	0.0	225.0	0.0	0.0	0.0	0.0	0.0	0.0	0.0	225.0	0.0	0.0	0.0	0.0	0.0	0.0	0.0	0.0	136.0	0.0	0.0	0.0	0.0	61.0	0.0	65.0	0.0	0.0	0.0	0.0	0.0	39.0	0.0	0.0	0.0	113.0	120.0	0.0	0.0	0.0	158.0	0.0	0.0	0.0	181.0	0.0	236.0
o15	187.0	226.0	267.0	218.0	279.0	291.0	203.0	296.0	218.0	194.0	236.0	223.0	178.0	164.0	208.0	194.0	133.0	182.0	102.0	92.0	159.0	77.0	145.0	76.0	108.0	29.0	40.0	29.0	59.0	66.0	91.0	14.0	30.0	58.0	56.0	84.0	60.0	52.0	129.0	93.0	153.0	117.0	175.0	184.0	176.0	198.0	168.0	228.0	211.0	238.0
o16	0.0	0.0	0.0	240.0	0.0	201.0	287.0	0.0	0.0	0.0	270.0	185.0	265.0	232.0	221.0	208.0	0.0	213.0	155.0	145.0	0.0	96.0	57.0	67.0	65.0	94.0	89.0	99.0	46.0	19.0	0.0	0.0	14.0	28.0	44.0	0.0	54.0	130.0	133.0	148.0	0.0	0.0	100.0	108.0	205.0	0.0	201.0	160.0	256.0	217.0
o17	0.0	207.0	217.0	0.0	0.0	0.0	252.0	0.0	0.0	0.0	0.0	0.0	0.0	0.0	0.0	0.0	0.0	174.0	0.0	0.0	0.0	0.0	0.0	0.0	0.0	0.0	111.0	0.0	93.0	0.0	0.0	0.0	86.0	21.0	0.0	52.0	0.0	0.0	0.0	139.0	0.0	82.0	145.0	0.0	0.0	0.0	0.0	0.0	0.0	239.0
o18	250.0	248.0	245.0	240.0	234.0	227.0	218.0	208.0	197.0	186.0	174.0	161.0	148.0	136.0	123.0	111.0	100.0	89.0	80.0	71.0	64.0	58.0	54.0	51.0	50.0	50.0	52.0	56.0	61.0	68.0	75.0	85.0	95.0	106.0	117.0	130.0	142.0	155.0	167.0	180.0	192.0	203.0	213.0	222.0	231.0	237.0	243.0	247.0	249.0	250.0
o19	250.0	248.0	245.0	240.0	0.0	227.0	218.0	208.0	197.0	186.0	174.0	0.0	0.0	0.0	123.0	111.0	100.0	0.0	80.0	0.0	64.0	0.0	54.0	51.0	50.0	50.0	52.0	56.0	61.0	68.0	75.0	0.0	0.0	0.0	117.0	0.0	142.0	155.0	0.0	180.0	192.0	203.0	0.0	222.0	231.0	237.0	243.0	247.0	0.0	0.0
o20	250.0	0.0	0.0	0.0	234.0	0.0	218.0	208.0	0.0	186.0	174.0	0.0	0.0	0.0	123.0	0.0	100.0	0.0	0.0	0.0	0.0	0.0	54.0	0.0	0.0	0.0	0.0	0.0	0.0	68.0	0.0	0.0	95.0	0.0	0.0	0.0	0.0	155.0	0.0	0.0	0.0	0.0	0.0	222.0	0.0	0.0	0.0	0.0	0.0	0.0
o21	267.0	243.0	226.0	228.0	220.0	249.0	200.0	215.0	210.0	184.0	163.0	144.0	125.0	135.0	131.0	106.0	98.0	107.0	62.0	70.0	62.0	49.0	36.0	34.0	73.0	47.0	36.0	36.0	79.0	75.0	95.0	86.0	101.0	107.0	113.0	147.0	138.0	161.0	157.0	175.0	208.0	186.0	214.0	198.0	244.0	230.0	263.0	232.0	240.0	242.0
o22	0.0	263.0	266.0	0.0	219.0	204.0	0.0	0.0	179.0	200.0	163.0	168.0	150.0	0.0	135.0	0.0	97.0	0.0	102.0	0.0	53.0	49.0	36.0	73.0	0.0	45.0	56.0	54.0	60.0	0.0	55.0	88.0	0.0	83.0	126.0	152.0	161.0	0.0	169.0	198.0	197.0	0.0	216.0	0.0	209.0	219.0	0.0	230.0	272.0	231.0
o23	0.0	0.0	0.0	0.0	0.0	0.0	0.0	0.0	0.0	0.0	0.0	0.0	0.0	0.0	99.0	136.0	0.0	0.0	86.0	0.0	67.0	0.0	37.0	38.0	50.0	68.0	0.0	0.0	0.0	0.0	0.0	0.0	0.0	0.0	105.0	0.0	0.0	0.0	0.0	0.0	171.0	0.0	0.0	0.0	223.0	0.0	0.0	257.0	0.0	228.0
o24	205.0	201.0	231.0	231.0	188.0	186.0	262.0	230.0	212.0	154.0	160.0	113.0	163.0	132.0	125.0	80.0	129.0	91.0	129.0	79.0	64.0	61.0	91.0	47.0	72.0	44.0	49.0	15.0	104.0	103.0	41.0	96.0	142.0	93.0	86.0	123.0	119.0	108.0	129.0	139.0	230.0	211.0	220.0	200.0	224.0	230.0	232.0	212.0	204.0	230.0
o25	238.0	200.0	0.0	191.0	244.0	227.0	213.0	203.0	0.0	233.0	219.0	140.0	0.0	117.0	168.0	0.0	132.0	124.0	0.0	0.0	0.0	0.0	25.0	20.0	61.0	19.0	0.0	93.0	54.0	86.0	0.0	55.0	58.0	154.0	158.0	81.0	0.0	128.0	177.0	180.0	177.0	216.0	0.0	0.0	188.0	218.0	287.0	270.0	0.0	0.0
o26	0.0	0.0	0.0	0.0	0.0	265.0	0.0	0.0	151.0	0.0	0.0	0.0	0.0	0.0	140.0	0.0	0.0	108.0	0.0	0.0	89.0	0.0	74.0	0.0	0.0	0.0	0.0	0.0	0.0	68.0	0.0	103.0	60.0	64.0	0.0	121.0	140.0	0.0	0.0	0.0	0.0	0.0	0.0	0.0	0.0	0.0	0.0	248.0	0.0	0.0
o27	150.0	159.0	166.0	171.0	177.0	182.0	187.0	191.0	194.0	197.0	199.0	200.0	200.0	199.0	198.0	196.0	193.0	190.0	186.0	181.0	176.0	170.0	164.0	158.0	152.0	145.0	139.0	133.0	127.0	122.0	117.0	112.0	108.0	105.0	103.0	101.0	100.0	100.0	101.0	102.0	105.0	108.0	111.0	115.0	120.0	126.0	131.0	137.0	144.0	150.0
o28	0.0	159.0	0.0	0.0	177.0	182.0	187.0	0.0	194.0	197.0	199.0	200.0	200.0	199.0	198.0	0.0	0.0	190.0	186.0	181.0	176.0	170.0	0.0	158.0	152.0	0.0	0.0	133.0	127.0	122.0	117.0	112.0	0.0	105.0	103.0	101.0	0.0	100.0	0.0	102.0	105.0	108.0	111.0	0.0	120.0	126.0	0.0	137.0	0.0	150.0
o29	0.0	0.0	166.0	0.0	0.0	0.0	0.0	0.0	0.0	0.0	199.0	0.0	0.0	0.0	198.0	0.0	0.0	0.0	0.0	0.0	176.0	0.0	164.0	158.0	0.0	0.0	0.0	0.0	127.0	122.0	0.0	112.0	108.0	0.0	0.0	0.0	0.0	0.0	101.0	0.0	0.0	0.0	0.0	0.0	0.0	126.0	0.0	137.0	0.0	0.0
o30	139.0	157.0	167.0	165.0	178.0	179.0	184.0	202.0	189.0	196.0	210.0	200.0	211.0	198.0	197.0	203.0	193.0	194.0	185.0	169.0	181.0	181.0	160.0	156.0	162.0	153.0	151.0	142.0	124.0	121.0	125.0	123.0	120.0	118.0	97.0	104.0	109.0	106.0	96.0	95.0	96.0	99.0	113.0	127.0	118.0	137.0	131.0	147.0	149.0	151.0
o31	155.0	151.0	0.0	0.0	188.0	181.0	0.0	197.0	192.0	0.0	0.0	197.0	0.0	195.0	201.0	0.0	181.0	202.0	186.0	182.0	185.0	167.0	173.0	149.0	156.0	149.0	143.0	0.0	0.0	0.0	107.0	109.0	0.0	111.0	98.0	108.0	96.0	94.0	101.0	114.0	0.0	95.0	109.0	113.0	115.0	0.0	140.0	0.0	138.0	0.0
o32	144.0	0.0	156.0	0.0	169.0	0.0	194.0	0.0	0.0	0.0	0.0	0.0	192.0	0.0	0.0	0.0	0.0	202.0	0.0	0.0	175.0	0.0	0.0	0.0	0.0	0.0	0.0	0.0	122.0	0.0	0.0	121.0	0.0	101.0	0.0	0.0	0.0	0.0	0.0	0.0	0.0	0.0	0.0	0.0	121.0	120.0	0.0	0.0	0.0	154.0
o33	130.0	157.0	166.0	176.0	196.0	175.0	203.0	167.0	175.0	180.0	183.0	183.0	194.0	206.0	179.0	174.0	200.0	178.0	208.0	195.0	168.0	168.0	155.0	146.0	140.0	151.0	140.0	126.0	114.0	134.0	107.0	132.0	115.0	107.0	110.0	113.0	94.0	92.0	100.0	82.0	107.0	96.0	112.0	123.0	140.0	111.0	109.0	117.0	130.0	128.0
o34	0.0	161.0	169.0	164.0	163.0	160.0	166.0	203.0	172.0	204.0	0.0	0.0	0.0	0.0	0.0	183.0	170.0	208.0	173.0	0.0	164.0	162.0	154.0	156.0	169.0	0.0	148.0	138.0	0.0	146.0	99.0	135.0	127.0	85.0	120.0	0.0	100.0	0.0	115.0	111.0	85.0	0.0	0.0	93.0	105.0	148.0	0.0	129.0	0.0	128.0
o35	0.0	183.0	0.0	0.0	0.0	0.0	0.0	0.0	0.0	0.0	0.0	0.0	193.0	0.0	0.0	0.0	191.0	0.0	200.0	160.0	0.0	0.0	169.0	0.0	0.0	0.0	0.0	0.0	113.0	0.0	0.0	130.0	0.0	114.0	0.0	114.0	88.0	0.0	0.0	0.0	0.0	0.0	126.0	0.0	0.0	0.0	138.0	0.0	0.0	0.0
o36	185.0	191.0	195.0	197.0	199.0	200.0	200.0	199.0	198.0	196.0	193.0	189.0	185.0	180.0	175.0	169.0	163.0	157.0	150.0	144.0	138.0	132.0	126.0	121.0	116.0	111.0	108.0	105.0	102.0	101.0	100.0	100.0	101.0	103.0	105.0	108.0	112.0	116.0	121.0	127.0	133.0	139.0	145.0	151.0	158.0	164.0	170.0	175.0	181.0	185.0
o37	185.0	0.0	195.0	197.0	199.0	200.0	200.0	199.0	198.0	0.0	0.0	189.0	0.0	0.0	175.0	169.0	163.0	157.0	150.0	144.0	0.0	0.0	126.0	121.0	0.0	111.0	108.0	105.0	102.0	101.0	100.0	0.0	0.0	103.0	105.0	108.0	112.0	116.0	121.0	0.0	0.0	139.0	145.0	151.0	0.0	164.0	0.0	175.0	0.0	185.0
o38	185.0	0.0	0.0	0.0	199.0	0.0	0.0	0.0	0.0	196.0	0.0	189.0	0.0	0.0	0.0	0.0	0.0	0.0	0.0	0.0	0.0	132.0	126.0	0.0	0.0	0.0	0.0	0.0	0.0	0.0	0.0	0.0	0.0	0.0	105.0	108.0	0.0	0.0	0.0	127.0	0.0	139.0	145.0	0.0	0.0	0.0	0.0	0.0	181.0	185.0
o39	190.0	190.0	200.0	207.0	211.0	201.0	190.0	189.0	187.0	203.0	205.0	184.0	189.0	190.0	179.0	178.0	152.0	152.0	139.0	144.0	145.0	121.0	126.0	128.0	105.0	112.0	99.0	109.0	110.0	110.0	111.0	96.0	109.0	106.0	98.0	107.0	111.0	125.0	111.0	133.0	130.0	127.0	148.0	140.0	151.0	164.0	158.0	167.0	169.0	191.0
o40	0.0	0.0	188.0	194.0	200.0	193.0	0.0	190.0	201.0	204.0	189.0	188.0	192.0	0.0	0.0	158.0	164.0	156.0	157.0	148.0	146.0	123.0	0.0	0.0	114.0	111.0	114.0	100.0	108.0	112.0	89.0	107.0	0.0	0.0	113.0	0.0	119.0	122.0	0.0	0.0	139.0	129.0	0.0	144.0	162.0	155.0	0.0	0.0	184.0	177.0
o41	0.0	0.0	0.0	0.0	0.0	198.0	0.0	0.0	192.0	0.0	0.0	185.0	191.0	0.0	0.0	179.0	0.0	0.0	0.0	0.0	146.0	0.0	0.0	0.0	0.0	119.0	0.0	0.0	91.0	0.0	0.0	0.0	0.0	114.0	0.0	96.0	0.0	0.0	0.0	0.0	0.0	0.0	0.0	0.0	0.0	159.0	160.0	170.0	0.0	0.0
o42	191.0	216.0	174.0	222.0	203.0	175.0	202.0	219.0	197.0	219.0	216.0	180.0	197.0	182.0	182.0	164.0	146.0	141.0	135.0	145.0	136.0	153.0	119.0	98.0	97.0	123.0	119.0	103.0	119.0	90.0	121.0	114.0	77.0	123.0	123.0	131.0	116.0	110.0	142.0	139.0	131.0	127.0	162.0	158.0	164.0	181.0	190.0	163.0	203.0	196.0
o43	0.0	194.0	0.0	205.0	201.0	185.0	204.0	0.0	183.0	184.0	0.0	206.0	192.0	157.0	198.0	176.0	0.0	154.0	140.0	132.0	0.0	0.0	123.0	137.0	132.0	0.0	128.0	107.0	106.0	88.0	87.0	115.0	114.0	87.0	88.0	131.0	0.0	0.0	134.0	0.0	109.0	0.0	163.0	161.0	147.0	183.0	0.0	182.0	0.0	0.0
o44	0.0	0.0	0.0	189.0	222.0	0.0	0.0	0.0	194.0	189.0	0.0	0.0	0.0	0.0	0.0	0.0	0.0	139.0	160.0	0.0	0.0	126.0	0.0	0.0	0.0	89.0	109.0	0.0	0.0	0.0	89.0	0.0	82.0	0.0	0.0	0.0	0.0	97.0	0.0	0.0	0.0	0.0	0.0	157.0	0.0	0.0	0.0	0.0	0.0	0.0
o45	200.0	199.0	198.0	195.0	192.0	188.0	184.0	179.0	174.0	168.0	162.0	156.0	149.0	143.0	137.0	131.0	125.0	120.0	115.0	111.0	107.0	104.0	102.0	101.0	100.0	100.0	101.0	103.0	106.0	109.0	113.0	117.0	122.0	128.0	134.0	140.0	146.0	152.0	159.0	165.0	171.0	176.0	182.0	186.0	190.0	194.0	196.0	198.0	200.0	200.0
o46	200.0	199.0	198.0	0.0	0.0	188.0	184.0	179.0	0.0	0.0	0.0	0.0	149.0	143.0	0.0	131.0	125.0	120.0	0.0	111.0	107.0	104.0	102.0	0.0	100.0	100.0	101.0	0.0	106.0	0.0	113.0	117.0	122.0	128.0	134.0	0.0	146.0	152.0	0.0	165.0	171.0	176.0	182.0	186.0	0.0	0.0	196.0	198.0	200.0	200.0
o47	0.0	0.0	0.0	0.0	0.0	0.0	0.0	0.0	174.0	168.0	162.0	0.0	0.0	143.0	0.0	131.0	0.0	0.0	0.0	111.0	107.0	0.0	102.0	0.0	0.0	0.0	101.0	0.0	0.0	0.0	0.0	0.0	0.0	128.0	0.0	0.0	0.0	0.0	0.0	0.0	0.0	176.0	0.0	0.0	0.0	194.0	196.0	0.0	0.0	0.0
o48	205.0	197.0	201.0	198.0	202.0	179.0	196.0	187.0	163.0	172.0	163.0	153.0	152.0	146.0	141.0	141.0	125.0	121.0	105.0	107.0	112.0	102.0	104.0	98.0	112.0	110.0	95.0	97.0	105.0	103.0	106.0	114.0	122.0	116.0	136.0	135.0	138.0	142.0	162.0	175.0	172.0	188.0	169.0	186.0	188.0	183.0	192.0	186.0	198.0	206.0
o49	0.0	0.0	0.0	190.0	184.0	0.0	0.0	183.0	173.0	167.0	151.0	158.0	142.0	136.0	145.0	142.0	119.0	123.0	109.0	105.0	100.0	106.0	0.0	112.0	111.0	107.0	92.0	100.0	0.0	107.0	0.0	118.0	126.0	121.0	0.0	0.0	138.0	140.0	168.0	0.0	167.0	184.0	185.0	0.0	186.0	0.0	194.0	0.0	0.0	206.0
o50	212.0	0.0	0.0	0.0	183.0	0.0	0.0	0.0	0.0	165.0	0.0	0.0	0.0	0.0	0.0	140.0	0.0	123.0	0.0	0.0	95.0	0.0	0.0	103.0	0.0	0.0	0.0	0.0	94.0	0.0	0.0	0.0	0.0	0.0	0.0	0.0	139.0	0.0	153.0	177.0	0.0	0.0	0.0	187.0	0.0	0.0	0.0	189.0	0.0	0.0
o51	208.0	199.0	198.0	183.0	191.0	164.0	178.0	188.0	161.0	187.0	165.0	163.0	142.0	121.0	156.0	132.0	108.0	115.0	93.0	132.0	115.0	103.0	110.0	87.0	106.0	90.0	85.0	90.0	96.0	112.0	93.0	136.0	98.0	152.0	130.0	125.0	129.0	151.0	161.0	174.0	191.0	169.0	165.0	174.0	190.0	202.0	191.0	204.0	190.0	210.0
o52	213.0	182.0	186.0	183.0	214.0	173.0	0.0	167.0	197.0	158.0	168.0	170.0	151.0	0.0	141.0	0.0	102.0	143.0	106.0	124.0	0.0	0.0	0.0	106.0	112.0	0.0	105.0	91.0	0.0	101.0	0.0	0.0	126.0	109.0	132.0	130.0	171.0	171.0	182.0	0.0	0.0	156.0	187.0	0.0	208.0	0.0	211.0	204.0	0.0	217.0
o53	0.0	0.0	0.0	0.0	170.0	0.0	0.0	168.0	192.0	0.0	0.0	0.0	0.0	148.0	0.0	0.0	0.0	137.0	0.0	114.0	115.0	0.0	0.0	0.0	91.0	0.0	0.0	127.0	0.0	0.0	0.0	0.0	0.0	0.0	126.0	0.0	155.0	0.0	0.0	0.0	0.0	0.0	0.0	0.0	0.0	199.0	0.0	0.0	0.0	203.0
o54	150.0	155.0	158.0	161.0	164.0	166.0	168.0	170.0	172.0	173.0	174.0	175.0	175.0	175.0	174.0	173.0	172.0	170.0	168.0	165.0	163.0	160.0	157.0	154.0	151.0	148.0	144.0	141.0	139.0	136.0	133.0	131.0	129.0	128.0	126.0	126.0	125.0	125.0	125.0	126.0	127.0	129.0	131.0	133.0	135.0	138.0	141.0	144.0	147.0	150.0
o55	150.0	155.0	158.0	161.0	164.0	166.0	0.0	170.0	0.0	173.0	0.0	175.0	175.0	175.0	174.0	173.0	0.0	170.0	0.0	0.0	163.0	160.0	157.0	154.0	151.0	148.0	0.0	141.0	139.0	136.0	133.0	131.0	129.0	128.0	0.0	126.0	0.0	0.0	125.0	0.0	0.0	129.0	0.0	133.0	0.0	138.0	141.0	0.0	147.0	150.0
o56	0.0	0.0	0.0	161.0	164.0	0.0	0.0	0.0	0.0	0.0	0.0	175.0	0.0	175.0	174.0	0.0	0.0	0.0	0.0	0.0	0.0	0.0	157.0	154.0	0.0	148.0	0.0	0.0	0.0	0.0	0.0	0.0	0.0	128.0	0.0	0.0	125.0	0.0	0.0	126.0	0.0	129.0	0.0	0.0	135.0	0.0	0.0	0.0	0.0	0.0
o57	154.0	154.0	160.0	158.0	168.0	165.0	162.0	165.0	169.0	168.0	173.0	174.0	177.0	176.0	180.0	173.0	167.0	174.0	169.0	162.0	169.0	155.0	163.0	152.0	146.0	142.0	147.0	146.0	143.0	131.0	129.0	132.0	134.0	127.0	124.0	122.0	127.0	128.0	125.0	121.0	125.0	125.0	129.0	138.0	137.0	133.0	143.0	142.0	144.0	152.0
o58	0.0	155.0	160.0	160.0	0.0	164.0	167.0	174.0	174.0	0.0	173.0	171.0	0.0	0.0	169.0	0.0	174.0	0.0	170.0	170.0	157.0	158.0	0.0	151.0	150.0	0.0	140.0	138.0	140.0	142.0	0.0	135.0	126.0	127.0	130.0	127.0	122.0	0.0	127.0	0.0	130.0	129.0	137.0	132.0	131.0	0.0	140.0	0.0	0.0	152.0
o59	0.0	150.0	0.0	0.0	163.0	0.0	0.0	0.0	0.0	0.0	0.0	0.0	175.0	179.0	171.0	0.0	170.0	0.0	165.0	160.0	0.0	0.0	161.0	0.0	0.0	0.0	0.0	0.0	141.0	0.0	138.0	0.0	0.0	0.0	0.0	0.0	0.0	0.0	0.0	0.0	0.0	0.0	0.0	128.0	0.0	0.0	136.0	0.0	0.0	0.0
o60	144.0	163.0	164.0	160.0	166.0	169.0	156.0	167.0	182.0	181.0	176.0	172.0	166.0	169.0	185.0	171.0	160.0	162.0	174.0	172.0	171.0	148.0	155.0	142.0	149.0	140.0	144.0	142.0	141.0	131.0	132.0	138.0	119.0	117.0	119.0	118.0	136.0	131.0	113.0	123.0	136.0	130.0	139.0	132.0	132.0	137.0	152.0	150.0	151.0	154.0
o61	146.0	0.0	153.0	153.0	168.0	158.0	0.0	176.0	176.0	174.0	164.0	0.0	164.0	181.0	0.0	0.0	165.0	0.0	0.0	158.0	158.0	159.0	0.0	166.0	139.0	0.0	0.0	136.0	139.0	0.0	0.0	0.0	120.0	125.0	125.0	120.0	121.0	114.0	134.0	136.0	139.0	123.0	0.0	140.0	144.0	143.0	0.0	133.0	156.0	150.0
o62	148.0	0.0	0.0	0.0	0.0	0.0	171.0	0.0	0.0	0.0	167.0	0.0	0.0	0.0	183.0	0.0	0.0	0.0	0.0	0.0	0.0	154.0	0.0	0.0	155.0	0.0	0.0	0.0	0.0	129.0	0.0	0.0	131.0	0.0	0.0	0.0	0.0	119.0	0.0	0.0	0.0	0.0	127.0	126.0	132.0	131.0	0.0	0.0	0.0	0.0
o63	168.0	171.0	172.0	174.0	174.0	175.0	175.0	175.0	174.0	173.0	171.0	170.0	167.0	165.0	162.0	159.0	156.0	153.0	150.0	147.0	144.0	141.0	138.0	135.0	133.0	131.0	129.0	127.0	126.0	125.0	125.0	125.0	125.0	126.0	128.0	129.0	131.0	133.0	136.0	138.0	141.0	144.0	147.0	151.0	154.0	157.0	160.0	163.0	165.0	168.0
o64	168.0	0.0	172.0	174.0	0.0	175.0	0.0	175.0	174.0	173.0	171.0	170.0	167.0	0.0	162.0	0.0	156.0	153.0	150.0	147.0	144.0	0.0	138.0	135.0	133.0	0.0	129.0	127.0	126.0	0.0	125.0	0.0	0.0	0.0	128.0	0.0	131.0	133.0	136.0	138.0	141.0	144.0	147.0	0.0	154.0	157.0	0.0	163.0	0.0	168.0
o65	0.0	171.0	0.0	0.0	174.0	175.0	0.0	0.0	0.0	0.0	0.0	0.0	167.0	0.0	0.0	0.0	0.0	0.0	150.0	0.0	0.0	0.0	0.0	0.0	0.0	0.0	0.0	127.0	126.0	125.0	0.0	0.0	125.0	0.0	128.0	0.0	0.0	0.0	0.0	0.0	0.0	144.0	0.0	0.0	0.0	0.0	0.0	0.0	165.0	168.0
o66	164.0	170.0	173.0	170.0	172.0	170.0	178.0	170.0	173.0	168.0	169.0	163.0	173.0	160.0	166.0	163.0	158.0	153.0	151.0	144.0	144.0	147.0	133.0	130.0	138.0	128.0	127.0	130.0	126.0	130.0	125.0	131.0	124.0	128.0	133.0	130.0	133.0	128.0	141.0	143.0	145.0	145.0	150.0	148.0	149.0	151.0	158.0	159.0	167.0	166.0
o67	0.0	176.0	168.0	0.0	0.0	0.0	178.0	168.0	173.0	0.0	174.0	169.0	0.0	164.0	160.0	0.0	157.0	0.0	155.0	150.0	141.0	137.0	140.0	136.0	129.0	0.0	128.0	126.0	0.0	120.0	126.0	126.0	0.0	132.0	0.0	134.0	128.0	136.0	134.0	137.0	142.0	150.0	141.0	0.0	150.0	156.0	0.0	0.0	166.0	171.0
o68	0.0	0.0	0.0	0.0	0.0	0.0	0.0	169.0	0.0	0.0	0.0	0.0	166.0	0.0	0.0	0.0	0.0	0.0	0.0	142.0	0.0	0.0	140.0	0.0	134.0	0.0	0.0	124.0	132.0	121.0	0.0	124.0	122.0	0.0	0.0	0.0	135.0	0.0	0.0	0.0	0.0	140.0	0.0	0.0	0.0	0.0	161.0	0.0	0.0	0.0
o69	163.0	176.0	174.0	165.0	167.0	173.0	168.0	173.0	183.0	168.0	165.0	179.0	162.0	168.0	167.0	157.0	153.0	144.0	148.0	136.0	156.0	129.0	141.0	145.0	121.0	130.0	122.0	121.0	137.0	117.0	125.0	119.0	122.0	135.0	133.0	137.0	128.0	132.0	132.0	146.0	146.0	149.0	151.0	157.0	155.0	150.0	169.0	162.0	174.0	170.0
o70	163.0	165.0	0.0	0.0	179.0	0.0	179.0	176.0	0.0	185.0	178.0	0.0	165.0	165.0	159.0	168.0	0.0	163.0	145.0	156.0	149.0	0.0	0.0	141.0	142.0	119.0	0.0	0.0	125.0	134.0	116.0	116.0	0.0	0.0	0.0	141.0	131.0	139.0	143.0	139.0	145.0	0.0	136.0	142.0	0.0	147.0	162.0	157.0	166.0	173.0
o71	0.0	0.0	0.0	0.0	0.0	0.0	171.0	0.0	0.0	0.0	184.0	166.0	0.0	0.0	155.0	165.0	0.0	164.0	160.0	0.0	0.0	153.0	0.0	0.0	0.0	0.0	0.0	117.0	0.0	129.0	120.0	0.0	0.0	0.0	0.0	0.0	0.0	140.0	144.0	0.0	0.0	0.0	0.0	0.0	0.0	0.0	0.0	0.0	0.0	0.0
o72	175.0	175.0	174.0	173.0	171.0	169.0	167.0	165.0	162.0	159.0	156.0	153.0	150.0	146.0	143.0	140.0	138.0	135.0	132.0	130.0	129.0	127.0	126.0	125.0	125.0	125.0	126.0	127.0	128.0	129.0	131.0	134.0	136.0	139.0	142.0	145.0	148.0	151.0	154.0	157.0	160.0	163.0	166.0	168.0	170.0	172.0	173.0	174.0	175.0	175.0
o73	175.0	0.0	174.0	173.0	0.0	169.0	167.0	0.0	0.0	159.0	156.0	153.0	150.0	146.0	143.0	0.0	138.0	0.0	132.0	130.0	0.0	127.0	126.0	0.0	125.0	125.0	0.0	127.0	0.0	0.0	131.0	0.0	136.0	139.0	0.0	145.0	148.0	151.0	154.0	157.0	160.0	0.0	166.0	168.0	0.0	172.0	173.0	174.0	175.0	175.0
o74	0.0	0.0	0.0	173.0	0.0	169.0	0.0	0.0	0.0	0.0	0.0	0.0	150.0	0.0	0.0	0.0	0.0	0.0	0.0	130.0	129.0	0.0	0.0	0.0	125.0	0.0	0.0	0.0	0.0	129.0	131.0	0.0	136.0	0.0	0.0	0.0	148.0	0.0	154.0	0.0	0.0	163.0	166.0	0.0	0.0	0.0	0.0	0.0	0.0	0.0
o75	180.0	171.0	170.0	177.0	177.0	167.0	171.0	160.0	158.0	155.0	153.0	147.0	154.0	143.0	149.0	140.0	140.0	139.0	136.0	126.0	129.0	121.0	125.0	126.0	123.0	131.0	127.0	133.0	128.0	132.0	130.0	137.0	134.0	134.0	147.0	139.0	149.0	148.0	156.0	160.0	159.0	158.0	164.0	167.0	168.0	172.0	171.0	170.0	173.0	178.0
o76	0.0	179.0	170.0	177.0	166.0	0.0	167.0	163.0	163.0	161.0	151.0	159.0	144.0	143.0	0.0	141.0	132.0	131.0	0.0	136.0	129.0	128.0	125.0	121.0	120.0	122.0	0.0	0.0	0.0	130.0	130.0	0.0	139.0	0.0	147.0	150.0	0.0	156.0	0.0	0.0	162.0	0.0	162.0	165.0	164.0	168.0	0.0	176.0	0.0	172.0
o77	0.0	0.0	0.0	0.0	0.0	0.0	0.0	0.0	0.0	0.0	0.0	154.0	145.0	0.0	0.0	146.0	0.0	0.0	0.0	0.0	0.0	0.0	0.0	121.0	0.0	0.0	125.0	129.0	0.0	128.0	0.0	136.0	0.0	0.0	138.0	140.0	0.0	0.0	157.0	0.0	0.0	0.0	0.0	0.0	0.0	177.0	177.0	0.0	0.0	0.0
o78	166.0	179.0	181.0	169.0	175.0	164.0	155.0	156.0	152.0	162.0	165.0	163.0	154.0	158.0	139.0	147.0	134.0	127.0	135.0	134.0	126.0	126.0	122.0	121.0	124.0	132.0	119.0	120.0	139.0	139.0	126.0	128.0	140.0	137.0	154.0	149.0	156.0	140.0	143.0	162.0	155.0	171.0	156.0	156.0	182.0	171.0	168.0	169.0	169.0	177.0
o79	167.0	174.0	183.0	0.0	183.0	0.0	162.0	169.0	0.0	154.0	159.0	145.0	139.0	0.0	138.0	0.0	0.0	0.0	122.0	127.0	133.0	120.0	116.0	136.0	137.0	0.0	137.0	0.0	0.0	126.0	125.0	145.0	143.0	131.0	0.0	0.0	152.0	158.0	142.0	0.0	0.0	163.0	175.0	175.0	160.0	0.0	181.0	186.0	173.0	178.0
o80	178.0	0.0	0.0	0.0	0.0	0.0	0.0	170.0	0.0	0.0	0.0	0.0	156.0	0.0	0.0	129.0	0.0	0.0	0.0	0.0	0.0	126.0	0.0	0.0	0.0	0.0	0.0	119.0	0.0	0.0	0.0	128.0	136.0	0.0	0.0	0.0	152.0	163.0	0.0	0.0	0.0	159.0	0.0	0.0	0.0	0.0	0.0	176.0	174.0	0.0
o81	150.0	187.0	209.0	228.0	241.0	248.0	250.0	245.0	233.0	217.0	196.0	172.0	147.0	122.0	99.0	79.0	63.0	54.0	50.0	53.0	62.0	77.0	96.0	119.0	144.0	169.0	193.0	214.0	231.0	243.0	249.0	249.0	242.0	230.0	212.0	190.0	166.0	140.0	116.0	93.0	74.0	60.0	52.0	50.0	55.0	65.0	81.0	101.0	125.0	150.0
o82	150.0	0.0	0.0	0.0	241.0	248.0	250.0	0.0	233.0	217.0	196.0	172.0	147.0	122.0	99.0	79.0	0.0	54.0	50.0	0.0	62.0	77.0	96.0	119.0	144.0	169.0	193.0	0.0	0.0	0.0	0.0	249.0	0.0	230.0	212.0	190.0	166.0	140.0	116.0	93.0	74.0	60.0	0.0	50.0	0.0	65.0	81.0	0.0	125.0	0.0
o83	0.0	0.0	0.0	0.0	241.0	0.0	0.0	0.0	0.0	0.0	196.0	172.0	0.0	0.0	0.0	0.0	63.0	0.0	0.0	53.0	0.0	77.0	0.0	0.0	0.0	0.0	0.0	0.0	0.0	0.0	0.0	249.0	242.0	230.0	212.0	0.0	166.0	0.0	0.0	0.0	0.0	60.0	0.0	0.0	0.0	0.0	0.0	101.0	0.0	0.0
o84	145.0	197.0	199.0	247.0	249.0	248.0	252.0	260.0	212.0	233.0	194.0	170.0	162.0	121.0	88.0	73.0	86.0	30.0	43.0	30.0	66.0	72.0	76.0	124.0	160.0	160.0	172.0	233.0	213.0	255.0	249.0	256.0	246.0	252.0	211.0	183.0	154.0	132.0	125.0	101.0	96.0	61.0	66.0	67.0	67.0	79.0	67.0	93.0	101.0	167.0
o85	155.0	185.0	0.0	219.0	224.0	0.0	0.0	259.0	218.0	225.0	189.0	152.0	0.0	98.0	112.0	93.0	52.0	55.0	0.0	0.0	50.0	83.0	0.0	97.0	131.0	0.0	179.0	190.0	212.0	0.0	250.0	0.0	218.0	0.0	207.0	200.0	186.0	125.0	124.0	98.0	85.0	75.0	0.0	58.0	61.0	0.0	0.0	100.0	139.0	0.0
o86	0.0	193.0	0.0	238.0	0.0	232.0	0.0	0.0	249.0	0.0	0.0	0.0	0.0	0.0	78.0	100.0	0.0	0.0	0.0	29.0	0.0	0.0	81.0	0.0	0.0	0.0	0.0	0.0	0.0	0.0	0.0	0.0	0.0	215.0	233.0	0.0	0.0	0.0	138.0	0.0	0.0	75.0	42.0	0.0	0.0	0.0	0.0	0.0	0.0	0.0
o87	133.0	204.0	245.0	202.0	248.0	203.0	228.0	291.0	246.0	252.0	169.0	137.0	194.0	99.0	86.0	58.0	33.0	7.0	34.0	89.0	89.0	122.0	128.0	95.0	155.0	166.0	213.0	254.0	266.0	194.0	237.0	235.0	261.0	259.0	248.0	225.0	122.0	172.0	92.0	53.0	94.0	59.0	38.0	91.0	13.0	86.0	117.0	128.0	101.0	192.0
o88	144.0	213.0	259.0	250.0	0.0	255.0	292.0	257.0	264.0	0.0	239.0	209.0	116.0	72.0	89.0	0.0	0.0	98.0	0.0	64.0	0.0	0.0	0.0	114.0	179.0	205.0	0.0	224.0	265.0	293.0	227.0	0.0	0.0	222.0	223.0	203.0	0.0	169.0	108.0	63.0	114.0	46.0	0.0	76.0	28.0	0.0	0.0	128.0	99.0	154.0
o89	0.0	0.0	0.0	0.0	0.0	0.0	0.0	0.0	0.0	244.0	0.0	142.0	0.0	0.0	0.0	0.0	0.0	0.0	0.0	0.0	0.0	0.0	0.0	89.0	0.0	0.0	167.0	240.0	0.0	0.0	0.0	0.0	0.0	0.0	0.0	223.0	0.0	179.0	137.0	0.0	27.0	0.0	0.0	45.0	0.0	84.0	47.0	0.0	0.0	119.0
o90	250.0	243.0	231.0	213.0	192.0	167.0	142.0	117.0	95.0	75.0	61.0	52.0	50.0	54.0	64.0	80.0	100.0	123.0	148.0	174.0	197.0	218.0	234.0	245.0	250.0	248.0	240.0	227.0	208.0	186.0	161.0	136.0	111.0	89.0	71.0	58.0	51.0	50.0	56.0	68.0	85.0	106.0	130.0	155.0	180.0	203.0	222.0	237.0	247.0	250.0
o91	250.0	0.0	0.0	0.0	192.0	167.0	142.0	117.0	95.0	75.0	61.0	0.0	0.0	0.0	64.0	0.0	0.0	0.0	148.0	174.0	197.0	218.0	234.0	245.0	250.0	0.0	240.0	227.0	208.0	186.0	0.0	136.0	111.0	89.0	71.0	58.0	51.0	50.0	0.0	68.0	85.0	0.0	0.0	155.0	180.0	203.0	0.0	237.0	247.0	250.0
o92	0.0	0.0	0.0	213.0	0.0	167.0	0.0	0.0	0.0	0.0	61.0	0.0	0.0	54.0	0.0	80.0	0.0	0.0	0.0	0.0	0.0	0.0	0.0	0.0	0.0	0.0	240.0	227.0	0.0	0.0	0.0	0.0	0.0	0.0	0.0	58.0	0.0	0.0	0.0	0.0	85.0	106.0	130.0	0.0	0.0	203.0	222.0	0.0	0.0	0.0
o93	258.0	235.0	213.0	218.0	175.0	159.0	131.0	134.0	102.0	55.0	49.0	77.0	57.0	64.0	55.0	70.0	84.0	110.0	167.0	186.0	201.0	213.0	229.0	234.0	232.0	227.0	244.0	239.0	186.0	194.0	161.0	142.0	135.0	105.0	76.0	73.0	73.0	75.0	66.0	45.0	103.0	104.0	145.0	150.0	169.0	192.0	212.0	243.0	240.0	239.0
o94	0.0	225.0	241.0	188.0	170.0	0.0	0.0	107.0	104.0	53.0	0.0	33.0	65.0	76.0	68.0	87.0	122.0	134.0	166.0	174.0	173.0	223.0	253.0	236.0	0.0	256.0	219.0	0.0	220.0	0.0	173.0	147.0	98.0	0.0	60.0	65.0	0.0	0.0	54.0	0.0	0.0	0.0	148.0	0.0	194.0	209.0	206.0	218.0	0.0	229.0
o95	0.0	0.0	0.0	0.0	168.0	185.0	0.0	0.0	80.0	0.0	0.0	42.0	0.0	0.0	0.0	66.0	0.0	138.0	0.0	0.0	0.0	0.0	0.0	0.0	0.0	245.0	237.0	0.0	0.0	0.0	0.0	0.0	0.0	106.0	0.0	0.0	0.0	0.0	54.0	0.0	0.0	0.0	0.0	0.0	197.0	0.0	235.0	233.0	0.0	0.0
o96	211.0	263.0	193.0	255.0	155.0	149.0	142.0	166.0	126.0	63.0	46.0	94.0	80.0	47.0	27.0	79.0	98.0	117.0	176.0	165.0	226.0	243.0	191.0	270.0	291.0	237.0	195.0	272.0	217.0	189.0	181.0	104.0	143.0	42.0	86.0	61.0	7.0	65.0	19.0	53.0	35.0	145.0	87.0	105.0	183.0	159.0	192.0	284.0	291.0	285.0
o97	291.0	0.0	229.0	233.0	0.0	0.0	148.0	0.0	74.0	66.0	53.0	22.0	31.0	7.0	24.0	103.0	130.0	110.0	0.0	203.0	234.0	191.0	222.0	0.0	232.0	272.0	193.0	186.0	179.0	178.0	117.0	158.0	85.0	52.0	0.0	70.0	87.0	50.0	84.0	76.0	0.0	74.0	0.0	0.0	0.0	203.0	0.0	0.0	0.0	0.0
o98	268.0	0.0	205.0	0.0	0.0	0.0	141.0	0.0	0.0	0.0	0.0	0.0	44.0	59.0	0.0	0.0	0.0	127.0	0.0	0.0	0.0	0.0	0.0	0.0	274.0	0.0	0.0	0.0	0.0	0.0	202.0	0.0	122.0	0.0	0.0	46.0	0.0	0.0	0.0	0.0	100.0	0.0	0.0	194.0	200.0	0.0	0.0	0.0	0.0	0.0
o99	150.0	113.0	91.0	72.0	59.0	52.0	50.0	55.0	67.0	83.0	104.0	128.0	153.0	178.0	201.0	221.0	237.0	246.0	250.0	247.0	238.0	223.0	204.0	181.0	156.0	131.0	107.0	86.0	69.0	57.0	51.0	51.0	58.0	70.0	88.0	110.0	134.0	160.0	184.0	207.0	226.0	240.0	248.0	250.0	245.0	235.0	219.0	199.0	175.0	150.0
o100	150.0	113.0	91.0	72.0	0.0	52.0	0.0	55.0	67.0	0.0	104.0	0.0	153.0	178.0	201.0	221.0	237.0	246.0	0.0	247.0	0.0	223.0	204.0	181.0	156.0	131.0	107.0	0.0	0.0	57.0	51.0	51.0	0.0	0.0	88.0	110.0	0.0	160.0	184.0	207.0	226.0	0.0	248.0	0.0	245.0	235.0	219.0	0.0	0.0	150.0
o101	150.0	113.0	0.0	72.0	59.0	0.0	0.0	0.0	0.0	0.0	104.0	0.0	153.0	0.0	0.0	221.0	0.0	0.0	0.0	0.0	0.0	0.0	204.0	0.0	0.0	0.0	107.0	86.0	0.0	57.0	0.0	51.0	0.0	0.0	0.0	0.0	0.0	0.0	0.0	0.0	226.0	0.0	0.0	0.0	0.0	0.0	0.0	0.0	0.0	0.0
o102	165.0	129.0	78.0	88.0	43.0	30.0	56.0	38.0	81.0	61.0	100.0	125.0	145.0	173.0	182.0	204.0	237.0	241.0	270.0	227.0	226.0	217.0	202.0	172.0	175.0	134.0	129.0	77.0	46.0	45.0	27.0	59.0	55.0	75.0	72.0	85.0	148.0	155.0	186.0	206.0	225.0	222.0	224.0	243.0	244.0	217.0	210.0	184.0	193.0	129.0
o103	0.0	99.0	75.0	61.0	0.0	0.0	55.0	55.0	51.0	62.0	0.0	104.0	155.0	196.0	0.0	209.0	0.0	267.0	274.0	229.0	0.0	215.0	226.0	164.0	141.0	117.0	0.0	98.0	74.0	36.0	0.0	70.0	0.0	68.0	96.0	103.0	156.0	150.0	0.0	0.0	219.0	0.0	266.0	264.0	243.0	229.0	0.0	175.0	0.0	141.0
o104	0.0	0.0	83.0	0.0	0.0	0.0	0.0	0.0	0.0	0.0	80.0	0.0	0.0	202.0	0.0	0.0	0.0	0.0	0.0	0.0	238.0	0.0	203.0	0.0	161.0	0.0	0.0	0.0	0.0	49.0	0.0	0.0	0.0	0.0	0.0	0.0	115.0	175.0	0.0	222.0	209.0	0.0	267.0	0.0	244.0	0.0	0.0	0.0	0.0	0.0
o105	143.0	99.0	83.0	111.0	84.0	90.0	55.0	76.0	92.0	42.0	147.0	134.0	181.0	166.0	180.0	218.0	210.0	296.0	296.0	250.0	231.0	231.0	163.0	158.0	194.0	89.0	133.0	95.0	91.0	78.0	10.0	8.0	56.0	32.0	75.0	65.0	96.0	133.0	227.0	254.0	197.0	223.0	223.0	212.0	266.0	276.0	263.0	191.0	208.0	130.0
o106	160.0	0.0	0.0	28.0	80.0	0.0	0.0	105.0	49.0	92.0	107.0	143.0	131.0	150.0	0.0	189.0	244.0	221.0	0.0	0.0	0.0	219.0	185.0	204.0	197.0	142.0	83.0	80.0	101.0	61.0	41.0	57.0	81.0	0.0	123.0	64.0	178.0	202.0	0.0	0.0	199.0	261.0	0.0	0.0	244.0	0.0	216.0	225.0	147.0	0.0
o107	0.0	0.0	41.0	0.0	0.0	0.0	75.0	0.0	0.0	61.0	80.0	0.0	0.0	0.0	0.0	0.0	0.0	254.0	0.0	0.0	0.0	0.0	0.0	0.0	0.0	0.0	78.0	0.0	0.0	23.0	0.0	0.0	0.0	0.0	87.0	0.0	0.0	0.0	0.0	0.0	0.0	0.0	0.0	254.0	226.0	0.0	204.0	0.0	206.0	125.0
o108	150.0	169.0	180.0	189.0	195.0	199.0	200.0	197.0	192.0	183.0	173.0	161.0	148.0	136.0	124.0	114.0	107.0	102.0	100.0	101.0	106.0	113.0	123.0	134.0	147.0	159.0	171.0	182.0	191.0	197.0	200.0	199.0	196.0	190.0	181.0	170.0	158.0	145.0	133.0	122.0	112.0	105.0	101.0	100.0	102.0	108.0	115.0	126.0	137.0	150.0
o109	0.0	169.0	180.0	0.0	195.0	199.0	0.0	197.0	192.0	183.0	173.0	161.0	148.0	0.0	124.0	114.0	0.0	102.0	100.0	0.0	0.0	113.0	123.0	134.0	147.0	159.0	171.0	182.0	0.0	0.0	200.0	199.0	196.0	0.0	0.0	170.0	158.0	145.0	133.0	122.0	0.0	105.0	101.0	100.0	0.0	0.0	0.0	126.0	137.0	150.0
o110	0.0	169.0	180.0	0.0	0.0	0.0	0.0	0.0	0.0	0.0	173.0	0.0	148.0	0.0	0.0	0.0	0.0	0.0	0.0	0.0	0.0	0.0	123.0	134.0	147.0	0.0	0.0	0.0	191.0	197.0	0.0	0.0	0.0	0.0	0.0	170.0	0.0	0.0	0.0	0.0	0.0	0.0	0.0	100.0	102.0	108.0	0.0	0.0	0.0	0.0
o111	153.0	165.0	180.0	178.0	193.0	192.0	191.0	190.0	189.0	185.0	181.0	157.0	137.0	126.0	129.0	118.0	105.0	110.0	97.0	93.0	103.0	103.0	119.0	126.0	137.0	169.0	171.0	176.0	182.0	203.0	210.0	204.0	204.0	186.0	177.0	169.0	167.0	158.0	138.0	134.0	113.0	117.0	92.0	106.0	112.0	119.0	119.0	117.0	149.0	159.0
o112	139.0	181.0	167.0	201.0	201.0	191.0	205.0	203.0	189.0	192.0	185.0	0.0	143.0	126.0	113.0	0.0	105.0	0.0	0.0	105.0	107.0	117.0	0.0	0.0	159.0	0.0	0.0	0.0	193.0	186.0	192.0	205.0	200.0	190.0	175.0	174.0	161.0	137.0	121.0	132.0	113.0	117.0	0.0	0.0	97.0	0.0	0.0	0.0	137.0	0.0
o113	0.0	0.0	0.0	0.0	205.0	0.0	200.0	0.0	0.0	0.0	183.0	0.0	144.0	0.0	0.0	0.0	104.0	0.0	0.0	0.0	106.0	125.0	0.0	122.0	139.0	0.0	0.0	0.0	184.0	0.0	0.0	0.0	0.0	200.0	0.0	0.0	0.0	0.0	0.0	0.0	0.0	0.0	0.0	0.0	99.0	0.0	116.0	0.0	0.0	0.0
o114	133.0	180.0	157.0	208.0	215.0	181.0	176.0	196.0	216.0	205.0	162.0	148.0	163.0	148.0	143.0	118.0	83.0	77.0	99.0	79.0	90.0	113.0	125.0	139.0	160.0	142.0	154.0	187.0	212.0	216.0	184.0	189.0	174.0	177.0	180.0	149.0	147.0	157.0	122.0	110.0	91.0	104.0	85.0	81.0	99.0	101.0	102.0	136.0	120.0	151.0
o115	174.0	166.0	0.0	0.0	199.0	177.0	0.0	176.0	0.0	185.0	183.0	145.0	0.0	140.0	0.0	101.0	128.0	110.0	112.0	0.0	99.0	97.0	0.0	122.0	130.0	0.0	174.0	205.0	193.0	186.0	184.0	216.0	0.0	188.0	172.0	190.0	152.0	133.0	131.0	0.0	118.0	115.0	85.0	0.0	120.0	0.0	117.0	0.0	148.0	0.0
o116	0.0	0.0	0.0	0.0	0.0	201.0	0.0	193.0	0.0	185.0	0.0	0.0	0.0	0.0	130.0	0.0	0.0	0.0	116.0	82.0	0.0	0.0	102.0	0.0	0.0	0.0	0.0	0.0	0.0	0.0	196.0	0.0	0.0	193.0	0.0	164.0	0.0	0.0	0.0	0.0	0.0	91.0	0.0	120.0	0.0	0.0	0.0	0.0	118.0	0.0
o117	200.0	196.0	190.0	182.0	171.0	159.0	146.0	134.0	122.0	113.0	106.0	101.0	100.0	102.0	107.0	115.0	125.0	137.0	149.0	162.0	174.0	184.0	192.0	198.0	200.0	199.0	195.0	188.0	179.0	168.0	156.0	143.0	131.0	120.0	111.0	104.0	101.0	100.0	103.0	109.0	117.0	128.0	140.0	152.0	165.0	176.0	186.0	194.0	198.0	200.0
o118	0.0	0.0	190.0	182.0	0.0	0.0	146.0	134.0	0.0	113.0	106.0	101.0	0.0	0.0	107.0	115.0	125.0	0.0	149.0	162.0	174.0	184.0	0.0	198.0	0.0	0.0	195.0	188.0	179.0	168.0	156.0	143.0	131.0	120.0	0.0	0.0	101.0	100.0	103.0	109.0	117.0	128.0	140.0	0.0	165.0	176.0	186.0	0.0	198.0	200.0
o119	200.0	0.0	0.0	0.0	0.0	0.0	0.0	134.0	122.0	113.0	0.0	101.0	0.0	0.0	0.0	0.0	0.0	0.0	0.0	0.0	174.0	0.0	192.0	198.0	0.0	0.0	0.0	188.0	0.0	0.0	0.0	0.0	0.0	0.0	0.0	104.0	0.0	0.0	103.0	0.0	0.0	0.0	140.0	152.0	0.0	0.0	0.0	0.0	0.0	0.0
o120	210.0	190.0	190.0	175.0	173.0	158.0	144.0	126.0	115.0	108.0	103.0	106.0	89.0	109.0	99.0	122.0	114.0	126.0	161.0	169.0	162.0	194.0	191.0	188.0	192.0	207.0	207.0	196.0	179.0	158.0	164.0	138.0	128.0	117.0	110.0	103.0	107.0	99.0	101.0	97.0	108.0	135.0	140.0	142.0	172.0	175.0	186.0	187.0	204.0	194.0
o121	190.0	0.0	199.0	190.0	0.0	152.0	150.0	0.0	111.0	101.0	0.0	105.0	89.0	108.0	0.0	118.0	0.0	138.0	139.0	0.0	185.0	189.0	190.0	189.0	205.0	0.0	0.0	192.0	173.0	156.0	0.0	138.0	129.0	119.0	0.0	111.0	0.0	111.0	92.0	114.0	117.0	126.0	134.0	141.0	0.0	170.0	182.0	203.0	0.0	0.0
o122	0.0	197.0	0.0	0.0	0.0	160.0	0.0	0.0	0.0	0.0	0.0	0.0	96.0	105.0	0.0	0.0	0.0	0.0	0.0	0.0	182.0	0.0	181.0	192.0	0.0	0.0	0.0	0.0	0.0	167.0	0.0	150.0	0.0	0.0	116.0	0.0	0.0	111.0	0.0	0.0	122.0	0.0	0.0	0.0	154.0	0.0	0.0	0.0	0.0	0.0
o123	186.0	207.0	175.0	165.0	169.0	177.0	143.0	111.0	144.0	88.0	85.0	76.0	95.0	117.0	101.0	138.0	124.0	115.0	130.0	142.0	153.0	184.0	179.0	209.0	211.0	201.0	187.0	203.0	186.0	187.0	165.0	141.0	127.0	118.0	103.0	119.0	106.0	105.0	113.0	97.0	97.0	124.0	128.0	154.0	155.0	175.0	177.0	199.0	189.0	185.0
o124	224.0	191.0	170.0	177.0	151.0	0.0	139.0	151.0	127.0	103.0	91.0	83.0	0.0	99.0	0.0	0.0	0.0	140.0	158.0	178.0	188.0	0.0	183.0	179.0	207.0	192.0	220.0	181.0	0.0	0.0	176.0	136.0	116.0	138.0	0.0	0.0	117.0	87.0	92.0	94.0	0.0	0.0	149.0	138.0	0.0	0.0	194.0	202.0	0.0	183.0
o125	217.0	0.0	208.0	0.0	0.0	0.0	0.0	0.0	0.0	0.0	103.0	0.0	0.0	0.0	0.0	114.0	129.0	0.0	0.0	0.0	0.0	0.0	0.0	0.0	0.0	0.0	219.0	0.0	0.0	0.0	172.0	153.0	0.0	0.0	0.0	106.0	0.0	0.0	0.0	111.0	0.0	0.0	131.0	0.0	0.0	160.0	0.0	0.0	0.0	178.0
o126	150.0	131.0	120.0	111.0	105.0	101.0	100.0	103.0	108.0	117.0	127.0	139.0	152.0	164.0	176.0	186.0	193.0	198.0	200.0	199.0	194.0	187.0	177.0	166.0	153.0	141.0	129.0	118.0	109.0	103.0	100.0	101.0	104.0	110.0	119.0	130.0	142.0	155.0	167.0	178.0	188.0	195.0	199.0	200.0	198.0	192.0	185.0	174.0	163.0	150.0
o127	150.0	0.0	0.0	111.0	105.0	101.0	100.0	0.0	0.0	117.0	0.0	139.0	0.0	164.0	176.0	0.0	193.0	198.0	200.0	199.0	0.0	187.0	0.0	166.0	153.0	0.0	0.0	0.0	109.0	103.0	100.0	101.0	104.0	110.0	119.0	130.0	142.0	155.0	0.0	178.0	188.0	195.0	0.0	200.0	198.0	192.0	185.0	174.0	0.0	150.0
o128	0.0	0.0	120.0	111.0	0.0	0.0	100.0	0.0	0.0	0.0	0.0	0.0	152.0	0.0	0.0	186.0	0.0	0.0	0.0	0.0	0.0	0.0	177.0	166.0	153.0	0.0	0.0	118.0	0.0	0.0	0.0	0.0	0.0	0.0	0.0	0.0	0.0	155.0	0.0	0.0	0.0	0.0	199.0	0.0	0.0	192.0	0.0	0.0	163.0	0.0
o129	157.0	138.0	129.0	118.0	97.0	113.0	108.0	103.0	118.0	119.0	124.0	147.0	160.0	167.0	182.0	192.0	185.0	205.0	191.0	198.0	198.0	198.0	186.0	157.0	164.0	129.0	135.0	125.0	100.0	92.0	102.0	110.0	100.0	122.0	124.0	139.0	152.0	165.0	157.0	170.0	185.0	200.0	195.0	207.0	205.0	199.0	178.0	168.0	167.0	157.0
o130	0.0	136.0	0.0	116.0	112.0	104.0	91.0	91.0	103.0	114.0	134.0	137.0	159.0	159.0	171.0	0.0	0.0	195.0	191.0	0.0	203.0	176.0	168.0	0.0	147.0	149.0	125.0	108.0	0.0	93.0	104.0	0.0	0.0	0.0	0.0	119.0	141.0	0.0	176.0	0.0	195.0	194.0	191.0	0.0	208.0	202.0	0.0	186.0	151.0	155.0
o131	0.0	0.0	0.0	103.0	0.0	0.0	95.0	0.0	0.0	0.0	122.0	0.0	0.0	0.0	0.0	182.0	0.0	0.0	0.0	196.0	0.0	0.0	0.0	0.0	0.0	0.0	126.0	0.0	122.0	0.0	0.0	102.0	0.0	0.0	123.0	0.0	0.0	0.0	175.0	0.0	184.0	0.0	0.0	211.0	0.0	0.0	0.0	0.0	0.0	147.0
o132	155.0	130.0	137.0	112.0	87.0	117.0	100.0	118.0	95.0	114.0	118.0	116.0	160.0	188.0	185.0	177.0	182.0	202.0	185.0	185.0	212.0	175.0	190.0	145.0	149.0	156.0	138.0	114.0	129.0	100.0	100.0	96.0	104.0	97.0	141.0	126.0	159.0	163.0	150.0	177.0	180.0	210.0	190.0	185.0	217.0	175.0	207.0	196.0	164.0	153.0
o133	158.0	108.0	0.0	95.0	0.0	111.0	99.0	106.0	0.0	119.0	146.0	147.0	0.0	151.0	184.0	201.0	182.0	203.0	215.0	205.0	183.0	172.0	0.0	0.0	139.0	123.0	135.0	123.0	0.0	118.0	93.0	0.0	103.0	0.0	127.0	108.0	122.0	0.0	0.0	171.0	0.0	205.0	219.0	205.0	0.0	193.0	0.0	0.0	165.0	173.0
o134	0.0	0.0	130.0	118.0	0.0	0.0	0.0	0.0	0.0	0.0	0.0	0.0	0.0	165.0	0.0	0.0	196.0	0.0	219.0	218.0	191.0	0.0	0.0	157.0	136.0	0.0	0.0	0.0	0.0	0.0	0.0	96.0	0.0	0.0	0.0	0.0	0.0	0.0	0.0	0.0	0.0	172.0	0.0	0.0	0.0	173.0	0.0	170.0	0.0	0.0
o135	150.0	159.0	165.0	169.0	173.0	175.0	175.0	174.0	171.0	167.0	161.0	156.0	149.0	143.0	137.0	132.0	128.0	126.0	125.0	126.0	128.0	132.0	136.0	142.0	148.0	155.0	161.0	166.0	170.0	173.0	175.0	175.0	173.0	170.0	165.0	160.0	154.0	148.0	141.0	136.0	131.0	128.0	126.0	125.0	126.0	129.0	133.0	138.0	144.0	150.0
o136	150.0	0.0	165.0	169.0	173.0	175.0	175.0	174.0	0.0	0.0	0.0	156.0	149.0	143.0	137.0	132.0	0.0	126.0	0.0	126.0	128.0	132.0	136.0	142.0	148.0	155.0	0.0	0.0	170.0	0.0	175.0	0.0	173.0	170.0	165.0	160.0	154.0	0.0	141.0	0.0	131.0	128.0	0.0	125.0	126.0	129.0	0.0	0.0	144.0	150.0
o137	0.0	0.0	0.0	169.0	0.0	0.0	0.0	0.0	0.0	0.0	0.0	0.0	0.0	0.0	0.0	0.0	0.0	0.0	125.0	0.0	128.0	0.0	0.0	0.0	0.0	0.0	0.0	166.0	170.0	0.0	175.0	175.0	0.0	170.0	165.0	160.0	0.0	148.0	0.0	0.0	0.0	0.0	0.0	0.0	126.0	0.0	0.0	138.0	0.0	0.0
o138	145.0	166.0	166.0	167.0	169.0	172.0	175.0	172.0	174.0	164.0	168.0	155.0	143.0	139.0	138.0	133.0	123.0	126.0	119.0	130.0	132.0	131.0	142.0	147.0	142.0	153.0	165.0	170.0	170.0	172.0	178.0	169.0	172.0	167.0	165.0	160.0	149.0	144.0	143.0	130.0	132.0	127.0	125.0	127.0	122.0	125.0	133.0	135.0	146.0	147.0
o139	150.0	0.0	170.0	171.0	175.0	175.0	0.0	178.0	0.0	163.0	167.0	150.0	153.0	145.0	141.0	0.0	0.0	130.0	120.0	127.0	133.0	0.0	137.0	148.0	0.0	151.0	158.0	164.0	166.0	0.0	0.0	170.0	0.0	166.0	0.0	164.0	0.0	151.0	135.0	0.0	125.0	121.0	0.0	123.0	120.0	131.0	128.0	133.0	0.0	146.0
o140	0.0	158.0	0.0	0.0	0.0	177.0	0.0	0.0	169.0	168.0	0.0	0.0	0.0	0.0	0.0	130.0	0.0	0.0	0.0	125.0	0.0	0.0	0.0	143.0	0.0	0.0	0.0	0.0	0.0	0.0	0.0	0.0	0.0	0.0	0.0	0.0	148.0	148.0	0.0	0.0	0.0	0.0	0.0	126.0	0.0	127.0	137.0	0.0	0.0	145.0
o141	139.0	158.0	171.0	175.0	183.0	165.0	177.0	167.0	171.0	170.0	162.0	157.0	148.0	133.0	145.0	121.0	138.0	125.0	120.0	129.0	128.0	123.0	148.0	140.0	158.0	149.0	156.0	173.0	167.0	162.0	173.0	187.0	171.0	173.0	161.0	167.0	159.0	139.0	138.0	144.0	121.0	121.0	126.0	134.0	115.0	117.0	137.0	125.0	134.0	138.0
o142	0.0	160.0	157.0	181.0	166.0	0.0	180.0	183.0	166.0	0.0	169.0	167.0	154.0	131.0	148.0	135.0	135.0	137.0	0.0	0.0	129.0	130.0	144.0	140.0	0.0	0.0	0.0	175.0	0.0	0.0	173.0	169.0	162.0	0.0	166.0	0.0	158.0	157.0	138.0	0.0	140.0	0.0	118.0	135.0	133.0	132.0	128.0	0.0	133.0	154.0
o143	0.0	161.0	0.0	0.0	0.0	0.0	0.0	177.0	0.0	0.0	0.0	0.0	0.0	0.0	0.0	126.0	0.0	0.0	137.0	122.0	0.0	0.0	143.0	0.0	158.0	161.0	160.0	177.0	0.0	0.0	0.0	0.0	0.0	159.0	0.0	0.0	157.0	0.0	0.0	0.0	134.0	0.0	0.0	0.0	0.0	0.0	0.0	0.0	0.0	0.0
o144	175.0	173.0	170.0	166.0	160.0	154.0	148.0	142.0	136.0	131.0	128.0	126.0	125.0	126.0	129.0	132.0	138.0	143.0	150.0	156.0	162.0	167.0	171.0	174.0	175.0	175.0	173.0	169.0	165.0	159.0	153.0	146.0	140.0	135.0	130.0	127.0	125.0	125.0	127.0	129.0	134.0	139.0	145.0	151.0	157.0	163.0	168.0	172.0	174.0	175.0
o145	175.0	173.0	0.0	166.0	0.0	0.0	148.0	142.0	0.0	131.0	0.0	126.0	125.0	126.0	129.0	132.0	138.0	143.0	150.0	0.0	162.0	0.0	0.0	174.0	175.0	175.0	0.0	169.0	165.0	0.0	153.0	0.0	0.0	135.0	130.0	0.0	125.0	0.0	127.0	129.0	134.0	0.0	145.0	151.0	157.0	163.0	168.0	172.0	174.0	175.0
o146	0.0	173.0	0.0	166.0	160.0	0.0	0.0	142.0	0.0	131.0	0.0	126.0	125.0	0.0	0.0	132.0	0.0	143.0	0.0	0.0	0.0	0.0	0.0	0.0	0.0	175.0	173.0	169.0	0.0	0.0	0.0	0.0	0.0	0.0	0.0	0.0	0.0	0.0	0.0	0.0	134.0	0.0	0.0	0.0	0.0	0.0	0.0	0.0	0.0	0.0
o147	171.0	171.0	169.0	169.0	155.0	154.0	142.0	142.0	139.0	135.0	127.0	132.0	122.0	132.0	125.0	137.0	136.0	145.0	155.0	155.0	167.0	170.0	172.0	170.0	181.0	170.0	168.0	173.0	169.0	155.0	148.0	143.0	143.0	137.0	130.0	127.0	129.0	127.0	130.0	133.0	135.0	136.0	140.0	151.0	158.0	159.0	174.0	166.0	177.0	176.0
o148	174.0	179.0	169.0	171.0	158.0	151.0	143.0	147.0	0.0	130.0	0.0	0.0	119.0	0.0	128.0	135.0	142.0	138.0	149.0	0.0	156.0	0.0	176.0	0.0	171.0	0.0	168.0	167.0	0.0	159.0	158.0	0.0	135.0	132.0	0.0	0.0	127.0	128.0	125.0	130.0	134.0	0.0	140.0	147.0	161.0	166.0	171.0	0.0	0.0	170.0
o149	0.0	0.0	0.0	162.0	0.0	0.0	0.0	0.0	0.0	128.0	0.0	0.0	0.0	0.0	0.0	0.0	0.0	0.0	0.0	0.0	0.0	0.0	175.0	178.0	0.0	0.0	0.0	166.0	159.0	0.0	0.0	0.0	137.0	136.0	0.0	0.0	0.0	129.0	0.0	0.0	134.0	0.0	0.0	0.0	0.0	0.0	172.0	176.0	169.0	0.0
o150	167.0	177.0	164.0	157.0	151.0	142.0	136.0	143.0	144.0	128.0	119.0	129.0	137.0	134.0	132.0	130.0	142.0	132.0	141.0	166.0	166.0	170.0	179.0	181.0	175.0	176.0	178.0	160.0	155.0	169.0	148.0	149.0	141.0	127.0	128.0	116.0	136.0	123.0	119.0	121.0	126.0	128.0	156.0	150.0	151.0	156.0	169.0	181.0	177.0	167.0
o151	185.0	177.0	178.0	0.0	158.0	161.0	141.0	150.0	125.0	0.0	0.0	136.0	122.0	0.0	0.0	0.0	149.0	148.0	162.0	0.0	158.0	178.0	0.0	180.0	0.0	163.0	164.0	174.0	170.0	0.0	164.0	154.0	143.0	0.0	131.0	129.0	137.0	138.0	128.0	0.0	0.0	143.0	142.0	0.0	0.0	163.0	171.0	172.0	162.0	166.0
o152	0.0	0.0	0.0	0.0	0.0	0.0	148.0	0.0	0.0	122.0	0.0	0.0	0.0	0.0	0.0	132.0	0.0	0.0	0.0	0.0	0.0	176.0	159.0	179.0	0.0	0.0	183.0	0.0	176.0	0.0	0.0	149.0	139.0	0.0	131.0	0.0	0.0	0.0	0.0	130.0	0.0	0.0	141.0	0.0	0.0	0.0	0.0	0.0	0.0	0.0
o153	150.0	141.0	135.0	131.0	127.0	125.0	125.0	126.0	129.0	133.0	139.0	144.0	151.0	157.0	163.0	168.0	172.0	174.0	175.0	174.0	172.0	168.0	164.0	158.0	152.0	145.0	139.0	134.0	130.0	127.0	125.0	125.0	127.0	130.0	135.0	140.0	146.0	152.0	159.0	164.0	169.0	172.0	174.0	175.0	174.0	171.0	167.0	162.0	156.0	150.0
o154	150.0	141.0	0.0	131.0	127.0	0.0	125.0	0.0	129.0	133.0	139.0	0.0	0.0	157.0	163.0	168.0	172.0	0.0	175.0	174.0	172.0	168.0	164.0	0.0	152.0	0.0	139.0	134.0	130.0	127.0	125.0	0.0	127.0	0.0	135.0	0.0	146.0	0.0	0.0	164.0	169.0	0.0	174.0	175.0	0.0	171.0	167.0	162.0	156.0	150.0
o155	0.0	0.0	0.0	0.0	0.0	0.0	125.0	0.0	0.0	0.0	0.0	144.0	0.0	0.0	163.0	0.0	0.0	0.0	0.0	0.0	0.0	168.0	164.0	0.0	152.0	0.0	0.0	134.0	0.0	127.0	0.0	0.0	0.0	0.0	0.0	0.0	0.0	0.0	0.0	0.0	169.0	172.0	174.0	0.0	0.0	0.0	0.0	0.0	156.0	150.0
o156	151.0	140.0	135.0	134.0	127.0	122.0	130.0	126.0	126.0	127.0	140.0	143.0	150.0	155.0	160.0	169.0	166.0	176.0	179.0	175.0	173.0	163.0	162.0	164.0	152.0	147.0	136.0	138.0	129.0	131.0	122.0	130.0	131.0	128.0	131.0	141.0	142.0	156.0	162.0	159.0	171.0	168.0	173.0	171.0	177.0	166.0	169.0	158.0	154.0	148.0
o157	0.0	146.0	134.0	136.0	0.0	0.0	119.0	0.0	125.0	133.0	139.0	141.0	151.0	154.0	0.0	167.0	173.0	0.0	0.0	0.0	170.0	167.0	157.0	0.0	154.0	139.0	138.0	132.0	0.0	0.0	121.0	124.0	126.0	131.0	132.0	143.0	148.0	154.0	156.0	166.0	0.0	0.0	176.0	0.0	170.0	172.0	0.0	158.0	159.0	152.0
o158	0.0	0.0	0.0	0.0	0.0	131.0	0.0	125.0	0.0	135.0	0.0	0.0	0.0	0.0	159.0	0.0	169.0	0.0	0.0	172.0	0.0	0.0	0.0	0.0	0.0	0.0	0.0	135.0	0.0	0.0	120.0	126.0	0.0	0.0	0.0	145.0	0.0	0.0	0.0	0.0	0.0	175.0	173.0	0.0	0.0	0.0	0.0	0.0	0.0	145.0
o159	143.0	137.0	135.0	136.0	122.0	125.0	126.0	122.0	118.0	126.0	135.0	150.0	154.0	148.0	154.0	179.0	183.0	185.0	182.0	164.0	175.0	178.0	151.0	168.0	161.0	158.0	150.0	130.0	119.0	123.0	114.0	120.0	127.0	142.0	138.0	151.0	156.0	150.0	165.0	169.0	161.0	172.0	182.0	170.0	184.0	173.0	156.0	165.0	144.0	146.0
o160	142.0	152.0	128.0	119.0	117.0	128.0	0.0	118.0	120.0	0.0	150.0	145.0	149.0	160.0	0.0	162.0	178.0	182.0	0.0	163.0	174.0	180.0	0.0	0.0	148.0	138.0	132.0	141.0	128.0	0.0	0.0	0.0	130.0	136.0	134.0	0.0	139.0	0.0	152.0	0.0	173.0	0.0	170.0	169.0	177.0	170.0	0.0	0.0	156.0	158.0
o161	0.0	0.0	124.0	0.0	0.0	0.0	0.0	0.0	0.0	0.0	0.0	0.0	153.0	162.0	166.0	0.0	0.0	0.0	0.0	0.0	0.0	167.0	0.0	0.0	149.0	156.0	0.0	126.0	0.0	121.0	0.0	0.0	125.0	0.0	146.0	0.0	0.0	0.0	0.0	0.0	0.0	0.0	0.0	175.0	0.0	177.0	0.0	0.0	0.0	0.0
o162	150.0	204.0	231.0	247.0	249.0	237.0	212.0	178.0	140.0	104.0	74.0	55.0	50.0	59.0	81.0	113.0	150.0	187.0	219.0	241.0	250.0	245.0	226.0	196.0	160.0	122.0	88.0	63.0	51.0	53.0	69.0	96.0	131.0	169.0	204.0	231.0	247.0	249.0	237.0	212.0	178.0	140.0	104.0	74.0	55.0	50.0	59.0	81.0	113.0	150.0
o163	0.0	204.0	0.0	0.0	0.0	0.0	212.0	178.0	140.0	104.0	74.0	55.0	0.0	59.0	81.0	113.0	150.0	187.0	219.0	241.0	250.0	0.0	226.0	0.0	160.0	122.0	88.0	63.0	51.0	53.0	69.0	96.0	0.0	0.0	204.0	0.0	247.0	249.0	237.0	0.0	178.0	140.0	0.0	74.0	55.0	50.0	59.0	0.0	0.0	150.0
o164	0.0	0.0	0.0	0.0	249.0	237.0	0.0	0.0	0.0	0.0	0.0	0.0	0.0	59.0	0.0	0.0	0.0	0.0	0.0	0.0	0.0	0.0	0.0	0.0	0.0	122.0	0.0	0.0	0.0	0.0	0.0	0.0	131.0	0.0	0.0	0.0	247.0	249.0	237.0	0.0	0.0	140.0	104.0	0.0	55.0	0.0	0.0	0.0	113.0	150.0
o165	162.0	187.0	216.0	251.0	234.0	226.0	218.0	190.0	124.0	83.0	68.0	75.0	45.0	74.0	80.0	90.0	173.0	164.0	215.0	229.0	244.0	250.0	238.0	209.0	162.0	118.0	91.0	65.0	41.0	50.0	79.0	102.0	140.0	154.0	225.0	243.0	228.0	240.0	218.0	214.0	188.0	153.0	128.0	77.0	50.0	60.0	40.0	74.0	133.0	136.0
o166	142.0	182.0	226.0	244.0	226.0	223.0	227.0	0.0	144.0	90.0	0.0	74.0	47.0	0.0	80.0	128.0	137.0	0.0	202.0	224.0	246.0	253.0	210.0	0.0	0.0	0.0	98.0	64.0	0.0	78.0	49.0	97.0	0.0	169.0	0.0	0.0	248.0	0.0	0.0	216.0	178.0	124.0	93.0	61.0	45.0	64.0	0.0	66.0	134.0	0.0
o167	142.0	0.0	231.0	230.0	0.0	0.0	0.0	0.0	0.0	0.0	0.0	0.0	0.0	0.0	0.0	136.0	158.0	0.0	0.0	243.0	0.0	0.0	0.0	0.0	0.0	133.0	0.0	0.0	0.0	0.0	0.0	0.0	0.0	0.0	197.0	0.0	0.0	0.0	0.0	0.0	179.0	0.0	100.0	0.0	0.0	65.0	42.0	59.0	0.0	0.0
o168	123.0	199.0	234.0	265.0	203.0	194.0	231.0	194.0	188.0	56.0	56.0	60.0	67.0	43.0	103.0	78.0	142.0	169.0	263.0	207.0	207.0	227.0	182.0	197.0	112.0	163.0	82.0	37.0	78.0	30.0	26.0	121.0	165.0	141.0	206.0	228.0	212.0	218.0	264.0	179.0	205.0	153.0	81.0	74.0	78.0	48.0	99.0	50.0	131.0	195.0
o169	165.0	244.0	220.0	0.0	202.0	0.0	242.0	136.0	108.0	120.0	54.0	104.0	0.0	50.0	49.0	82.0	0.0	153.0	266.0	273.0	0.0	263.0	263.0	192.0	0.0	167.0	0.0	72.0	90.0	68.0	34.0	140.0	0.0	0.0	250.0	262.0	283.0	294.0	199.0	192.0	152.0	0.0	0.0	0.0	0.0	95.0	17.0	0.0	0.0	182.0
o170	0.0	0.0	0.0	0.0	0.0	0.0	0.0	0.0	0.0	0.0	0.0	99.0	0.0	0.0	0.0	0.0	0.0	0.0	0.0	0.0	209.0	0.0	0.0	184.0	0.0	0.0	0.0	0.0	0.0	101.0	0.0	0.0	0.0	121.0	0.0	255.0	0.0	239.0	200.0	173.0	0.0	153.0	0.0	0.0	17.0	65.0	0.0	80.0	0.0	0.0
o171	221.0	171.0	133.0	98.0	70.0	53.0	51.0	62.0	86.0	120.0	157.0	194.0	224.0	244.0	250.0	242.0	221.0	189.0	152.0	115.0	83.0	60.0	50.0	55.0	73.0	102.0	138.0	176.0	210.0	235.0	249.0	248.0	233.0	206.0	171.0	133.0	98.0	70.0	53.0	51.0	62.0	86.0	120.0	157.0	194.0	224.0	244.0	250.0	242.0	221.0
o172	0.0	0.0	0.0	98.0	70.0	53.0	0.0	0.0	86.0	120.0	0.0	194.0	0.0	244.0	0.0	242.0	221.0	189.0	152.0	115.0	83.0	60.0	0.0	55.0	73.0	0.0	138.0	176.0	210.0	0.0	0.0	248.0	233.0	206.0	171.0	0.0	98.0	0.0	0.0	51.0	62.0	86.0	120.0	157.0	194.0	224.0	244.0	250.0	242.0	221.0
o173	0.0	0.0	0.0	0.0	0.0	0.0	0.0	0.0	0.0	0.0	157.0	0.0	0.0	0.0	0.0	0.0	0.0	189.0	0.0	0.0	83.0	0.0	0.0	0.0	73.0	102.0	138.0	0.0	0.0	0.0	0.0	0.0	233.0	0.0	171.0	0.0	98.0	0.0	0.0	0.0	0.0	0.0	0.0	157.0	0.0	0.0	244.0	250.0	242.0	0.0
o174	224.0	164.0	150.0	79.0	64.0	42.0	47.0	74.0	108.0	143.0	142.0	178.0	219.0	254.0	244.0	266.0	196.0	170.0	151.0	111.0	65.0	49.0	42.0	70.0	73.0	84.0	121.0	173.0	185.0	249.0	267.0	244.0	222.0	225.0	173.0	132.0	77.0	60.0	48.0	70.0	84.0	87.0	95.0	154.0	208.0	230.0	249.0	225.0	227.0	225.0
o175	219.0	0.0	148.0	0.0	82.0	0.0	49.0	87.0	82.0	133.0	0.0	196.0	0.0	220.0	0.0	0.0	0.0	202.0	0.0	0.0	84.0	82.0	47.0	63.0	74.0	97.0	154.0	185.0	227.0	232.0	263.0	242.0	0.0	0.0	174.0	158.0	112.0	60.0	52.0	26.0	46.0	0.0	0.0	0.0	173.0	236.0	256.0	235.0	219.0	235.0
o176	221.0	175.0	0.0	0.0	93.0	0.0	0.0	57.0	0.0	0.0	0.0	0.0	0.0	0.0	0.0	0.0	0.0	0.0	176.0	0.0	0.0	0.0	0.0	0.0	97.0	0.0	0.0	0.0	216.0	0.0	0.0	225.0	0.0	215.0	0.0	0.0	0.0	0.0	0.0	0.0	0.0	0.0	131.0	0.0	177.0	0.0	247.0	0.0	238.0	0.0
o177	214.0	201.0	121.0	95.0	118.0	34.0	62.0	60.0	59.0	96.0	179.0	179.0	211.0	245.0	300.0	195.0	184.0	183.0	182.0	163.0	89.0	28.0	59.0	100.0	74.0	150.0	156.0	174.0	163.0	260.0	267.0	244.0	209.0	241.0	208.0	85.0	64.0	25.0	60.0	2.0	42.0	124.0	71.0	113.0	173.0	231.0	214.0	248.0	216.0	238.0
o178	249.0	0.0	0.0	0.0	119.0	69.0	75.0	0.0	130.0	142.0	142.0	168.0	233.0	0.0	0.0	0.0	194.0	237.0	0.0	158.0	60.0	0.0	0.0	0.0	0.0	133.0	97.0	204.0	195.0	0.0	277.0	226.0	207.0	163.0	0.0	152.0	144.0	78.0	83.0	98.0	104.0	51.0	0.0	190.0	144.0	178.0	245.0	235.0	289.0	245.0
o179	188.0	0.0	141.0	0.0	0.0	0.0	34.0	0.0	0.0	0.0	0.0	0.0	0.0	244.0	0.0	260.0	0.0	0.0	0.0	0.0	36.0	0.0	0.0	0.0	0.0	0.0	175.0	0.0	167.0	0.0	0.0	248.0	0.0	0.0	0.0	0.0	0.0	0.0	0.0	0.0	62.0	69.0	0.0	0.0	226.0	0.0	0.0	280.0	0.0	0.0
o180	50.0	66.0	92.0	126.0	164.0	200.0	229.0	246.0	250.0	239.0	215.0	183.0	145.0	108.0	78.0	57.0	50.0	57.0	78.0	108.0	145.0	183.0	215.0	239.0	250.0	246.0	229.0	200.0	164.0	126.0	92.0	66.0	52.0	52.0	66.0	92.0	126.0	164.0	200.0	229.0	246.0	250.0	239.0	215.0	183.0	145.0	108.0	78.0	57.0	50.0
o181	50.0	0.0	92.0	0.0	0.0	200.0	229.0	246.0	0.0	239.0	215.0	183.0	145.0	0.0	78.0	57.0	50.0	0.0	78.0	108.0	145.0	183.0	0.0	0.0	250.0	246.0	229.0	200.0	164.0	126.0	0.0	66.0	52.0	52.0	66.0	0.0	0.0	0.0	200.0	229.0	246.0	250.0	0.0	215.0	0.0	145.0	108.0	78.0	0.0	50.0
o182	0.0	0.0	92.0	0.0	164.0	0.0	0.0	0.0	0.0	239.0	215.0	0.0	0.0	0.0	0.0	0.0	0.0	57.0	0.0	108.0	0.0	0.0	215.0	0.0	0.0	246.0	229.0	0.0	0.0	0.0	0.0	0.0	52.0	0.0	0.0	92.0	0.0	0.0	200.0	0.0	0.0	0.0	0.0	0.0	183.0	0.0	0.0	0.0	0.0	0.0
o183	36.0	72.0	105.0	125.0	141.0	188.0	224.0	242.0	242.0	215.0	199.0	197.0	153.0	113.0	81.0	68.0	50.0	75.0	98.0	125.0	133.0	177.0	207.0	234.0	227.0	244.0	216.0	210.0	146.0	143.0	80.0	47.0	68.0	28.0	78.0	92.0	106.0	189.0	201.0	227.0	238.0	263.0	259.0	195.0	159.0	160.0	98.0	70.0	80.0	74.0
o184	0.0	90.0	98.0	149.0	0.0	222.0	219.0	245.0	0.0	261.0	0.0	0.0	0.0	0.0	0.0	64.0	0.0	54.0	102.0	86.0	123.0	160.0	0.0	232.0	248.0	225.0	240.0	205.0	153.0	132.0	103.0	0.0	71.0	0.0	56.0	0.0	111.0	154.0	225.0	216.0	224.0	265.0	219.0	212.0	0.0	136.0	96.0	58.0	0.0	44.0
o185	38.0	0.0	0.0	0.0	0.0	214.0	0.0	242.0	248.0	254.0	0.0	207.0	0.0	0.0	70.0	0.0	0.0	48.0	0.0	110.0	0.0	0.0	0.0	0.0	0.0	0.0	0.0	0.0	0.0	119.0	0.0	0.0	0.0	30.0	0.0	0.0	0.0	0.0	0.0	0.0	268.0	0.0	0.0	0.0	184.0	0.0	0.0	0.0	0.0	0.0
o186	49.0	45.0	67.0	174.0	150.0	194.0	237.0	245.0	228.0	256.0	183.0	189.0	135.0	105.0	93.0	69.0	74.0	89.0	73.0	95.0	138.0	147.0	216.0	213.0	275.0	209.0	204.0	153.0	180.0	139.0	102.0	28.0	65.0	81.0	74.0	52.0	106.0	198.0	228.0	269.0	245.0	299.0	234.0	200.0	179.0	122.0	102.0	70.0	58.0	84.0
o187	76.0	0.0	105.0	0.0	208.0	187.0	234.0	257.0	0.0	224.0	0.0	0.0	159.0	111.0	120.0	9.0	49.0	0.0	48.0	0.0	178.0	151.0	0.0	209.0	207.0	204.0	0.0	0.0	153.0	91.0	122.0	60.0	45.0	54.0	0.0	134.0	106.0	0.0	0.0	181.0	202.0	236.0	217.0	0.0	155.0	0.0	59.0	44.0	63.0	57.0
o188	33.0	100.0	122.0	0.0	0.0	0.0	0.0	259.0	243.0	0.0	0.0	220.0	0.0	0.0	0.0	42.0	0.0	0.0	0.0	0.0	0.0	228.0	0.0	0.0	0.0	217.0	0.0	0.0	0.0	0.0	0.0	0.0	0.0	77.0	64.0	0.0	0.0	0.0	0.0	0.0	0.0	0.0	0.0	0.0	0.0	0.0	0.0	0.0	74.0	16.0
o189	150.0	177.0	191.0	199.0	199.0	193.0	181.0	164.0	145.0	127.0	112.0	103.0	100.0	105.0	115.0	131.0	150.0	169.0	185.0	195.0	200.0	197.0	188.0	173.0	155.0	136.0	119.0	107.0	101.0	101.0	109.0	123.0	141.0	159.0	177.0	191.0	199.0	199.0	193.0	181.0	164.0	145.0	127.0	112.0	103.0	100.0	105.0	115.0	131.0	150.0
o190	150.0	177.0	191.0	199.0	0.0	193.0	181.0	0.0	145.0	127.0	112.0	103.0	100.0	0.0	115.0	131.0	150.0	0.0	0.0	195.0	200.0	0.0	188.0	173.0	0.0	136.0	119.0	0.0	101.0	101.0	109.0	123.0	0.0	159.0	177.0	0.0	199.0	199.0	0.0	0.0	0.0	0.0	127.0	112.0	103.0	100.0	0.0	115.0	131.0	150.0
o191	150.0	0.0	0.0	199.0	0.0	193.0	0.0	0.0	0.0	127.0	112.0	103.0	100.0	0.0	115.0	0.0	0.0	0.0	0.0	0.0	0.0	0.0	0.0	0.0	155.0	0.0	119.0	0.0	0.0	0.0	0.0	0.0	0.0	0.0	0.0	0.0	0.0	199.0	0.0	0.0	0.0	0.0	127.0	112.0	0.0	0.0	0.0	0.0	0.0	0.0
o192	139.0	185.0	192.0	205.0	190.0	201.0	173.0	162.0	154.0	125.0	106.0	113.0	97.0	105.0	114.0	143.0	157.0	168.0	188.0	184.0	191.0	196.0	179.0	171.0	163.0	129.0	129.0	96.0	111.0	98.0	107.0	118.0	136.0	170.0	175.0	194.0	189.0	210.0	188.0	172.0	161.0	145.0	131.0	104.0	104.0	103.0	116.0	125.0	143.0	158.0
o193	147.0	0.0	0.0	191.0	190.0	188.0	0.0	171.0	152.0	137.0	106.0	0.0	98.0	0.0	114.0	0.0	154.0	165.0	186.0	187.0	210.0	203.0	0.0	0.0	162.0	124.0	0.0	106.0	88.0	106.0	0.0	0.0	131.0	160.0	169.0	0.0	0.0	198.0	203.0	180.0	169.0	146.0	125.0	0.0	111.0	112.0	93.0	128.0	0.0	160.0
o194	0.0	185.0	201.0	0.0	0.0	0.0	0.0	0.0	137.0	0.0	0.0	109.0	0.0	0.0	121.0	0.0	155.0	0.0	0.0	0.0	207.0	0.0	0.0	0.0	153.0	0.0	0.0	0.0	0.0	0.0	0.0	0.0	0.0	0.0	188.0	0.0	188.0	0.0	203.0	0.0	0.0	155.0	0.0	101.0	0.0	0.0	0.0	0.0	0.0	0.0
o195	153.0	194.0	180.0	215.0	202.0	216.0	183.0	158.0	126.0	119.0	100.0	93.0	107.0	101.0	113.0	152.0	144.0	176.0	198.0	205.0	189.0	179.0	202.0	152.0	172.0	144.0	106.0	130.0	99.0	81.0	117.0	137.0	145.0	181.0	182.0	202.0	214.0	211.0	172.0	187.0	182.0	126.0	114.0	117.0	79.0	124.0	120.0	120.0	108.0	159.0
o196	0.0	177.0	0.0	205.0	224.0	197.0	194.0	162.0	153.0	118.0	94.0	122.0	122.0	108.0	101.0	0.0	0.0	165.0	167.0	190.0	0.0	178.0	189.0	156.0	171.0	0.0	0.0	120.0	116.0	94.0	0.0	121.0	162.0	149.0	0.0	0.0	0.0	180.0	0.0	201.0	174.0	0.0	107.0	107.0	115.0	90.0	0.0	0.0	124.0	161.0
o197	0.0	0.0	0.0	0.0	0.0	183.0	0.0	171.0	0.0	0.0	0.0	0.0	0.0	0.0	134.0	0.0	0.0	0.0	187.0	0.0	0.0	0.0	0.0	0.0	138.0	0.0	0.0	130.0	0.0	0.0	0.0	127.0	154.0	0.0	0.0	0.0	0.0	0.0	0.0	0.0	0.0	0.0	0.0	108.0	86.0	111.0	0.0	108.0	0.0	155.0
o198	185.0	161.0	142.0	124.0	110.0	102.0	100.0	106.0	118.0	135.0	154.0	172.0	187.0	197.0	200.0	196.0	185.0	170.0	151.0	133.0	116.0	105.0	100.0	102.0	111.0	126.0	144.0	163.0	180.0	193.0	199.0	199.0	191.0	178.0	161.0	142.0	124.0	110.0	102.0	100.0	106.0	118.0	135.0	154.0	172.0	187.0	197.0	200.0	196.0	185.0
o199	0.0	161.0	142.0	124.0	110.0	102.0	100.0	106.0	0.0	0.0	154.0	172.0	187.0	197.0	200.0	196.0	185.0	0.0	151.0	0.0	116.0	105.0	100.0	102.0	111.0	126.0	144.0	163.0	0.0	193.0	199.0	0.0	191.0	178.0	0.0	142.0	0.0	110.0	0.0	100.0	0.0	0.0	135.0	0.0	172.0	187.0	197.0	0.0	196.0	0.0
o200	0.0	0.0	0.0	124.0	0.0	0.0	0.0	0.0	0.0	135.0	154.0	0.0	0.0	0.0	200.0	0.0	0.0	0.0	0.0	0.0	116.0	0.0	100.0	0.0	0.0	0.0	144.0	163.0	0.0	0.0	0.0	0.0	0.0	0.0	0.0	0.0	0.0	0.0	102.0	0.0	0.0	118.0	0.0	154.0	172.0	0.0	0.0	0.0	0.0	185.0
o201	197.0	163.0	153.0	136.0	104.0	110.0	97.0	97.0	109.0	129.0	149.0	181.0	186.0	192.0	208.0	191.0	195.0	160.0	141.0	145.0	119.0	98.0	103.0	108.0	111.0	127.0	147.0	171.0	191.0	186.0	195.0	208.0	186.0	172.0	168.0	149.0	134.0	113.0	89.0	101.0	115.0	106.0	146.0	147.0	183.0	185.0	198.0	196.0	193.0	181.0
o202	197.0	156.0	152.0	0.0	122.0	106.0	91.0	108.0	126.0	140.0	145.0	175.0	179.0	187.0	188.0	0.0	0.0	0.0	143.0	131.0	120.0	0.0	107.0	0.0	107.0	123.0	146.0	162.0	0.0	185.0	204.0	0.0	0.0	188.0	158.0	129.0	123.0	112.0	99.0	99.0	106.0	111.0	0.0	0.0	181.0	0.0	0.0	195.0	0.0	0.0
o203	0.0	170.0	0.0	0.0	0.0	0.0	0.0	0.0	0.0	0.0	141.0	0.0	0.0	193.0	0.0	0.0	0.0	0.0	0.0	0.0	0.0	93.0	0.0	90.0	0.0	138.0	140.0	158.0	0.0	0.0	209.0	0.0	0.0	0.0	0.0	0.0	0.0	0.0	0.0	0.0	113.0	0.0	0.0	0.0	174.0	192.0	0.0	0.0	0.0	179.0
o204	171.0	155.0	159.0	147.0	86.0	84.0	111.0	85.0	140.0	159.0	138.0	181.0	166.0	186.0	217.0	205.0	200.0	160.0	164.0	119.0	123.0	81.0	105.0	122.0	122.0	104.0	161.0	161.0	184.0	204.0	202.0	209.0	193.0	188.0	166.0	127.0	120.0	103.0	120.0	122.0	129.0	132.0	144.0	164.0	158.0	178.0	191.0	223.0	193.0	205.0
o205	198.0	137.0	124.0	130.0	130.0	121.0	0.0	0.0	143.0	0.0	155.0	0.0	197.0	173.0	0.0	0.0	199.0	0.0	0.0	146.0	119.0	120.0	116.0	100.0	131.0	130.0	0.0	165.0	186.0	206.0	203.0	0.0	187.0	0.0	158.0	118.0	142.0	110.0	95.0	92.0	0.0	93.0	120.0	0.0	177.0	194.0	0.0	201.0	0.0	161.0
o206	0.0	0.0	0.0	0.0	0.0	0.0	0.0	108.0	0.0	0.0	0.0	183.0	171.0	0.0	0.0	179.0	0.0	0.0	144.0	0.0	0.0	110.0	0.0	0.0	0.0	0.0	0.0	185.0	0.0	174.0	0.0	0.0	183.0	0.0	0.0	0.0	130.0	0.0	0.0	0.0	0.0	0.0	0.0	0.0	191.0	206.0	0.0	194.0	0.0	0.0
o207	100.0	108.0	121.0	138.0	157.0	175.0	189.0	198.0	200.0	194.0	183.0	166.0	148.0	129.0	114.0	104.0	100.0	104.0	114.0	129.0	148.0	166.0	183.0	194.0	200.0	198.0	189.0	175.0	157.0	138.0	121.0	108.0	101.0	101.0	108.0	121.0	138.0	157.0	175.0	189.0	198.0	200.0	194.0	183.0	166.0	148.0	129.0	114.0	104.0	100.0
o208	100.0	108.0	121.0	138.0	0.0	175.0	189.0	198.0	0.0	0.0	183.0	166.0	148.0	129.0	114.0	0.0	100.0	104.0	114.0	0.0	148.0	166.0	183.0	194.0	200.0	198.0	189.0	175.0	157.0	138.0	0.0	0.0	0.0	101.0	108.0	121.0	138.0	0.0	0.0	0.0	0.0	0.0	194.0	0.0	0.0	148.0	129.0	114.0	104.0	100.0
o209	0.0	0.0	0.0	138.0	0.0	0.0	0.0	0.0	0.0	0.0	183.0	0.0	0.0	0.0	114.0	0.0	0.0	104.0	0.0	0.0	0.0	0.0	183.0	0.0	200.0	0.0	0.0	0.0	0.0	138.0	0.0	0.0	0.0	0.0	108.0	0.0	0.0	0.0	175.0	189.0	0.0	0.0	0.0	0.0	166.0	0.0	129.0	0.0	0.0	100.0
o210	90.0	100.0	132.0	142.0	148.0	177.0	202.0	198.0	190.0	199.0	193.0	156.0	140.0	118.0	109.0	98.0	90.0	112.0	103.0	136.0	160.0	160.0	173.0	200.0	196.0	208.0	187.0	182.0	147.0	146.0	120.0	104.0	113.0	95.0	110.0	126.0	126.0	145.0	177.0	193.0	203.0	208.0	185.0	191.0	178.0	157.0	129.0	106.0	99.0	112.0
o211	0.0	115.0	111.0	143.0	0.0	173.0	0.0	199.0	0.0	197.0	193.0	167.0	146.0	132.0	102.0	93.0	0.0	115.0	104.0	133.0	157.0	165.0	181.0	189.0	0.0	0.0	0.0	174.0	168.0	130.0	113.0	112.0	113.0	112.0	109.0	0.0	0.0	163.0	0.0	187.0	193.0	204.0	203.0	0.0	158.0	0.0	120.0	104.0	0.0	0.0
o212	0.0	0.0	115.0	0.0	0.0	0.0	0.0	186.0	195.0	0.0	187.0	0.0	0.0	0.0	126.0	0.0	0.0	0.0	118.0	0.0	0.0	168.0	0.0	202.0	0.0	187.0	0.0	0.0	150.0	0.0	0.0	0.0	0.0	0.0	0.0	112.0	0.0	155.0	0.0	0.0	0.0	198.0	0.0	0.0	0.0	0.0	0.0	0.0	0.0	0.0
o213	107.0	118.0	132.0	152.0	172.0	159.0	171.0	208.0	185.0	185.0	174.0	173.0	157.0	126.0	99.0	84.0	111.0	83.0	93.0	143.0	161.0	148.0	201.0	203.0	224.0	175.0	212.0	200.0	157.0	157.0	97.0	129.0	87.0	120.0	114.0	119.0	124.0	140.0	198.0	186.0	186.0	187.0	193.0	188.0	145.0	169.0	124.0	127.0	123.0	119.0
o214	0.0	91.0	138.0	151.0	0.0	167.0	183.0	221.0	0.0	0.0	162.0	0.0	135.0	146.0	0.0	112.0	117.0	120.0	0.0	112.0	151.0	173.0	171.0	203.0	211.0	0.0	0.0	171.0	146.0	118.0	131.0	97.0	108.0	85.0	132.0	99.0	133.0	0.0	0.0	0.0	0.0	211.0	194.0	167.0	167.0	153.0	0.0	0.0	104.0	123.0
o215	0.0	0.0	114.0	120.0	168.0	0.0	0.0	0.0	219.0	0.0	202.0	0.0	0.0	0.0	0.0	0.0	77.0	0.0	94.0	0.0	0.0	0.0	0.0	0.0	0.0	0.0	183.0	0.0	0.0	0.0	0.0	0.0	0.0	0.0	0.0	123.0	0.0	0.0	181.0	0.0	0.0	0.0	0.0	0.0	172.0	143.0	0.0	0.0	0.0	113.0
o216	150.0	164.0	170.0	174.0	175.0	172.0	165.0	157.0	148.0	139.0	131.0	126.0	125.0	127.0	133.0	141.0	150.0	159.0	167.0	173.0	175.0	174.0	169.0	161.0	152.0	143.0	135.0	128.0	125.0	126.0	130.0	136.0	145.0	155.0	164.0	170.0	174.0	175.0	172.0	165.0	157.0	148.0	139.0	131.0	126.0	125.0	127.0	133.0	141.0	150.0
o217	150.0	0.0	0.0	0.0	175.0	172.0	165.0	157.0	148.0	139.0	0.0	126.0	125.0	127.0	133.0	141.0	0.0	0.0	167.0	0.0	175.0	0.0	0.0	0.0	152.0	143.0	135.0	128.0	125.0	0.0	130.0	136.0	145.0	0.0	164.0	170.0	174.0	175.0	0.0	0.0	0.0	148.0	139.0	131.0	126.0	125.0	127.0	133.0	141.0	150.0
o218	0.0	0.0	0.0	0.0	0.0	0.0	0.0	157.0	148.0	0.0	0.0	0.0	0.0	0.0	133.0	0.0	0.0	159.0	0.0	173.0	0.0	0.0	0.0	0.0	0.0	143.0	0.0	0.0	0.0	126.0	130.0	0.0	0.0	0.0	164.0	170.0	0.0	0.0	172.0	0.0	0.0	0.0	0.0	0.0	0.0	0.0	127.0	0.0	0.0	150.0
o219	152.0	161.0	165.0	176.0	179.0	173.0	166.0	155.0	151.0	143.0	126.0	124.0	124.0	132.0	131.0	135.0	146.0	153.0	171.0	172.0	180.0	171.0	170.0	157.0	147.0	146.0	137.0	131.0	127.0	127.0	125.0	141.0	149.0	155.0	160.0	165.0	169.0	175.0	176.0	166.0	161.0	147.0	144.0	131.0	126.0	130.0	130.0	129.0	147.0	155.0
o220	155.0	0.0	172.0	0.0	173.0	0.0	162.0	163.0	150.0	0.0	127.0	0.0	122.0	126.0	0.0	144.0	153.0	155.0	168.0	0.0	178.0	174.0	170.0	163.0	0.0	137.0	133.0	132.0	127.0	127.0	127.0	137.0	0.0	159.0	167.0	0.0	0.0	178.0	0.0	163.0	0.0	150.0	144.0	0.0	0.0	121.0	123.0	129.0	146.0	146.0
o221	0.0	0.0	0.0	0.0	176.0	0.0	0.0	157.0	148.0	0.0	0.0	0.0	0.0	0.0	128.0	0.0	0.0	0.0	168.0	0.0	179.0	0.0	0.0	162.0	0.0	0.0	0.0	0.0	0.0	0.0	0.0	139.0	141.0	0.0	162.0	0.0	0.0	0.0	0.0	0.0	0.0	0.0	0.0	0.0	0.0	128.0	0.0	127.0	143.0	0.0
o222	143.0	165.0	159.0	184.0	163.0	169.0	170.0	163.0	144.0	130.0	122.0	118.0	113.0	127.0	138.0	150.0	156.0	162.0	156.0	168.0	169.0	163.0	181.0	161.0	141.0	149.0	124.0	141.0	132.0	114.0	122.0	141.0	134.0	166.0	155.0	177.0	174.0	177.0	163.0	155.0	155.0	142.0	138.0	130.0	128.0	132.0	131.0	145.0	139.0	156.0
o223	0.0	0.0	168.0	0.0	0.0	170.0	159.0	166.0	160.0	0.0	124.0	129.0	122.0	123.0	0.0	149.0	152.0	164.0	158.0	174.0	0.0	0.0	0.0	169.0	164.0	150.0	131.0	126.0	129.0	0.0	0.0	0.0	149.0	166.0	165.0	172.0	165.0	183.0	0.0	0.0	155.0	139.0	148.0	128.0	0.0	125.0	119.0	138.0	134.0	138.0
o224	147.0	155.0	0.0	184.0	177.0	0.0	0.0	169.0	140.0	0.0	0.0	0.0	136.0	0.0	144.0	0.0	0.0	0.0	172.0	0.0	0.0	0.0	166.0	0.0	0.0	0.0	143.0	0.0	0.0	0.0	0.0	0.0	141.0	0.0	0.0	0.0	0.0	0.0	0.0	0.0	0.0	0.0	0.0	0.0	0.0	116.0	0.0	0.0	0.0	0.0
o225	168.0	155.0	146.0	137.0	130.0	126.0	125.0	128.0	134.0	142.0	152.0	161.0	168.0	173.0	175.0	173.0	168.0	160.0	151.0	141.0	133.0	128.0	125.0	126.0	131.0	138.0	147.0	156.0	165.0	171.0	175.0	174.0	171.0	164.0	155.0	146.0	137.0	130.0	126.0	125.0	128.0	134.0	142.0	152.0	161.0	168.0	173.0	175.0	173.0	168.0
o226	0.0	155.0	146.0	137.0	130.0	126.0	0.0	128.0	134.0	142.0	0.0	0.0	168.0	173.0	0.0	173.0	0.0	0.0	151.0	141.0	133.0	128.0	125.0	126.0	131.0	138.0	147.0	156.0	165.0	171.0	175.0	174.0	0.0	0.0	0.0	146.0	137.0	130.0	0.0	125.0	0.0	0.0	142.0	152.0	161.0	168.0	173.0	0.0	0.0	168.0
o227	0.0	0.0	0.0	0.0	0.0	126.0	125.0	0.0	134.0	142.0	152.0	161.0	0.0	0.0	175.0	173.0	0.0	0.0	0.0	0.0	0.0	0.0	0.0	0.0	0.0	0.0	0.0	0.0	0.0	0.0	0.0	174.0	171.0	0.0	0.0	0.0	0.0	0.0	126.0	0.0	128.0	0.0	0.0	0.0	0.0	0.0	0.0	0.0	173.0	0.0
o228	168.0	150.0	146.0	142.0	131.0	122.0	129.0	125.0	133.0	145.0	151.0	159.0	164.0	177.0	171.0	174.0	163.0	156.0	145.0	145.0	131.0	131.0	121.0	129.0	136.0	133.0	153.0	155.0	163.0	177.0	171.0	176.0	169.0	160.0	151.0	147.0	138.0	131.0	125.0	131.0	125.0	132.0	137.0	155.0	166.0	166.0	168.0	179.0	169.0	162.0
o229	166.0	154.0	142.0	143.0	136.0	127.0	127.0	0.0	137.0	138.0	0.0	163.0	0.0	178.0	0.0	175.0	167.0	160.0	148.0	0.0	133.0	0.0	130.0	0.0	0.0	0.0	150.0	155.0	159.0	174.0	0.0	178.0	169.0	163.0	0.0	147.0	139.0	136.0	0.0	124.0	126.0	139.0	141.0	148.0	161.0	0.0	169.0	0.0	0.0	164.0
o230	0.0	0.0	146.0	0.0	0.0	123.0	0.0	0.0	0.0	0.0	0.0	0.0	0.0	0.0	0.0	0.0	166.0	0.0	0.0	144.0	136.0	0.0	0.0	0.0	0.0	134.0	0.0	0.0	0.0	167.0	178.0	0.0	167.0	0.0	0.0	140.0	0.0	127.0	128.0	0.0	0.0	0.0	0.0	0.0	167.0	0.0	0.0	0.0	0.0	0.0
o231	177.0	163.0	142.0	137.0	135.0	119.0	119.0	124.0	133.0	154.0	162.0	173.0	163.0	174.0	181.0	178.0	166.0	168.0	160.0	150.0	144.0	119.0	117.0	139.0	131.0	144.0	156.0	150.0	170.0	182.0	164.0	172.0	171.0	170.0	148.0	154.0	133.0	141.0	134.0	135.0	121.0	139.0	135.0	156.0	162.0	174.0	167.0	163.0	182.0	165.0
o232	161.0	0.0	0.0	139.0	0.0	115.0	128.0	121.0	144.0	146.0	146.0	173.0	175.0	162.0	0.0	168.0	0.0	149.0	0.0	152.0	135.0	0.0	124.0	0.0	142.0	131.0	0.0	0.0	165.0	176.0	171.0	162.0	164.0	171.0	159.0	144.0	0.0	0.0	134.0	135.0	131.0	139.0	133.0	0.0	170.0	0.0	168.0	169.0	176.0	0.0
o233	0.0	143.0	0.0	0.0	132.0	0.0	0.0	136.0	0.0	140.0	159.0	0.0	178.0	0.0	0.0	0.0	0.0	0.0	0.0	0.0	0.0	0.0	0.0	131.0	0.0	132.0	0.0	0.0	0.0	0.0	170.0	186.0	0.0	0.0	0.0	0.0	0.0	0.0	115.0	0.0	0.0	126.0	0.0	0.0	0.0	0.0	0.0	0.0	0.0	178.0
o234	125.0	129.0	135.0	144.0	154.0	162.0	170.0	174.0	175.0	172.0	166.0	158.0	149.0	140.0	132.0	127.0	125.0	127.0	132.0	140.0	149.0	158.0	166.0	172.0	175.0	174.0	170.0	163.0	154.0	144.0	135.0	129.0	125.0	125.0	129.0	135.0	144.0	154.0	162.0	170.0	174.0	175.0	172.0	166.0	158.0	149.0	140.0	132.0	127.0	125.0
o235	125.0	129.0	135.0	144.0	0.0	162.0	170.0	174.0	175.0	172.0	166.0	158.0	149.0	140.0	132.0	127.0	125.0	0.0	0.0	140.0	0.0	0.0	166.0	172.0	175.0	174.0	170.0	0.0	0.0	0.0	135.0	129.0	0.0	125.0	129.0	135.0	144.0	0.0	162.0	170.0	174.0	0.0	0.0	166.0	0.0	149.0	0.0	132.0	0.0	125.0
o236	0.0	0.0	0.0	0.0	0.0	162.0	0.0	0.0	0.0	0.0	0.0	0.0	0.0	140.0	132.0	0.0	0.0	0.0	0.0	140.0	0.0	158.0	0.0	172.0	175.0	0.0	0.0	0.0	0.0	0.0	0.0	0.0	0.0	125.0	0.0	0.0	144.0	0.0	0.0	0.0	0.0	175.0	0.0	0.0	0.0	0.0	0.0	132.0	127.0	125.0
o237	121.0	123.0	135.0	150.0	159.0	164.0	168.0	176.0	174.0	173.0	166.0	157.0	150.0	137.0	138.0	122.0	130.0	133.0	128.0	136.0	145.0	158.0	169.0	169.0	174.0	178.0	169.0	166.0	149.0	147.0	139.0	133.0	128.0	121.0	124.0	141.0	148.0	156.0	162.0	175.0	177.0	169.0	169.0	166.0	163.0	147.0	135.0	126.0	130.0	129.0
o238	127.0	132.0	0.0	150.0	150.0	161.0	174.0	173.0	0.0	170.0	167.0	161.0	143.0	141.0	136.0	132.0	130.0	131.0	0.0	0.0	0.0	153.0	167.0	0.0	0.0	177.0	174.0	163.0	0.0	143.0	134.0	125.0	0.0	0.0	127.0	0.0	144.0	0.0	166.0	0.0	0.0	0.0	168.0	163.0	158.0	151.0	139.0	136.0	126.0	124.0
o239	130.0	0.0	0.0	0.0	0.0	0.0	0.0	0.0	0.0	0.0	0.0	0.0	0.0	0.0	0.0	0.0	128.0	132.0	0.0	0.0	0.0	0.0	0.0	0.0	0.0	170.0	172.0	0.0	153.0	0.0	0.0	0.0	0.0	0.0	0.0	130.0	0.0	0.0	160.0	167.0	0.0	174.0	0.0	170.0	0.0	0.0	143.0	0.0	128.0	0.0
o240	128.0	127.0	141.0	141.0	152.0	153.0	166.0	175.0	162.0	165.0	165.0	163.0	149.0	140.0	142.0	135.0	135.0	127.0	137.0	151.0	159.0	149.0	174.0	175.0	168.0	176.0	176.0	165.0	148.0	134.0	144.0	123.0	121.0	120.0	123.0	127.0	139.0	166.0	170.0	157.0	186.0	173.0	171.0	171.0	157.0	138.0	148.0	132.0	127.0	128.0
o241	0.0	129.0	123.0	132.0	146.0	0.0	163.0	172.0	0.0	175.0	158.0	159.0	0.0	142.0	135.0	139.0	120.0	127.0	0.0	134.0	159.0	0.0	0.0	175.0	0.0	165.0	173.0	0.0	0.0	156.0	131.0	0.0	119.0	123.0	136.0	140.0	0.0	151.0	152.0	168.0	179.0	0.0	163.0	162.0	0.0	0.0	133.0	138.0	117.0	132.0
o242	0.0	0.0	136.0	144.0	0.0	0.0	0.0	0.0	0.0	0.0	0.0	149.0	0.0	0.0	0.0	0.0	0.0	139.0	0.0	132.0	137.0	0.0	0.0	0.0	0.0	171.0	160.0	0.0	156.0	134.0	0.0	0.0	136.0	0.0	0.0	0.0	0.0	0.0	162.0	0.0	0.0	0.0	0.0	0.0	0.0	0.0	132.0	0.0	0.0	0.0