# Constructed from biom file
#OTU ID	s0	s1	s2	s3	s4	s5	s6	s7	s8	s9	s10	s11	s12	s13	s14	s15	s16	s17	s18	s19	s20	s21	s22	s23	s24	s25	s26	s27	s28	s29	s30	s31	s32	s33	s34	s35	s36	s37	s38	s39	s40	s41	s42	s43	s44	s45	s46	s47	s48	s49
o0	250.0	250.0	250.0	250.0	250.0	250.0	250.0	250.0	250.0	250.0	250.0	250.0	250.0	50.0	50.0	50.0	50.0	50.0	50.0	50.0	50.0	50.0	50.0	50.0	50.0	250.0	245.0	234.0	218.0	197.0	174.0	148.0	123.0	100.0	80.0	64.0	54.0	50.0	52.0	61.0	75.0	95.0	117.0	142.0	167.0	192.0	213.0	231.0	243.0	249.0
o1	250.0	250.0	250.0	250.0	0.0	250.0	0.0	250.0	250.0	250.0	250.0	250.0	250.0	50.0	0.0	50.0	50.0	0.0	0.0	50.0	50.0	50.0	0.0	0.0	0.0	250.0	0.0	0.0	218.0	0.0	0.0	0.0	123.0	100.0	80.0	64.0	0.0	50.0	52.0	0.0	0.0	95.0	117.0	0.0	0.0	192.0	0.0	231.0	0.0	249.0
o2	0.0	0.0	0.0	0.0	250.0	0.0	250.0	250.0	0.0	0.0	0.0	0.0	0.0	0.0	0.0	0.0	0.0	0.0	0.0	0.0	0.0	0.0	50.0	50.0	50.0	0.0	245.0	0.0	218.0	0.0	174.0	0.0	0.0	0.0	0.0	0.0	0.0	0.0	0.0	61.0	0.0	0.0	0.0	142.0	167.0	0.0	0.0	231.0	0.0	249.0
o3	258.0	247.0	254.0	238.0	241.0	227.0	272.0	264.0	264.0	255.0	239.0	244.0	240.0	36.0	57.0	45.0	31.0	71.0	47.0	67.0	63.0	47.0	64.0	59.0	27.0	267.0	231.0	228.0	219.0	215.0	183.0	165.0	133.0	98.0	60.0	69.0	77.0	62.0	66.0	46.0	57.0	73.0	102.0	136.0	182.0	188.0	223.0	239.0	234.0	247.0
o4	266.0	0.0	0.0	0.0	269.0	259.0	236.0	232.0	252.0	0.0	0.0	273.0	246.0	0.0	0.0	69.0	50.0	36.0	41.0	37.0	0.0	42.0	59.0	29.0	28.0	0.0	0.0	0.0	0.0	195.0	150.0	161.0	0.0	0.0	74.0	69.0	78.0	55.0	32.0	0.0	0.0	0.0	125.0	150.0	185.0	177.0	223.0	254.0	234.0	272.0
o5	0.0	0.0	264.0	0.0	0.0	244.0	0.0	273.0	0.0	0.0	0.0	0.0	270.0	0.0	0.0	0.0	0.0	0.0	0.0	0.0	57.0	0.0	41.0	0.0	35.0	0.0	0.0	0.0	0.0	0.0	0.0	132.0	135.0	0.0	0.0	0.0	0.0	65.0	0.0	69.0	0.0	0.0	0.0	0.0	0.0	0.0	0.0	218.0	0.0	269.0
o6	267.0	260.0	214.0	218.0	273.0	242.0	234.0	205.0	284.0	228.0	267.0	289.0	266.0	67.0	0.0	69.0	74.0	50.0	43.0	73.0	52.0	87.0	25.0	44.0	30.0	245.0	252.0	220.0	197.0	194.0	130.0	121.0	112.0	76.0	70.0	31.0	93.0	13.0	77.0	75.0	104.0	76.0	105.0	109.0	211.0	148.0	260.0	188.0	284.0	276.0
o7	240.0	279.0	256.0	0.0	297.0	221.0	235.0	221.0	232.0	0.0	0.0	258.0	244.0	22.0	0.0	3.0	0.0	0.0	0.0	66.0	95.0	0.0	66.0	87.0	9.0	0.0	267.0	0.0	203.0	191.0	0.0	194.0	0.0	82.0	90.0	21.0	0.0	0.0	88.0	52.0	0.0	0.0	124.0	178.0	0.0	0.0	235.0	217.0	0.0	259.0
o8	245.0	0.0	0.0	257.0	0.0	276.0	0.0	0.0	0.0	0.0	0.0	0.0	0.0	0.0	0.0	71.0	0.0	0.0	0.0	0.0	0.0	35.0	0.0	0.0	2.0	0.0	198.0	0.0	0.0	0.0	0.0	0.0	0.0	0.0	56.0	0.0	81.0	0.0	0.0	0.0	89.0	74.0	0.0	105.0	0.0	142.0	0.0	0.0	0.0	0.0
o9	250.0	250.0	250.0	250.0	250.0	250.0	250.0	250.0	250.0	250.0	50.0	50.0	50.0	50.0	50.0	50.0	50.0	50.0	50.0	50.0	50.0	50.0	250.0	250.0	250.0	221.0	195.0	171.0	146.0	121.0	98.0	78.0	63.0	53.0	50.0	53.0	62.0	77.0	97.0	120.0	144.0	170.0	194.0	215.0	232.0	244.0	249.0	249.0	242.0	229.0
o10	250.0	250.0	0.0	250.0	250.0	250.0	250.0	0.0	250.0	0.0	0.0	0.0	0.0	0.0	50.0	50.0	50.0	50.0	50.0	50.0	50.0	50.0	0.0	250.0	250.0	221.0	195.0	0.0	146.0	121.0	98.0	0.0	63.0	53.0	0.0	0.0	0.0	77.0	97.0	120.0	144.0	0.0	194.0	0.0	232.0	244.0	249.0	249.0	0.0	229.0
o11	0.0	0.0	0.0	250.0	0.0	250.0	250.0	250.0	0.0	0.0	50.0	0.0	0.0	50.0	0.0	0.0	0.0	50.0	0.0	50.0	0.0	0.0	0.0	0.0	250.0	0.0	0.0	0.0	0.0	121.0	98.0	0.0	0.0	0.0	0.0	0.0	0.0	77.0	97.0	0.0	0.0	0.0	0.0	0.0	232.0	0.0	0.0	0.0	242.0	229.0
o12	260.0	264.0	230.0	270.0	227.0	254.0	245.0	258.0	234.0	247.0	40.0	61.0	44.0	67.0	52.0	35.0	38.0	27.0	34.0	44.0	61.0	74.0	240.0	255.0	264.0	196.0	195.0	162.0	143.0	129.0	123.0	54.0	78.0	38.0	75.0	41.0	77.0	102.0	112.0	137.0	151.0	169.0	218.0	227.0	255.0	229.0	238.0	232.0	230.0	241.0
o13	225.0	0.0	0.0	240.0	244.0	239.0	256.0	238.0	265.0	227.0	34.0	58.0	35.0	68.0	0.0	0.0	44.0	0.0	56.0	69.0	49.0	45.0	229.0	0.0	230.0	228.0	178.0	0.0	0.0	0.0	78.0	93.0	0.0	50.0	67.0	0.0	80.0	68.0	74.0	127.0	145.0	152.0	177.0	0.0	215.0	0.0	258.0	227.0	0.0	233.0
o14	0.0	0.0	0.0	0.0	0.0	0.0	270.0	0.0	0.0	0.0	0.0	0.0	0.0	0.0	0.0	55.0	0.0	73.0	0.0	0.0	0.0	75.0	0.0	265.0	0.0	223.0	0.0	0.0	0.0	0.0	77.0	0.0	0.0	35.0	0.0	35.0	82.0	0.0	0.0	0.0	0.0	0.0	0.0	0.0	0.0	256.0	0.0	0.0	0.0	0.0
o15	210.0	231.0	245.0	220.0	255.0	272.0	272.0	283.0	230.0	296.0	86.0	68.0	96.0	14.0	32.0	78.0	28.0	27.0	63.0	14.0	28.0	14.0	247.0	233.0	263.0	251.0	195.0	194.0	187.0	104.0	123.0	48.0	31.0	48.0	90.0	19.0	86.0	113.0	110.0	136.0	95.0	128.0	155.0	220.0	247.0	270.0	206.0	249.0	273.0	270.0
o16	0.0	269.0	0.0	223.0	0.0	0.0	0.0	283.0	274.0	287.0	0.0	40.0	0.0	91.0	79.0	38.0	77.0	15.0	51.0	75.0	37.0	55.0	262.0	248.0	201.0	222.0	150.0	127.0	104.0	97.0	111.0	81.0	58.0	4.0	0.0	0.0	0.0	30.0	143.0	0.0	0.0	0.0	232.0	0.0	205.0	217.0	274.0	0.0	194.0	246.0
o17	230.0	0.0	204.0	0.0	0.0	0.0	248.0	235.0	0.0	0.0	91.0	0.0	0.0	0.0	0.0	36.0	60.0	0.0	0.0	0.0	0.0	0.0	240.0	226.0	0.0	0.0	0.0	0.0	105.0	0.0	52.0	0.0	97.0	0.0	0.0	101.0	0.0	0.0	0.0	136.0	0.0	0.0	148.0	230.0	0.0	0.0	0.0	0.0	213.0	190.0
o18	250.0	250.0	250.0	250.0	250.0	250.0	50.0	50.0	50.0	50.0	50.0	50.0	50.0	50.0	50.0	50.0	50.0	50.0	50.0	250.0	250.0	250.0	250.0	250.0	250.0	150.0	119.0	96.0	77.0	62.0	53.0	50.0	54.0	63.0	79.0	99.0	122.0	147.0	172.0	196.0	217.0	233.0	245.0	250.0	248.0	241.0	228.0	209.0	187.0	163.0
o19	250.0	250.0	0.0	0.0	250.0	0.0	50.0	50.0	0.0	0.0	50.0	50.0	50.0	50.0	50.0	0.0	0.0	50.0	50.0	250.0	0.0	250.0	0.0	250.0	250.0	0.0	0.0	0.0	77.0	0.0	53.0	50.0	54.0	63.0	0.0	0.0	122.0	0.0	172.0	196.0	217.0	233.0	245.0	250.0	248.0	241.0	228.0	209.0	187.0	0.0
o20	250.0	0.0	0.0	0.0	250.0	0.0	0.0	0.0	0.0	50.0	50.0	0.0	0.0	0.0	50.0	0.0	0.0	0.0	50.0	0.0	0.0	0.0	0.0	0.0	0.0	150.0	0.0	0.0	77.0	0.0	0.0	50.0	0.0	0.0	0.0	0.0	0.0	0.0	172.0	0.0	0.0	0.0	0.0	0.0	0.0	0.0	228.0	0.0	0.0	0.0
o21	241.0	273.0	232.0	237.0	243.0	227.0	44.0	33.0	33.0	31.0	70.0	72.0	54.0	67.0	47.0	47.0	27.0	26.0	65.0	232.0	225.0	238.0	274.0	273.0	275.0	171.0	142.0	94.0	72.0	70.0	57.0	54.0	60.0	46.0	79.0	104.0	110.0	145.0	155.0	216.0	240.0	236.0	226.0	242.0	264.0	256.0	222.0	213.0	175.0	149.0
o22	0.0	0.0	248.0	270.0	274.0	233.0	0.0	0.0	42.0	39.0	0.0	0.0	26.0	0.0	0.0	67.0	40.0	69.0	69.0	0.0	0.0	266.0	241.0	253.0	268.0	134.0	111.0	0.0	0.0	74.0	0.0	37.0	77.0	46.0	0.0	0.0	100.0	0.0	0.0	180.0	204.0	0.0	240.0	233.0	267.0	0.0	230.0	220.0	173.0	178.0
o23	0.0	0.0	0.0	0.0	245.0	230.0	0.0	0.0	0.0	0.0	0.0	75.0	0.0	39.0	0.0	0.0	0.0	0.0	0.0	274.0	0.0	0.0	0.0	0.0	0.0	0.0	139.0	0.0	62.0	65.0	0.0	0.0	0.0	0.0	0.0	0.0	107.0	0.0	0.0	0.0	0.0	0.0	0.0	0.0	0.0	248.0	239.0	0.0	0.0	0.0
o24	220.0	223.0	272.0	229.0	296.0	284.0	81.0	65.0	82.0	69.0	92.0	38.0	26.0	26.0	94.0	41.0	72.0	95.0	69.0	273.0	253.0	214.0	254.0	233.0	237.0	188.0	137.0	140.0	37.0	57.0	28.0	70.0	87.0	107.0	127.0	120.0	156.0	176.0	153.0	229.0	226.0	247.0	285.0	207.0	219.0	240.0	272.0	165.0	147.0	167.0
o25	295.0	288.0	262.0	293.0	254.0	206.0	23.0	0.0	87.0	67.0	14.0	0.0	6.0	54.0	0.0	40.0	0.0	76.0	16.0	213.0	0.0	280.0	241.0	221.0	272.0	150.0	0.0	0.0	0.0	28.0	58.0	58.0	47.0	31.0	111.0	64.0	0.0	167.0	0.0	228.0	0.0	0.0	216.0	259.0	206.0	288.0	0.0	173.0	160.0	147.0
o26	0.0	0.0	0.0	0.0	228.0	0.0	0.0	53.0	0.0	0.0	0.0	0.0	29.0	0.0	0.0	0.0	0.0	0.0	52.0	0.0	0.0	0.0	0.0	0.0	265.0	0.0	0.0	0.0	0.0	0.0	0.0	0.0	0.0	0.0	0.0	110.0	0.0	0.0	131.0	147.0	216.0	0.0	0.0	286.0	0.0	0.0	0.0	0.0	0.0	0.0
o27	200.0	200.0	200.0	200.0	200.0	200.0	200.0	200.0	200.0	200.0	200.0	200.0	200.0	100.0	100.0	100.0	100.0	100.0	100.0	100.0	100.0	100.0	100.0	100.0	100.0	200.0	198.0	192.0	184.0	174.0	162.0	149.0	137.0	125.0	115.0	107.0	102.0	100.0	101.0	106.0	113.0	122.0	134.0	146.0	159.0	171.0	182.0	190.0	196.0	200.0
o28	200.0	200.0	200.0	200.0	200.0	200.0	0.0	0.0	200.0	200.0	200.0	200.0	200.0	100.0	0.0	0.0	100.0	0.0	100.0	100.0	0.0	100.0	100.0	100.0	0.0	0.0	198.0	192.0	184.0	174.0	162.0	0.0	137.0	125.0	115.0	0.0	0.0	100.0	0.0	106.0	113.0	0.0	134.0	0.0	0.0	171.0	182.0	190.0	0.0	200.0
o29	200.0	200.0	0.0	0.0	0.0	200.0	0.0	0.0	0.0	0.0	0.0	0.0	0.0	0.0	0.0	0.0	0.0	0.0	100.0	100.0	0.0	100.0	0.0	100.0	100.0	200.0	0.0	0.0	0.0	174.0	0.0	0.0	0.0	125.0	0.0	107.0	102.0	0.0	0.0	0.0	113.0	0.0	0.0	146.0	159.0	0.0	0.0	0.0	0.0	0.0
o30	195.0	208.0	212.0	204.0	194.0	193.0	211.0	194.0	197.0	194.0	205.0	189.0	195.0	94.0	96.0	100.0	92.0	96.0	110.0	109.0	90.0	101.0	88.0	90.0	95.0	201.0	202.0	181.0	176.0	184.0	173.0	138.0	140.0	137.0	127.0	109.0	91.0	107.0	113.0	114.0	116.0	134.0	135.0	144.0	156.0	164.0	172.0	181.0	196.0	188.0
o31	204.0	201.0	211.0	0.0	196.0	0.0	0.0	208.0	202.0	0.0	201.0	199.0	212.0	95.0	105.0	90.0	0.0	100.0	107.0	0.0	97.0	88.0	105.0	0.0	94.0	207.0	190.0	197.0	177.0	0.0	0.0	0.0	131.0	0.0	103.0	107.0	0.0	96.0	0.0	102.0	109.0	0.0	136.0	158.0	161.0	163.0	186.0	178.0	201.0	0.0
o32	0.0	0.0	0.0	0.0	193.0	0.0	0.0	0.0	201.0	204.0	0.0	203.0	0.0	106.0	0.0	101.0	0.0	0.0	0.0	91.0	0.0	0.0	0.0	0.0	0.0	0.0	0.0	0.0	191.0	170.0	162.0	138.0	0.0	0.0	0.0	0.0	0.0	0.0	0.0	0.0	0.0	0.0	0.0	0.0	169.0	166.0	0.0	185.0	0.0	0.0
o33	184.0	223.0	192.0	218.0	199.0	213.0	214.0	222.0	219.0	183.0	208.0	181.0	201.0	96.0	108.0	107.0	102.0	117.0	111.0	118.0	101.0	124.0	120.0	99.0	97.0	176.0	215.0	187.0	167.0	153.0	176.0	139.0	120.0	119.0	138.0	90.0	92.0	83.0	116.0	119.0	131.0	147.0	150.0	158.0	181.0	185.0	198.0	169.0	194.0	176.0
o34	181.0	223.0	0.0	222.0	202.0	211.0	193.0	176.0	219.0	0.0	216.0	205.0	191.0	117.0	113.0	0.0	118.0	115.0	112.0	120.0	0.0	79.0	0.0	0.0	0.0	0.0	0.0	204.0	188.0	186.0	180.0	133.0	132.0	103.0	0.0	0.0	0.0	122.0	93.0	124.0	108.0	101.0	135.0	136.0	0.0	150.0	189.0	185.0	211.0	176.0
o35	221.0	215.0	0.0	0.0	0.0	200.0	0.0	210.0	0.0	219.0	0.0	0.0	0.0	0.0	76.0	0.0	0.0	0.0	110.0	78.0	82.0	0.0	0.0	0.0	0.0	0.0	0.0	214.0	0.0	0.0	0.0	0.0	0.0	0.0	113.0	0.0	0.0	114.0	0.0	0.0	0.0	126.0	0.0	152.0	0.0	0.0	0.0	0.0	177.0	0.0
o36	200.0	200.0	200.0	200.0	200.0	200.0	200.0	200.0	200.0	200.0	100.0	100.0	100.0	100.0	100.0	100.0	100.0	100.0	100.0	100.0	100.0	100.0	200.0	200.0	200.0	185.0	173.0	161.0	148.0	136.0	124.0	114.0	107.0	102.0	100.0	102.0	106.0	114.0	123.0	135.0	147.0	160.0	172.0	182.0	191.0	197.0	200.0	199.0	196.0	190.0
o37	0.0	200.0	0.0	0.0	200.0	200.0	200.0	200.0	200.0	0.0	100.0	0.0	100.0	100.0	100.0	0.0	100.0	0.0	0.0	100.0	0.0	100.0	200.0	200.0	200.0	185.0	173.0	0.0	148.0	136.0	124.0	114.0	107.0	0.0	0.0	0.0	106.0	114.0	123.0	0.0	147.0	160.0	172.0	182.0	191.0	197.0	0.0	199.0	196.0	190.0
o38	0.0	200.0	0.0	200.0	0.0	0.0	0.0	200.0	0.0	200.0	100.0	100.0	0.0	0.0	100.0	0.0	0.0	0.0	0.0	100.0	0.0	0.0	0.0	0.0	0.0	0.0	0.0	0.0	0.0	0.0	0.0	0.0	107.0	102.0	100.0	0.0	0.0	114.0	123.0	0.0	0.0	0.0	0.0	0.0	191.0	0.0	0.0	0.0	0.0	190.0
o39	193.0	208.0	193.0	206.0	210.0	210.0	197.0	189.0	207.0	206.0	100.0	98.0	112.0	107.0	98.0	103.0	104.0	102.0	90.0	112.0	108.0	107.0	191.0	211.0	212.0	182.0	173.0	149.0	140.0	144.0	116.0	110.0	95.0	106.0	109.0	89.0	96.0	119.0	112.0	143.0	137.0	158.0	178.0	185.0	189.0	199.0	203.0	202.0	195.0	181.0
o40	200.0	200.0	0.0	205.0	0.0	190.0	196.0	197.0	195.0	0.0	0.0	93.0	101.0	110.0	98.0	105.0	102.0	108.0	104.0	104.0	0.0	90.0	209.0	0.0	195.0	179.0	0.0	154.0	138.0	127.0	0.0	115.0	0.0	94.0	105.0	0.0	115.0	0.0	122.0	128.0	147.0	148.0	171.0	191.0	0.0	0.0	0.0	200.0	0.0	0.0
o41	0.0	202.0	190.0	204.0	199.0	197.0	0.0	209.0	0.0	0.0	0.0	93.0	0.0	0.0	0.0	0.0	0.0	102.0	0.0	0.0	0.0	0.0	0.0	0.0	0.0	0.0	171.0	0.0	0.0	125.0	0.0	0.0	0.0	0.0	0.0	114.0	103.0	0.0	0.0	0.0	0.0	167.0	0.0	189.0	0.0	0.0	196.0	0.0	0.0	0.0
o42	184.0	186.0	200.0	217.0	196.0	213.0	181.0	185.0	204.0	199.0	113.0	121.0	99.0	81.0	90.0	88.0	93.0	84.0	84.0	79.0	108.0	77.0	195.0	197.0	192.0	181.0	191.0	157.0	128.0	132.0	127.0	114.0	90.0	91.0	108.0	108.0	105.0	118.0	107.0	152.0	165.0	137.0	178.0	172.0	200.0	193.0	210.0	199.0	195.0	182.0
o43	0.0	0.0	0.0	0.0	0.0	0.0	204.0	216.0	221.0	0.0	101.0	78.0	105.0	107.0	0.0	79.0	105.0	78.0	80.0	107.0	117.0	0.0	220.0	0.0	219.0	0.0	183.0	0.0	0.0	153.0	105.0	97.0	0.0	84.0	0.0	87.0	0.0	99.0	143.0	144.0	136.0	0.0	150.0	206.0	181.0	207.0	200.0	0.0	221.0	166.0
o44	0.0	0.0	192.0	197.0	0.0	0.0	198.0	0.0	0.0	0.0	0.0	0.0	0.0	0.0	124.0	0.0	0.0	103.0	119.0	0.0	89.0	0.0	193.0	0.0	0.0	0.0	0.0	0.0	0.0	0.0	114.0	0.0	0.0	0.0	0.0	0.0	0.0	96.0	0.0	0.0	0.0	0.0	161.0	183.0	214.0	0.0	221.0	223.0	193.0	0.0
o45	200.0	200.0	200.0	200.0	200.0	200.0	100.0	100.0	100.0	100.0	100.0	100.0	100.0	100.0	100.0	100.0	100.0	100.0	100.0	200.0	200.0	200.0	200.0	200.0	200.0	150.0	134.0	123.0	113.0	106.0	101.0	100.0	102.0	107.0	114.0	124.0	136.0	148.0	161.0	173.0	183.0	192.0	197.0	200.0	199.0	195.0	189.0	180.0	169.0	156.0
o46	0.0	200.0	200.0	200.0	200.0	200.0	0.0	100.0	100.0	100.0	100.0	100.0	0.0	0.0	100.0	100.0	0.0	100.0	100.0	0.0	0.0	200.0	200.0	200.0	200.0	150.0	134.0	0.0	113.0	106.0	0.0	100.0	0.0	0.0	114.0	124.0	136.0	148.0	0.0	173.0	183.0	192.0	197.0	200.0	0.0	195.0	0.0	0.0	169.0	156.0
o47	0.0	200.0	0.0	0.0	200.0	0.0	100.0	0.0	0.0	0.0	0.0	0.0	100.0	0.0	0.0	0.0	100.0	0.0	0.0	0.0	200.0	0.0	0.0	0.0	0.0	0.0	0.0	0.0	113.0	106.0	0.0	0.0	0.0	107.0	114.0	0.0	0.0	0.0	0.0	0.0	0.0	192.0	0.0	0.0	199.0	195.0	189.0	0.0	0.0	0.0
o48	192.0	205.0	191.0	201.0	209.0	188.0	112.0	90.0	88.0	100.0	89.0	110.0	91.0	94.0	101.0	106.0	94.0	99.0	95.0	209.0	207.0	193.0	195.0	194.0	209.0	155.0	134.0	132.0	101.0	109.0	106.0	98.0	92.0	110.0	117.0	129.0	141.0	139.0	162.0	170.0	175.0	197.0	202.0	201.0	198.0	199.0	184.0	187.0	159.0	152.0
o49	208.0	188.0	0.0	188.0	205.0	192.0	91.0	0.0	108.0	100.0	112.0	0.0	0.0	99.0	93.0	99.0	0.0	94.0	98.0	202.0	206.0	196.0	199.0	207.0	0.0	147.0	139.0	0.0	117.0	0.0	0.0	103.0	110.0	0.0	0.0	119.0	0.0	0.0	157.0	166.0	174.0	187.0	206.0	197.0	0.0	204.0	0.0	183.0	171.0	157.0
o50	0.0	0.0	207.0	0.0	0.0	0.0	102.0	91.0	0.0	107.0	95.0	0.0	0.0	0.0	0.0	0.0	109.0	0.0	0.0	0.0	0.0	0.0	0.0	212.0	207.0	0.0	122.0	0.0	0.0	0.0	101.0	98.0	0.0	0.0	0.0	121.0	0.0	0.0	0.0	0.0	0.0	0.0	0.0	0.0	0.0	198.0	0.0	0.0	0.0	0.0
o51	219.0	220.0	197.0	208.0	220.0	197.0	85.0	83.0	114.0	110.0	103.0	116.0	105.0	99.0	85.0	87.0	121.0	120.0	79.0	188.0	189.0	192.0	216.0	181.0	225.0	148.0	119.0	140.0	133.0	129.0	103.0	104.0	120.0	122.0	121.0	122.0	114.0	130.0	152.0	157.0	161.0	182.0	188.0	224.0	201.0	182.0	211.0	158.0	171.0	140.0
o52	196.0	181.0	0.0	0.0	187.0	0.0	123.0	110.0	0.0	102.0	0.0	96.0	0.0	107.0	83.0	85.0	104.0	124.0	0.0	0.0	185.0	184.0	195.0	211.0	0.0	153.0	131.0	0.0	90.0	0.0	113.0	0.0	85.0	85.0	104.0	0.0	152.0	166.0	166.0	176.0	167.0	171.0	197.0	216.0	219.0	198.0	208.0	0.0	164.0	0.0
o53	0.0	0.0	0.0	0.0	189.0	0.0	0.0	0.0	0.0	0.0	0.0	0.0	0.0	0.0	0.0	0.0	84.0	96.0	0.0	198.0	0.0	0.0	183.0	0.0	0.0	0.0	0.0	0.0	0.0	0.0	0.0	0.0	0.0	0.0	0.0	0.0	153.0	0.0	0.0	0.0	0.0	0.0	0.0	187.0	0.0	0.0	170.0	0.0	0.0	0.0
o54	175.0	175.0	175.0	175.0	175.0	175.0	175.0	175.0	175.0	175.0	175.0	175.0	175.0	125.0	125.0	125.0	125.0	125.0	125.0	125.0	125.0	125.0	125.0	125.0	125.0	175.0	174.0	171.0	167.0	162.0	156.0	150.0	143.0	138.0	132.0	129.0	126.0	125.0	126.0	128.0	131.0	136.0	142.0	148.0	154.0	160.0	166.0	170.0	173.0	175.0
o55	175.0	175.0	175.0	0.0	175.0	0.0	175.0	0.0	175.0	175.0	175.0	175.0	175.0	125.0	125.0	0.0	125.0	125.0	125.0	0.0	125.0	0.0	125.0	125.0	125.0	175.0	174.0	0.0	0.0	0.0	156.0	150.0	143.0	0.0	132.0	129.0	126.0	125.0	126.0	0.0	0.0	136.0	142.0	148.0	154.0	0.0	0.0	170.0	173.0	175.0
o56	175.0	0.0	175.0	0.0	0.0	175.0	0.0	175.0	175.0	0.0	0.0	0.0	0.0	0.0	0.0	0.0	125.0	0.0	0.0	0.0	125.0	0.0	0.0	0.0	0.0	0.0	0.0	0.0	0.0	162.0	156.0	0.0	0.0	0.0	0.0	0.0	0.0	0.0	126.0	0.0	0.0	136.0	0.0	0.0	0.0	0.0	0.0	0.0	173.0	0.0
o57	180.0	174.0	173.0	176.0	170.0	169.0	170.0	178.0	173.0	173.0	170.0	170.0	180.0	123.0	130.0	128.0	119.0	125.0	122.0	128.0	129.0	128.0	130.0	130.0	119.0	177.0	174.0	177.0	173.0	161.0	162.0	145.0	137.0	138.0	127.0	127.0	123.0	127.0	126.0	133.0	134.0	131.0	137.0	148.0	156.0	163.0	165.0	168.0	172.0	174.0
o58	179.0	177.0	169.0	179.0	178.0	175.0	0.0	174.0	180.0	181.0	176.0	169.0	0.0	131.0	122.0	128.0	122.0	124.0	119.0	0.0	0.0	0.0	122.0	123.0	130.0	0.0	179.0	176.0	167.0	157.0	154.0	153.0	141.0	134.0	132.0	0.0	126.0	131.0	126.0	129.0	130.0	0.0	137.0	0.0	0.0	164.0	0.0	171.0	172.0	180.0
o59	0.0	0.0	0.0	0.0	0.0	0.0	0.0	172.0	0.0	0.0	0.0	173.0	0.0	0.0	129.0	123.0	131.0	0.0	121.0	122.0	127.0	122.0	0.0	0.0	0.0	0.0	0.0	0.0	0.0	0.0	0.0	0.0	0.0	0.0	0.0	124.0	0.0	0.0	0.0	0.0	0.0	138.0	0.0	0.0	151.0	0.0	0.0	0.0	168.0	0.0
o60	180.0	184.0	175.0	177.0	172.0	183.0	164.0	171.0	173.0	181.0	174.0	181.0	171.0	122.0	121.0	114.0	121.0	124.0	116.0	131.0	136.0	114.0	133.0	137.0	133.0	166.0	178.0	165.0	155.0	173.0	167.0	143.0	132.0	146.0	143.0	136.0	129.0	130.0	134.0	119.0	125.0	133.0	140.0	158.0	158.0	170.0	165.0	166.0	185.0	187.0
o61	185.0	0.0	184.0	168.0	173.0	0.0	166.0	0.0	0.0	175.0	181.0	166.0	0.0	119.0	0.0	136.0	126.0	0.0	120.0	125.0	132.0	134.0	0.0	116.0	123.0	171.0	167.0	174.0	0.0	0.0	163.0	0.0	141.0	0.0	129.0	127.0	0.0	131.0	119.0	118.0	0.0	131.0	146.0	140.0	0.0	152.0	165.0	173.0	163.0	0.0
o62	170.0	176.0	0.0	0.0	184.0	0.0	184.0	0.0	0.0	0.0	0.0	167.0	0.0	0.0	0.0	128.0	0.0	131.0	0.0	0.0	0.0	0.0	0.0	0.0	0.0	0.0	0.0	177.0	0.0	0.0	166.0	146.0	0.0	0.0	0.0	0.0	0.0	0.0	0.0	0.0	0.0	0.0	140.0	0.0	152.0	0.0	171.0	178.0	0.0	0.0
o63	175.0	175.0	175.0	175.0	175.0	175.0	175.0	175.0	175.0	175.0	125.0	125.0	125.0	125.0	125.0	125.0	125.0	125.0	125.0	125.0	125.0	125.0	175.0	175.0	175.0	168.0	161.0	155.0	149.0	143.0	137.0	132.0	128.0	126.0	125.0	126.0	128.0	132.0	137.0	142.0	149.0	155.0	161.0	166.0	170.0	173.0	175.0	175.0	173.0	170.0
o64	175.0	175.0	0.0	175.0	0.0	175.0	175.0	175.0	175.0	175.0	125.0	0.0	0.0	0.0	125.0	0.0	125.0	125.0	125.0	125.0	125.0	125.0	175.0	0.0	0.0	168.0	161.0	0.0	149.0	143.0	137.0	132.0	0.0	126.0	125.0	126.0	128.0	0.0	137.0	142.0	149.0	155.0	0.0	166.0	170.0	173.0	0.0	175.0	173.0	170.0
o65	0.0	0.0	175.0	175.0	0.0	0.0	175.0	0.0	175.0	0.0	0.0	125.0	0.0	0.0	0.0	0.0	0.0	0.0	0.0	0.0	0.0	0.0	0.0	0.0	0.0	168.0	0.0	0.0	149.0	0.0	0.0	0.0	128.0	0.0	125.0	0.0	0.0	0.0	0.0	0.0	0.0	0.0	161.0	0.0	0.0	0.0	175.0	175.0	173.0	0.0
o66	171.0	169.0	177.0	175.0	170.0	180.0	171.0	174.0	179.0	175.0	122.0	127.0	129.0	119.0	121.0	122.0	127.0	128.0	128.0	126.0	128.0	121.0	171.0	171.0	176.0	173.0	156.0	159.0	145.0	146.0	133.0	138.0	130.0	123.0	119.0	126.0	122.0	126.0	139.0	139.0	151.0	158.0	164.0	171.0	169.0	178.0	169.0	172.0	177.0	175.0
o67	180.0	179.0	169.0	170.0	0.0	169.0	179.0	174.0	179.0	0.0	123.0	124.0	124.0	0.0	0.0	0.0	129.0	122.0	130.0	0.0	129.0	119.0	0.0	178.0	0.0	0.0	0.0	156.0	150.0	140.0	140.0	0.0	0.0	124.0	129.0	0.0	130.0	0.0	138.0	139.0	153.0	149.0	164.0	161.0	165.0	179.0	0.0	179.0	0.0	170.0
o68	0.0	0.0	0.0	0.0	0.0	178.0	0.0	0.0	0.0	172.0	131.0	127.0	0.0	0.0	0.0	126.0	0.0	123.0	0.0	0.0	129.0	0.0	0.0	0.0	0.0	0.0	0.0	0.0	0.0	0.0	138.0	0.0	0.0	120.0	0.0	120.0	0.0	0.0	0.0	0.0	0.0	159.0	0.0	0.0	0.0	174.0	0.0	171.0	0.0	0.0
o69	184.0	174.0	169.0	176.0	185.0	175.0	168.0	165.0	165.0	169.0	132.0	129.0	124.0	134.0	123.0	134.0	121.0	121.0	134.0	133.0	120.0	117.0	184.0	171.0	176.0	171.0	171.0	160.0	144.0	150.0	136.0	135.0	120.0	134.0	131.0	132.0	118.0	131.0	149.0	154.0	152.0	165.0	166.0	168.0	167.0	170.0	165.0	175.0	176.0	161.0
o70	187.0	176.0	166.0	166.0	173.0	184.0	0.0	171.0	168.0	177.0	136.0	0.0	119.0	116.0	131.0	126.0	0.0	123.0	0.0	129.0	122.0	133.0	165.0	0.0	179.0	159.0	150.0	0.0	145.0	133.0	148.0	138.0	126.0	0.0	0.0	0.0	137.0	140.0	126.0	137.0	142.0	150.0	169.0	168.0	183.0	0.0	175.0	0.0	168.0	171.0
o71	184.0	0.0	0.0	0.0	0.0	0.0	187.0	0.0	182.0	0.0	0.0	0.0	0.0	0.0	0.0	0.0	126.0	114.0	0.0	126.0	129.0	122.0	177.0	169.0	0.0	0.0	170.0	0.0	0.0	133.0	0.0	0.0	0.0	0.0	0.0	0.0	0.0	120.0	0.0	0.0	155.0	0.0	0.0	0.0	0.0	0.0	185.0	0.0	0.0	0.0
o72	175.0	175.0	175.0	175.0	175.0	175.0	125.0	125.0	125.0	125.0	125.0	125.0	125.0	125.0	125.0	125.0	125.0	125.0	125.0	175.0	175.0	175.0	175.0	175.0	175.0	150.0	142.0	136.0	132.0	128.0	126.0	125.0	126.0	128.0	132.0	137.0	143.0	149.0	156.0	161.0	167.0	171.0	174.0	175.0	175.0	173.0	169.0	165.0	159.0	153.0
o73	175.0	175.0	175.0	175.0	0.0	175.0	125.0	125.0	0.0	0.0	125.0	125.0	125.0	125.0	0.0	125.0	125.0	125.0	0.0	175.0	0.0	175.0	175.0	175.0	175.0	150.0	142.0	0.0	132.0	0.0	126.0	125.0	126.0	0.0	132.0	137.0	0.0	149.0	156.0	161.0	167.0	171.0	0.0	175.0	175.0	173.0	169.0	0.0	159.0	153.0
o74	175.0	0.0	0.0	0.0	0.0	0.0	0.0	0.0	125.0	0.0	0.0	0.0	0.0	0.0	125.0	0.0	125.0	0.0	0.0	175.0	0.0	0.0	0.0	0.0	175.0	0.0	0.0	0.0	0.0	0.0	126.0	125.0	0.0	128.0	0.0	0.0	0.0	0.0	0.0	0.0	167.0	0.0	0.0	0.0	0.0	0.0	0.0	165.0	0.0	0.0
o75	172.0	176.0	171.0	176.0	173.0	176.0	125.0	125.0	124.0	131.0	126.0	131.0	125.0	130.0	128.0	128.0	125.0	125.0	123.0	172.0	181.0	176.0	170.0	176.0	171.0	148.0	138.0	136.0	129.0	126.0	127.0	127.0	123.0	125.0	127.0	142.0	138.0	143.0	160.0	156.0	169.0	172.0	176.0	172.0	176.0	170.0	166.0	159.0	162.0	156.0
o76	178.0	170.0	171.0	178.0	169.0	179.0	0.0	126.0	120.0	123.0	122.0	0.0	0.0	122.0	131.0	121.0	121.0	129.0	127.0	0.0	0.0	0.0	174.0	181.0	173.0	0.0	148.0	138.0	0.0	0.0	0.0	121.0	125.0	128.0	129.0	134.0	146.0	147.0	158.0	0.0	0.0	174.0	178.0	170.0	0.0	172.0	0.0	164.0	155.0	157.0
o77	0.0	176.0	179.0	176.0	171.0	0.0	0.0	0.0	0.0	0.0	0.0	0.0	124.0	0.0	0.0	0.0	0.0	124.0	127.0	180.0	0.0	175.0	0.0	0.0	0.0	0.0	144.0	0.0	129.0	0.0	0.0	121.0	0.0	0.0	0.0	131.0	0.0	0.0	0.0	0.0	0.0	0.0	0.0	0.0	0.0	0.0	0.0	170.0	156.0	147.0
o78	186.0	166.0	173.0	186.0	179.0	174.0	131.0	124.0	121.0	124.0	135.0	119.0	114.0	114.0	127.0	130.0	132.0	135.0	120.0	179.0	170.0	176.0	169.0	176.0	173.0	154.0	150.0	147.0	132.0	120.0	129.0	129.0	136.0	136.0	136.0	140.0	153.0	146.0	146.0	170.0	163.0	164.0	172.0	165.0	165.0	166.0	159.0	165.0	153.0	151.0
o79	172.0	178.0	182.0	184.0	176.0	184.0	124.0	123.0	129.0	129.0	130.0	133.0	134.0	135.0	125.0	117.0	126.0	135.0	0.0	0.0	0.0	177.0	180.0	0.0	0.0	140.0	136.0	135.0	135.0	116.0	121.0	135.0	116.0	0.0	140.0	131.0	150.0	149.0	0.0	0.0	0.0	180.0	174.0	0.0	183.0	166.0	0.0	161.0	168.0	164.0
o80	174.0	0.0	0.0	0.0	181.0	0.0	130.0	0.0	0.0	0.0	0.0	0.0	126.0	113.0	0.0	0.0	0.0	132.0	0.0	0.0	180.0	168.0	0.0	0.0	0.0	0.0	0.0	0.0	0.0	0.0	0.0	0.0	0.0	0.0	0.0	0.0	0.0	142.0	0.0	169.0	0.0	173.0	0.0	0.0	179.0	0.0	158.0	0.0	0.0	0.0
o81	250.0	250.0	250.0	250.0	250.0	250.0	50.0	50.0	50.0	50.0	50.0	50.0	50.0	250.0	250.0	250.0	250.0	250.0	250.0	50.0	50.0	50.0	50.0	50.0	50.0	250.0	231.0	192.0	142.0	95.0	61.0	50.0	64.0	100.0	148.0	197.0	234.0	250.0	240.0	208.0	161.0	111.0	71.0	51.0	56.0	85.0	130.0	180.0	222.0	247.0
o82	0.0	0.0	250.0	250.0	250.0	250.0	0.0	0.0	0.0	50.0	50.0	50.0	50.0	250.0	0.0	250.0	0.0	250.0	250.0	50.0	0.0	50.0	0.0	0.0	50.0	250.0	0.0	192.0	0.0	95.0	0.0	50.0	64.0	100.0	0.0	197.0	234.0	0.0	240.0	208.0	0.0	111.0	0.0	51.0	0.0	85.0	130.0	180.0	0.0	247.0
o83	250.0	0.0	250.0	0.0	250.0	0.0	50.0	50.0	0.0	50.0	0.0	0.0	0.0	0.0	0.0	0.0	0.0	0.0	250.0	0.0	50.0	0.0	0.0	0.0	0.0	250.0	0.0	0.0	0.0	0.0	0.0	0.0	0.0	0.0	0.0	0.0	0.0	250.0	0.0	208.0	0.0	111.0	0.0	51.0	0.0	0.0	0.0	0.0	0.0	0.0
o84	242.0	231.0	227.0	267.0	258.0	254.0	44.0	26.0	57.0	68.0	37.0	51.0	69.0	255.0	267.0	264.0	231.0	252.0	235.0	52.0	52.0	60.0	51.0	26.0	41.0	239.0	229.0	201.0	140.0	86.0	74.0	26.0	55.0	114.0	129.0	188.0	230.0	273.0	250.0	223.0	157.0	120.0	78.0	36.0	40.0	68.0	123.0	196.0	229.0	248.0
o85	258.0	236.0	0.0	248.0	272.0	246.0	48.0	0.0	53.0	61.0	45.0	0.0	46.0	271.0	253.0	231.0	227.0	0.0	242.0	58.0	36.0	35.0	0.0	31.0	54.0	236.0	211.0	214.0	158.0	95.0	0.0	51.0	0.0	98.0	159.0	188.0	0.0	228.0	238.0	200.0	143.0	136.0	95.0	0.0	0.0	0.0	0.0	0.0	247.0	231.0
o86	0.0	0.0	0.0	263.0	0.0	0.0	65.0	0.0	0.0	0.0	0.0	71.0	0.0	0.0	0.0	0.0	0.0	270.0	0.0	0.0	0.0	0.0	0.0	51.0	0.0	0.0	0.0	0.0	0.0	0.0	67.0	0.0	65.0	84.0	0.0	0.0	0.0	0.0	0.0	195.0	0.0	117.0	0.0	0.0	0.0	0.0	0.0	0.0	203.0	0.0
o87	289.0	208.0	281.0	295.0	206.0	243.0	28.0	19.0	42.0	30.0	85.0	77.0	28.0	278.0	263.0	259.0	287.0	261.0	262.0	83.0	40.0	14.0	17.0	35.0	30.0	289.0	190.0	169.0	155.0	131.0	99.0	42.0	39.0	81.0	158.0	244.0	205.0	218.0	260.0	221.0	189.0	76.0	56.0	101.0	65.0	92.0	159.0	216.0	249.0	259.0
o88	227.0	232.0	292.0	0.0	240.0	208.0	0.0	80.0	53.0	57.0	1.0	72.0	10.0	270.0	291.0	250.0	259.0	0.0	267.0	0.0	0.0	0.0	0.0	2.0	97.0	216.0	219.0	153.0	100.0	75.0	103.0	0.0	85.0	75.0	0.0	204.0	214.0	288.0	232.0	0.0	180.0	115.0	0.0	41.0	91.0	46.0	0.0	134.0	188.0	285.0
o89	0.0	0.0	270.0	0.0	0.0	0.0	0.0	16.0	0.0	0.0	0.0	0.0	44.0	0.0	0.0	0.0	288.0	289.0	0.0	0.0	84.0	54.0	0.0	70.0	38.0	0.0	0.0	0.0	0.0	0.0	0.0	0.0	0.0	146.0	0.0	218.0	0.0	0.0	0.0	0.0	0.0	0.0	0.0	0.0	0.0	0.0	0.0	0.0	0.0	232.0
o90	250.0	250.0	250.0	50.0	50.0	50.0	50.0	50.0	50.0	50.0	250.0	250.0	250.0	250.0	250.0	250.0	50.0	50.0	50.0	50.0	50.0	50.0	250.0	250.0	250.0	150.0	91.0	59.0	50.0	67.0	104.0	153.0	201.0	237.0	250.0	238.0	204.0	156.0	107.0	69.0	51.0	58.0	88.0	134.0	184.0	226.0	248.0	245.0	219.0	175.0
o91	0.0	250.0	250.0	50.0	50.0	50.0	50.0	50.0	50.0	0.0	0.0	250.0	250.0	250.0	250.0	250.0	0.0	50.0	50.0	50.0	50.0	50.0	0.0	0.0	250.0	150.0	91.0	59.0	50.0	0.0	104.0	153.0	201.0	237.0	250.0	0.0	0.0	156.0	107.0	69.0	51.0	0.0	88.0	0.0	184.0	0.0	248.0	245.0	219.0	0.0
o92	0.0	0.0	250.0	50.0	0.0	50.0	0.0	0.0	0.0	50.0	250.0	0.0	0.0	0.0	0.0	250.0	50.0	0.0	50.0	0.0	0.0	0.0	250.0	0.0	0.0	0.0	0.0	0.0	0.0	0.0	0.0	153.0	0.0	0.0	0.0	0.0	0.0	0.0	0.0	69.0	0.0	0.0	88.0	0.0	0.0	0.0	0.0	0.0	219.0	0.0
o93	248.0	244.0	234.0	66.0	48.0	28.0	70.0	61.0	43.0	45.0	227.0	235.0	258.0	252.0	228.0	246.0	32.0	67.0	25.0	70.0	31.0	42.0	237.0	244.0	249.0	129.0	113.0	58.0	66.0	67.0	113.0	155.0	205.0	223.0	268.0	236.0	186.0	169.0	90.0	47.0	38.0	58.0	96.0	128.0	178.0	225.0	255.0	231.0	240.0	175.0
o94	0.0	267.0	0.0	68.0	75.0	60.0	0.0	35.0	39.0	73.0	237.0	0.0	269.0	233.0	0.0	0.0	49.0	56.0	40.0	74.0	0.0	69.0	0.0	267.0	265.0	0.0	83.0	44.0	57.0	48.0	0.0	143.0	212.0	0.0	238.0	261.0	0.0	0.0	93.0	80.0	46.0	58.0	100.0	0.0	164.0	0.0	223.0	247.0	0.0	158.0
o95	0.0	0.0	269.0	67.0	0.0	0.0	34.0	0.0	25.0	0.0	0.0	0.0	268.0	0.0	231.0	227.0	0.0	0.0	0.0	0.0	0.0	54.0	0.0	0.0	231.0	143.0	91.0	0.0	0.0	61.0	0.0	0.0	212.0	0.0	0.0	0.0	0.0	0.0	88.0	0.0	0.0	0.0	0.0	147.0	0.0	0.0	0.0	0.0	0.0	0.0
o96	260.0	275.0	203.0	59.0	51.0	47.0	100.0	89.0	29.0	40.0	248.0	222.0	214.0	238.0	299.0	241.0	72.0	90.0	27.0	96.0	40.0	6.0	274.0	215.0	291.0	178.0	101.0	14.0	85.0	106.0	68.0	143.0	187.0	260.0	279.0	215.0	223.0	110.0	121.0	108.0	43.0	9.0	108.0	161.0	160.0	181.0	224.0	293.0	210.0	193.0
o97	0.0	263.0	248.0	0.0	0.0	25.0	44.0	0.0	34.0	61.0	266.0	232.0	232.0	0.0	289.0	291.0	0.0	4.0	5.0	66.0	11.0	0.0	247.0	231.0	0.0	0.0	0.0	0.0	0.0	0.0	71.0	117.0	243.0	0.0	0.0	232.0	0.0	173.0	0.0	66.0	26.0	0.0	56.0	129.0	164.0	268.0	210.0	254.0	0.0	218.0
o98	0.0	0.0	0.0	67.0	0.0	17.0	86.0	0.0	0.0	0.0	0.0	0.0	0.0	0.0	0.0	0.0	0.0	53.0	0.0	0.0	33.0	40.0	0.0	0.0	0.0	190.0	0.0	0.0	0.0	0.0	0.0	0.0	0.0	203.0	0.0	0.0	0.0	0.0	75.0	44.0	0.0	0.0	0.0	0.0	206.0	0.0	0.0	0.0	196.0	0.0
o99	50.0	50.0	50.0	50.0	50.0	50.0	250.0	250.0	250.0	250.0	250.0	250.0	250.0	50.0	50.0	50.0	50.0	50.0	50.0	250.0	250.0	250.0	250.0	250.0	250.0	50.0	69.0	108.0	158.0	205.0	239.0	250.0	236.0	200.0	152.0	103.0	66.0	50.0	60.0	92.0	139.0	189.0	229.0	249.0	244.0	215.0	170.0	120.0	78.0	53.0
o100	50.0	50.0	50.0	50.0	0.0	0.0	250.0	250.0	0.0	250.0	250.0	250.0	250.0	0.0	0.0	50.0	50.0	0.0	0.0	250.0	0.0	250.0	250.0	250.0	250.0	50.0	69.0	0.0	158.0	0.0	0.0	250.0	0.0	200.0	152.0	103.0	66.0	0.0	60.0	92.0	139.0	189.0	229.0	249.0	0.0	215.0	170.0	120.0	78.0	0.0
o101	50.0	0.0	0.0	0.0	50.0	50.0	250.0	0.0	0.0	250.0	0.0	0.0	0.0	0.0	0.0	50.0	0.0	0.0	50.0	0.0	0.0	0.0	0.0	0.0	0.0	0.0	0.0	108.0	0.0	0.0	0.0	250.0	0.0	200.0	0.0	103.0	0.0	50.0	0.0	0.0	0.0	0.0	0.0	0.0	0.0	0.0	170.0	0.0	78.0	53.0
o102	64.0	32.0	35.0	39.0	41.0	31.0	255.0	257.0	264.0	249.0	228.0	262.0	229.0	54.0	69.0	37.0	50.0	27.0	55.0	252.0	259.0	255.0	267.0	232.0	228.0	52.0	73.0	128.0	150.0	216.0	254.0	228.0	259.0	192.0	151.0	81.0	57.0	50.0	58.0	86.0	132.0	210.0	223.0	238.0	240.0	222.0	158.0	140.0	56.0	33.0
o103	34.0	0.0	75.0	50.0	57.0	43.0	0.0	237.0	0.0	237.0	0.0	241.0	235.0	46.0	0.0	0.0	0.0	67.0	48.0	266.0	238.0	0.0	273.0	262.0	273.0	74.0	48.0	107.0	138.0	0.0	246.0	0.0	0.0	210.0	153.0	121.0	56.0	63.0	37.0	0.0	115.0	0.0	214.0	269.0	266.0	196.0	181.0	100.0	53.0	37.0
o104	0.0	0.0	0.0	0.0	0.0	65.0	262.0	0.0	0.0	271.0	0.0	0.0	241.0	0.0	0.0	0.0	42.0	73.0	67.0	0.0	0.0	251.0	0.0	0.0	0.0	0.0	0.0	0.0	0.0	219.0	0.0	0.0	0.0	0.0	137.0	0.0	0.0	0.0	0.0	0.0	125.0	0.0	240.0	226.0	0.0	0.0	157.0	0.0	67.0	0.0
o105	74.0	56.0	79.0	65.0	31.0	33.0	270.0	234.0	230.0	219.0	233.0	265.0	231.0	1.0	83.0	80.0	82.0	53.0	83.0	270.0	205.0	219.0	250.0	228.0	234.0	93.0	27.0	144.0	159.0	243.0	191.0	272.0	187.0	247.0	136.0	109.0	42.0	2.0	86.0	117.0	174.0	139.0	230.0	263.0	236.0	219.0	212.0	101.0	82.0	100.0
o106	87.0	7.0	77.0	6.0	0.0	96.0	216.0	207.0	0.0	0.0	228.0	217.0	0.0	40.0	88.0	0.0	40.0	0.0	51.0	281.0	270.0	213.0	0.0	285.0	0.0	52.0	0.0	61.0	0.0	0.0	225.0	0.0	239.0	178.0	0.0	130.0	64.0	71.0	0.0	84.0	147.0	173.0	0.0	228.0	0.0	189.0	0.0	162.0	110.0	64.0
o107	0.0	0.0	62.0	0.0	15.0	0.0	229.0	0.0	0.0	0.0	225.0	0.0	0.0	0.0	0.0	96.0	0.0	0.0	0.0	0.0	283.0	0.0	247.0	0.0	0.0	85.0	0.0	0.0	0.0	0.0	0.0	0.0	0.0	187.0	0.0	0.0	64.0	0.0	0.0	0.0	0.0	0.0	0.0	0.0	263.0	0.0	160.0	87.0	95.0	0.0
o108	200.0	200.0	200.0	200.0	200.0	200.0	100.0	100.0	100.0	100.0	100.0	100.0	100.0	200.0	200.0	200.0	200.0	200.0	200.0	100.0	100.0	100.0	100.0	100.0	100.0	200.0	190.0	171.0	146.0	122.0	106.0	100.0	107.0	125.0	149.0	174.0	192.0	200.0	195.0	179.0	156.0	131.0	111.0	101.0	103.0	117.0	140.0	165.0	186.0	198.0
o109	200.0	0.0	200.0	200.0	200.0	200.0	0.0	100.0	100.0	0.0	100.0	100.0	0.0	200.0	0.0	200.0	200.0	200.0	200.0	100.0	100.0	0.0	100.0	0.0	0.0	0.0	190.0	171.0	146.0	122.0	106.0	100.0	107.0	0.0	149.0	174.0	192.0	200.0	195.0	179.0	156.0	0.0	111.0	101.0	103.0	117.0	140.0	0.0	186.0	0.0
o110	0.0	0.0	0.0	0.0	0.0	0.0	0.0	100.0	100.0	0.0	0.0	0.0	100.0	200.0	200.0	0.0	0.0	0.0	200.0	0.0	100.0	0.0	0.0	100.0	0.0	0.0	190.0	0.0	146.0	122.0	106.0	0.0	0.0	125.0	0.0	174.0	0.0	0.0	195.0	0.0	0.0	131.0	0.0	101.0	0.0	0.0	0.0	0.0	186.0	0.0
o111	206.0	201.0	209.0	192.0	204.0	194.0	97.0	101.0	105.0	105.0	105.0	96.0	102.0	188.0	204.0	208.0	191.0	195.0	190.0	94.0	98.0	101.0	100.0	107.0	111.0	202.0	190.0	171.0	143.0	131.0	108.0	96.0	119.0	137.0	157.0	169.0	203.0	211.0	202.0	191.0	143.0	133.0	118.0	90.0	109.0	121.0	134.0	161.0	187.0	209.0
o112	191.0	204.0	203.0	205.0	0.0	191.0	94.0	0.0	0.0	88.0	94.0	95.0	0.0	207.0	202.0	207.0	205.0	0.0	0.0	101.0	0.0	108.0	103.0	0.0	96.0	200.0	186.0	167.0	136.0	120.0	100.0	104.0	115.0	132.0	0.0	178.0	0.0	0.0	183.0	183.0	156.0	141.0	118.0	111.0	92.0	124.0	130.0	0.0	0.0	195.0
o113	195.0	0.0	0.0	0.0	0.0	197.0	0.0	0.0	0.0	0.0	91.0	90.0	0.0	0.0	0.0	0.0	0.0	197.0	0.0	0.0	104.0	0.0	0.0	103.0	0.0	0.0	183.0	0.0	0.0	0.0	96.0	0.0	0.0	0.0	145.0	0.0	0.0	0.0	185.0	0.0	0.0	0.0	104.0	98.0	96.0	0.0	130.0	174.0	0.0	0.0
o114	202.0	187.0	176.0	196.0	219.0	187.0	88.0	111.0	94.0	110.0	118.0	77.0	110.0	200.0	195.0	176.0	209.0	175.0	201.0	114.0	83.0	109.0	78.0	121.0	121.0	214.0	175.0	148.0	140.0	115.0	82.0	87.0	121.0	141.0	165.0	190.0	201.0	196.0	175.0	198.0	170.0	109.0	110.0	110.0	98.0	116.0	139.0	174.0	196.0	217.0
o115	180.0	0.0	194.0	221.0	208.0	208.0	81.0	0.0	94.0	109.0	112.0	0.0	123.0	210.0	222.0	0.0	0.0	213.0	187.0	115.0	118.0	109.0	83.0	0.0	93.0	0.0	167.0	0.0	137.0	0.0	93.0	99.0	128.0	145.0	0.0	0.0	211.0	193.0	202.0	165.0	134.0	124.0	0.0	0.0	0.0	0.0	141.0	182.0	181.0	204.0
o116	0.0	0.0	0.0	0.0	0.0	0.0	0.0	115.0	0.0	0.0	0.0	0.0	88.0	0.0	0.0	189.0	0.0	0.0	0.0	0.0	0.0	0.0	116.0	102.0	0.0	0.0	0.0	162.0	0.0	0.0	0.0	0.0	0.0	0.0	0.0	0.0	0.0	0.0	199.0	186.0	0.0	123.0	0.0	0.0	0.0	0.0	0.0	0.0	183.0	0.0
o117	200.0	200.0	200.0	100.0	100.0	100.0	100.0	100.0	100.0	100.0	200.0	200.0	200.0	200.0	200.0	200.0	100.0	100.0	100.0	100.0	100.0	100.0	200.0	200.0	200.0	150.0	120.0	105.0	100.0	108.0	127.0	152.0	176.0	193.0	200.0	194.0	177.0	153.0	129.0	109.0	100.0	104.0	119.0	142.0	167.0	188.0	199.0	198.0	185.0	163.0
o118	200.0	200.0	0.0	100.0	100.0	100.0	0.0	0.0	0.0	0.0	200.0	200.0	0.0	200.0	200.0	200.0	100.0	100.0	100.0	100.0	100.0	100.0	200.0	200.0	200.0	0.0	0.0	0.0	100.0	108.0	127.0	152.0	176.0	0.0	0.0	0.0	177.0	153.0	129.0	109.0	0.0	0.0	0.0	142.0	167.0	188.0	199.0	198.0	0.0	163.0
o119	0.0	0.0	0.0	0.0	100.0	0.0	100.0	100.0	0.0	100.0	200.0	0.0	0.0	0.0	0.0	0.0	100.0	0.0	100.0	0.0	100.0	100.0	0.0	200.0	0.0	150.0	120.0	0.0	100.0	0.0	0.0	152.0	0.0	193.0	200.0	0.0	177.0	0.0	129.0	0.0	0.0	0.0	0.0	0.0	0.0	0.0	0.0	0.0	0.0	0.0
o120	197.0	204.0	201.0	89.0	106.0	88.0	107.0	107.0	110.0	97.0	193.0	202.0	207.0	212.0	198.0	198.0	91.0	88.0	108.0	99.0	99.0	88.0	199.0	191.0	211.0	151.0	122.0	99.0	105.0	98.0	125.0	149.0	163.0	205.0	195.0	186.0	181.0	161.0	122.0	118.0	98.0	94.0	108.0	132.0	156.0	188.0	207.0	207.0	173.0	152.0
o121	0.0	204.0	199.0	0.0	107.0	110.0	0.0	101.0	103.0	110.0	212.0	196.0	0.0	188.0	196.0	0.0	0.0	0.0	88.0	0.0	100.0	96.0	0.0	195.0	193.0	160.0	0.0	104.0	101.0	0.0	130.0	158.0	171.0	0.0	206.0	0.0	179.0	161.0	140.0	103.0	92.0	0.0	114.0	0.0	167.0	185.0	191.0	205.0	180.0	165.0
o122	0.0	0.0	0.0	0.0	0.0	0.0	0.0	0.0	0.0	99.0	0.0	201.0	0.0	0.0	0.0	0.0	0.0	0.0	0.0	97.0	0.0	94.0	0.0	194.0	0.0	158.0	0.0	113.0	0.0	0.0	0.0	0.0	0.0	0.0	190.0	0.0	0.0	156.0	132.0	0.0	98.0	0.0	0.0	0.0	0.0	177.0	0.0	0.0	0.0	0.0
o123	208.0	223.0	185.0	119.0	121.0	110.0	113.0	94.0	101.0	115.0	197.0	208.0	194.0	180.0	196.0	187.0	85.0	85.0	122.0	112.0	116.0	122.0	199.0	219.0	210.0	167.0	113.0	100.0	85.0	89.0	150.0	141.0	193.0	179.0	216.0	217.0	167.0	144.0	151.0	104.0	109.0	123.0	104.0	149.0	187.0	174.0	214.0	192.0	181.0	161.0
o124	183.0	182.0	0.0	112.0	77.0	99.0	85.0	92.0	0.0	111.0	182.0	195.0	0.0	0.0	207.0	215.0	0.0	98.0	0.0	119.0	87.0	76.0	224.0	215.0	0.0	131.0	0.0	114.0	86.0	122.0	119.0	149.0	0.0	198.0	176.0	0.0	0.0	136.0	0.0	130.0	84.0	100.0	143.0	0.0	187.0	178.0	0.0	184.0	0.0	149.0
o125	0.0	0.0	0.0	0.0	0.0	81.0	0.0	0.0	0.0	122.0	0.0	208.0	218.0	215.0	222.0	0.0	0.0	0.0	0.0	0.0	0.0	97.0	0.0	0.0	0.0	155.0	0.0	0.0	0.0	0.0	139.0	0.0	0.0	0.0	0.0	0.0	0.0	0.0	0.0	0.0	0.0	0.0	0.0	0.0	0.0	0.0	0.0	0.0	185.0	0.0
o126	100.0	100.0	100.0	100.0	100.0	100.0	200.0	200.0	200.0	200.0	200.0	200.0	200.0	100.0	100.0	100.0	100.0	100.0	100.0	200.0	200.0	200.0	200.0	200.0	200.0	100.0	110.0	129.0	154.0	178.0	194.0	200.0	193.0	175.0	151.0	126.0	108.0	100.0	105.0	121.0	144.0	169.0	189.0	199.0	197.0	183.0	160.0	135.0	114.0	102.0
o127	100.0	0.0	100.0	100.0	0.0	100.0	0.0	0.0	200.0	0.0	200.0	0.0	200.0	100.0	100.0	100.0	100.0	100.0	100.0	200.0	0.0	200.0	200.0	200.0	0.0	0.0	110.0	129.0	154.0	178.0	194.0	200.0	0.0	175.0	151.0	126.0	108.0	100.0	105.0	0.0	0.0	169.0	189.0	199.0	197.0	0.0	0.0	0.0	0.0	102.0
o128	0.0	0.0	100.0	0.0	0.0	0.0	0.0	200.0	0.0	0.0	200.0	200.0	0.0	0.0	100.0	0.0	0.0	0.0	0.0	0.0	0.0	0.0	0.0	200.0	0.0	0.0	0.0	0.0	0.0	178.0	0.0	0.0	0.0	175.0	151.0	0.0	0.0	0.0	0.0	121.0	144.0	0.0	0.0	0.0	0.0	0.0	0.0	135.0	0.0	0.0
o129	94.0	110.0	107.0	88.0	101.0	101.0	189.0	205.0	192.0	202.0	208.0	191.0	188.0	101.0	110.0	95.0	91.0	97.0	101.0	204.0	206.0	189.0	211.0	197.0	195.0	94.0	115.0	125.0	165.0	178.0	190.0	212.0	193.0	174.0	160.0	126.0	107.0	111.0	100.0	127.0	136.0	158.0	178.0	208.0	196.0	182.0	151.0	140.0	122.0	106.0
o130	97.0	0.0	110.0	0.0	0.0	0.0	204.0	196.0	204.0	200.0	0.0	202.0	206.0	0.0	89.0	105.0	0.0	93.0	0.0	0.0	0.0	196.0	201.0	197.0	206.0	89.0	0.0	130.0	164.0	166.0	199.0	0.0	205.0	171.0	155.0	127.0	97.0	0.0	117.0	0.0	142.0	158.0	0.0	0.0	206.0	0.0	152.0	141.0	118.0	0.0
o131	112.0	0.0	0.0	0.0	0.0	0.0	0.0	0.0	0.0	0.0	0.0	203.0	210.0	0.0	0.0	0.0	0.0	0.0	0.0	212.0	0.0	189.0	0.0	0.0	0.0	0.0	0.0	0.0	0.0	0.0	185.0	204.0	199.0	0.0	0.0	0.0	0.0	0.0	99.0	130.0	0.0	164.0	0.0	201.0	0.0	0.0	0.0	132.0	0.0	0.0
o132	96.0	83.0	98.0	76.0	123.0	121.0	204.0	179.0	205.0	214.0	221.0	176.0	202.0	90.0	106.0	116.0	114.0	118.0	97.0	196.0	215.0	207.0	217.0	207.0	199.0	106.0	119.0	140.0	177.0	158.0	177.0	190.0	194.0	192.0	163.0	134.0	110.0	110.0	116.0	115.0	125.0	151.0	206.0	190.0	183.0	160.0	184.0	136.0	107.0	91.0
o133	90.0	92.0	111.0	97.0	0.0	0.0	176.0	0.0	211.0	0.0	212.0	188.0	191.0	0.0	115.0	96.0	0.0	0.0	114.0	189.0	218.0	185.0	196.0	214.0	196.0	0.0	129.0	0.0	0.0	0.0	218.0	224.0	211.0	194.0	174.0	105.0	0.0	100.0	0.0	141.0	132.0	166.0	0.0	181.0	0.0	194.0	185.0	0.0	110.0	0.0
o134	0.0	0.0	0.0	0.0	0.0	0.0	181.0	0.0	0.0	0.0	0.0	187.0	202.0	0.0	106.0	100.0	0.0	0.0	99.0	221.0	217.0	188.0	0.0	0.0	0.0	0.0	0.0	0.0	0.0	0.0	0.0	0.0	0.0	0.0	0.0	118.0	0.0	0.0	102.0	0.0	0.0	180.0	0.0	0.0	180.0	0.0	0.0	0.0	0.0	0.0
o135	175.0	175.0	175.0	175.0	175.0	175.0	125.0	125.0	125.0	125.0	125.0	125.0	125.0	175.0	175.0	175.0	175.0	175.0	175.0	125.0	125.0	125.0	125.0	125.0	125.0	175.0	170.0	160.0	148.0	136.0	128.0	125.0	129.0	138.0	150.0	162.0	171.0	175.0	173.0	165.0	153.0	140.0	130.0	125.0	127.0	134.0	145.0	157.0	168.0	174.0
o136	0.0	0.0	175.0	0.0	175.0	175.0	125.0	0.0	125.0	125.0	0.0	125.0	125.0	175.0	175.0	175.0	175.0	175.0	175.0	125.0	0.0	125.0	125.0	0.0	0.0	175.0	170.0	160.0	0.0	0.0	0.0	125.0	0.0	0.0	150.0	0.0	0.0	175.0	173.0	165.0	153.0	140.0	130.0	0.0	127.0	134.0	145.0	0.0	168.0	0.0
o137	0.0	0.0	175.0	0.0	0.0	0.0	125.0	0.0	0.0	125.0	0.0	0.0	0.0	0.0	175.0	0.0	0.0	175.0	0.0	0.0	125.0	0.0	0.0	125.0	0.0	175.0	0.0	0.0	148.0	136.0	0.0	0.0	0.0	0.0	0.0	0.0	0.0	0.0	0.0	0.0	0.0	140.0	0.0	125.0	0.0	0.0	145.0	157.0	0.0	0.0
o138	176.0	180.0	179.0	176.0	178.0	178.0	131.0	126.0	122.0	129.0	127.0	130.0	128.0	173.0	171.0	172.0	179.0	175.0	178.0	125.0	126.0	127.0	123.0	130.0	124.0	175.0	169.0	165.0	152.0	137.0	122.0	119.0	127.0	136.0	154.0	161.0	174.0	178.0	177.0	163.0	158.0	138.0	130.0	121.0	128.0	131.0	150.0	156.0	167.0	178.0
o139	0.0	176.0	173.0	0.0	169.0	173.0	125.0	127.0	125.0	131.0	0.0	128.0	124.0	170.0	0.0	0.0	176.0	177.0	172.0	123.0	124.0	130.0	127.0	124.0	0.0	0.0	0.0	157.0	144.0	132.0	123.0	119.0	0.0	133.0	147.0	158.0	0.0	0.0	173.0	170.0	148.0	0.0	128.0	123.0	0.0	138.0	143.0	161.0	165.0	176.0
o140	0.0	0.0	0.0	0.0	176.0	0.0	0.0	0.0	0.0	0.0	0.0	0.0	0.0	0.0	0.0	180.0	177.0	170.0	0.0	0.0	0.0	0.0	125.0	0.0	0.0	0.0	0.0	0.0	0.0	0.0	0.0	0.0	124.0	0.0	147.0	0.0	168.0	0.0	0.0	158.0	0.0	0.0	126.0	121.0	121.0	0.0	0.0	0.0	163.0	0.0
o141	185.0	180.0	180.0	178.0	186.0	186.0	119.0	131.0	137.0	115.0	126.0	129.0	123.0	176.0	176.0	185.0	170.0	187.0	185.0	120.0	136.0	113.0	119.0	122.0	129.0	170.0	180.0	149.0	146.0	128.0	131.0	123.0	126.0	128.0	161.0	168.0	163.0	180.0	170.0	163.0	149.0	135.0	141.0	131.0	137.0	143.0	146.0	168.0	164.0	182.0
o142	181.0	163.0	165.0	174.0	0.0	184.0	0.0	114.0	121.0	124.0	137.0	126.0	134.0	169.0	0.0	183.0	0.0	169.0	182.0	0.0	116.0	0.0	121.0	0.0	135.0	0.0	177.0	173.0	0.0	0.0	119.0	130.0	0.0	143.0	143.0	0.0	162.0	0.0	0.0	159.0	149.0	133.0	123.0	115.0	131.0	130.0	154.0	155.0	181.0	0.0
o143	186.0	164.0	0.0	0.0	0.0	167.0	0.0	0.0	0.0	120.0	0.0	132.0	119.0	0.0	0.0	168.0	0.0	0.0	0.0	0.0	0.0	137.0	0.0	0.0	0.0	0.0	0.0	0.0	0.0	0.0	0.0	0.0	123.0	0.0	0.0	0.0	162.0	0.0	180.0	0.0	0.0	0.0	0.0	0.0	129.0	128.0	0.0	0.0	176.0	0.0
o144	175.0	175.0	175.0	125.0	125.0	125.0	125.0	125.0	125.0	125.0	175.0	175.0	175.0	175.0	175.0	175.0	125.0	125.0	125.0	125.0	125.0	125.0	175.0	175.0	175.0	150.0	135.0	127.0	125.0	129.0	139.0	151.0	163.0	172.0	175.0	172.0	164.0	152.0	139.0	130.0	125.0	127.0	135.0	146.0	159.0	169.0	174.0	174.0	167.0	156.0
o145	175.0	175.0	175.0	125.0	125.0	125.0	125.0	0.0	125.0	0.0	175.0	175.0	175.0	175.0	0.0	175.0	125.0	125.0	0.0	0.0	125.0	0.0	0.0	175.0	175.0	150.0	0.0	127.0	125.0	129.0	139.0	151.0	163.0	0.0	175.0	172.0	164.0	152.0	139.0	0.0	125.0	127.0	135.0	0.0	159.0	169.0	0.0	0.0	0.0	156.0
o146	175.0	0.0	0.0	0.0	0.0	125.0	0.0	0.0	0.0	0.0	175.0	0.0	0.0	0.0	0.0	0.0	125.0	0.0	0.0	125.0	0.0	0.0	0.0	0.0	175.0	150.0	0.0	0.0	125.0	0.0	0.0	0.0	0.0	0.0	0.0	172.0	0.0	152.0	139.0	0.0	125.0	127.0	0.0	0.0	0.0	0.0	0.0	0.0	0.0	0.0
o147	180.0	177.0	172.0	129.0	124.0	122.0	124.0	128.0	122.0	128.0	177.0	171.0	169.0	178.0	172.0	176.0	121.0	123.0	121.0	122.0	125.0	124.0	176.0	174.0	172.0	154.0	138.0	123.0	123.0	125.0	144.0	150.0	161.0	170.0	178.0	178.0	161.0	157.0	133.0	131.0	130.0	131.0	138.0	143.0	163.0	168.0	170.0	178.0	169.0	150.0
o148	170.0	172.0	174.0	0.0	127.0	119.0	119.0	0.0	120.0	123.0	173.0	180.0	179.0	171.0	0.0	0.0	0.0	123.0	130.0	121.0	0.0	129.0	176.0	0.0	0.0	153.0	134.0	131.0	0.0	125.0	142.0	153.0	0.0	174.0	0.0	175.0	163.0	146.0	137.0	124.0	128.0	0.0	136.0	143.0	158.0	172.0	176.0	168.0	0.0	151.0
o149	0.0	0.0	0.0	131.0	0.0	0.0	0.0	125.0	0.0	0.0	0.0	0.0	0.0	178.0	0.0	170.0	0.0	128.0	123.0	127.0	0.0	0.0	0.0	0.0	171.0	0.0	136.0	0.0	0.0	125.0	0.0	147.0	0.0	0.0	0.0	173.0	0.0	146.0	0.0	131.0	123.0	0.0	0.0	0.0	0.0	0.0	175.0	0.0	0.0	152.0
o150	170.0	172.0	186.0	113.0	133.0	135.0	121.0	113.0	114.0	119.0	177.0	165.0	177.0	169.0	182.0	183.0	119.0	135.0	129.0	134.0	130.0	135.0	187.0	174.0	171.0	154.0	146.0	133.0	125.0	121.0	146.0	154.0	157.0	176.0	178.0	166.0	153.0	141.0	128.0	132.0	122.0	135.0	129.0	158.0	165.0	174.0	172.0	164.0	171.0	158.0
o151	165.0	172.0	182.0	125.0	0.0	123.0	137.0	0.0	0.0	125.0	0.0	175.0	176.0	173.0	0.0	176.0	134.0	123.0	136.0	0.0	136.0	114.0	177.0	177.0	171.0	160.0	141.0	0.0	0.0	122.0	134.0	0.0	175.0	181.0	172.0	176.0	171.0	158.0	0.0	0.0	0.0	135.0	132.0	148.0	146.0	164.0	174.0	0.0	0.0	160.0
o152	0.0	0.0	0.0	0.0	0.0	0.0	0.0	126.0	0.0	0.0	0.0	0.0	0.0	0.0	175.0	0.0	0.0	0.0	113.0	0.0	0.0	0.0	0.0	167.0	184.0	145.0	0.0	0.0	137.0	0.0	0.0	0.0	0.0	0.0	0.0	0.0	0.0	155.0	152.0	0.0	0.0	0.0	133.0	157.0	0.0	159.0	174.0	0.0	161.0	145.0
o153	125.0	125.0	125.0	125.0	125.0	125.0	175.0	175.0	175.0	175.0	175.0	175.0	175.0	125.0	125.0	125.0	125.0	125.0	125.0	175.0	175.0	175.0	175.0	175.0	175.0	125.0	130.0	140.0	152.0	164.0	172.0	175.0	171.0	162.0	150.0	138.0	129.0	125.0	127.0	135.0	147.0	160.0	170.0	175.0	173.0	166.0	155.0	143.0	132.0	126.0
o154	125.0	125.0	125.0	125.0	125.0	0.0	175.0	175.0	0.0	175.0	175.0	0.0	0.0	0.0	0.0	125.0	125.0	125.0	125.0	0.0	175.0	175.0	0.0	175.0	175.0	125.0	0.0	140.0	0.0	164.0	172.0	175.0	171.0	162.0	150.0	138.0	129.0	0.0	127.0	135.0	147.0	0.0	170.0	175.0	173.0	0.0	0.0	143.0	132.0	126.0
o155	125.0	0.0	0.0	0.0	0.0	125.0	0.0	0.0	0.0	175.0	0.0	0.0	0.0	125.0	0.0	125.0	0.0	0.0	0.0	175.0	0.0	0.0	0.0	175.0	175.0	0.0	0.0	0.0	0.0	0.0	0.0	0.0	0.0	0.0	0.0	0.0	129.0	125.0	0.0	135.0	0.0	160.0	0.0	175.0	0.0	0.0	155.0	0.0	0.0	0.0
o156	127.0	125.0	119.0	124.0	126.0	123.0	171.0	172.0	173.0	172.0	173.0	171.0	178.0	129.0	131.0	131.0	124.0	131.0	131.0	172.0	173.0	181.0	170.0	170.0	178.0	126.0	130.0	135.0	152.0	169.0	172.0	173.0	171.0	160.0	147.0	132.0	130.0	119.0	125.0	134.0	153.0	163.0	165.0	175.0	178.0	161.0	153.0	139.0	136.0	120.0
o157	0.0	0.0	0.0	0.0	0.0	129.0	177.0	170.0	171.0	173.0	176.0	0.0	180.0	125.0	0.0	124.0	131.0	0.0	126.0	173.0	172.0	181.0	171.0	171.0	178.0	120.0	126.0	141.0	153.0	0.0	167.0	0.0	0.0	0.0	154.0	0.0	0.0	0.0	121.0	131.0	142.0	163.0	169.0	0.0	0.0	171.0	155.0	142.0	138.0	123.0
o158	0.0	0.0	0.0	125.0	0.0	0.0	0.0	0.0	0.0	0.0	0.0	0.0	0.0	0.0	0.0	131.0	0.0	124.0	0.0	0.0	0.0	176.0	0.0	175.0	0.0	0.0	0.0	0.0	151.0	162.0	168.0	0.0	0.0	0.0	0.0	0.0	0.0	0.0	124.0	0.0	0.0	163.0	0.0	0.0	176.0	0.0	0.0	0.0	0.0	124.0
o159	117.0	115.0	124.0	124.0	130.0	122.0	182.0	179.0	170.0	174.0	179.0	172.0	172.0	125.0	116.0	120.0	118.0	135.0	117.0	180.0	184.0	181.0	183.0	175.0	171.0	124.0	130.0	132.0	164.0	161.0	164.0	185.0	182.0	163.0	159.0	126.0	130.0	128.0	137.0	141.0	158.0	154.0	162.0	174.0	183.0	158.0	154.0	134.0	142.0	136.0
o160	122.0	114.0	124.0	128.0	130.0	123.0	0.0	0.0	0.0	0.0	184.0	0.0	187.0	129.0	0.0	133.0	113.0	128.0	113.0	171.0	0.0	0.0	177.0	180.0	167.0	137.0	124.0	151.0	145.0	0.0	0.0	179.0	181.0	0.0	141.0	0.0	0.0	0.0	0.0	139.0	0.0	0.0	179.0	0.0	172.0	168.0	166.0	150.0	0.0	124.0
o161	129.0	133.0	0.0	119.0	0.0	0.0	0.0	0.0	0.0	0.0	0.0	164.0	0.0	129.0	0.0	0.0	0.0	0.0	0.0	179.0	0.0	181.0	0.0	0.0	0.0	130.0	0.0	0.0	151.0	0.0	171.0	0.0	0.0	0.0	0.0	132.0	0.0	132.0	0.0	0.0	0.0	0.0	0.0	0.0	166.0	156.0	149.0	0.0	0.0	0.0
o162	250.0	250.0	250.0	250.0	50.0	50.0	50.0	50.0	250.0	250.0	250.0	250.0	250.0	50.0	50.0	50.0	50.0	250.0	250.0	250.0	250.0	50.0	50.0	50.0	50.0	250.0	208.0	136.0	71.0	50.0	85.0	155.0	222.0	250.0	222.0	155.0	85.0	50.0	71.0	136.0	208.0	248.0	234.0	174.0	100.0	54.0	61.0	117.0	192.0	243.0
o163	250.0	250.0	250.0	0.0	50.0	50.0	50.0	50.0	250.0	250.0	0.0	0.0	0.0	50.0	0.0	50.0	50.0	0.0	0.0	0.0	250.0	50.0	50.0	50.0	50.0	250.0	208.0	136.0	71.0	50.0	85.0	155.0	0.0	250.0	222.0	155.0	85.0	0.0	71.0	0.0	208.0	0.0	234.0	174.0	100.0	54.0	0.0	0.0	0.0	243.0
o164	250.0	0.0	0.0	0.0	0.0	0.0	0.0	0.0	250.0	0.0	0.0	0.0	0.0	50.0	0.0	0.0	0.0	0.0	0.0	0.0	250.0	50.0	0.0	0.0	0.0	0.0	0.0	0.0	0.0	50.0	0.0	155.0	0.0	0.0	222.0	0.0	0.0	0.0	0.0	0.0	208.0	0.0	0.0	174.0	0.0	54.0	0.0	117.0	0.0	0.0
o165	235.0	257.0	252.0	235.0	52.0	47.0	44.0	27.0	231.0	258.0	227.0	244.0	235.0	73.0	65.0	33.0	67.0	250.0	249.0	231.0	262.0	45.0	54.0	69.0	54.0	246.0	228.0	145.0	71.0	52.0	76.0	160.0	200.0	247.0	247.0	134.0	89.0	32.0	58.0	143.0	231.0	259.0	227.0	161.0	82.0	59.0	76.0	104.0	201.0	249.0
o166	0.0	242.0	245.0	0.0	29.0	0.0	0.0	0.0	0.0	239.0	0.0	263.0	226.0	41.0	0.0	36.0	69.0	266.0	236.0	239.0	258.0	66.0	64.0	0.0	27.0	272.0	222.0	141.0	86.0	60.0	0.0	163.0	230.0	0.0	0.0	179.0	0.0	45.0	0.0	129.0	187.0	0.0	235.0	191.0	83.0	71.0	0.0	118.0	182.0	0.0
o167	0.0	0.0	0.0	0.0	0.0	0.0	0.0	75.0	269.0	0.0	0.0	0.0	248.0	0.0	0.0	0.0	48.0	0.0	254.0	0.0	0.0	0.0	0.0	0.0	0.0	0.0	191.0	0.0	0.0	0.0	99.0	0.0	0.0	262.0	0.0	0.0	0.0	28.0	47.0	125.0	0.0	239.0	0.0	0.0	96.0	0.0	0.0	0.0	0.0	0.0
o168	214.0	211.0	210.0	279.0	90.0	43.0	66.0	50.0	269.0	260.0	275.0	238.0	214.0	43.0	79.0	97.0	82.0	279.0	237.0	201.0	203.0	27.0	8.0	94.0	28.0	205.0	175.0	124.0	43.0	71.0	86.0	160.0	272.0	235.0	198.0	139.0	94.0	88.0	35.0	178.0	161.0	237.0	213.0	211.0	51.0	10.0	36.0	105.0	167.0	284.0
o169	205.0	297.0	0.0	0.0	36.0	92.0	96.0	0.0	239.0	229.0	236.0	210.0	261.0	0.0	87.0	0.0	46.0	230.0	244.0	256.0	0.0	0.0	0.0	92.0	94.0	0.0	222.0	123.0	0.0	0.0	0.0	107.0	261.0	269.0	0.0	126.0	95.0	89.0	0.0	132.0	0.0	0.0	194.0	156.0	90.0	11.0	94.0	80.0	214.0	268.0
o170	0.0	226.0	0.0	268.0	0.0	0.0	27.0	0.0	272.0	0.0	0.0	0.0	0.0	0.0	0.0	0.0	0.0	0.0	239.0	226.0	0.0	0.0	0.0	0.0	0.0	0.0	0.0	0.0	0.0	87.0	0.0	189.0	0.0	0.0	0.0	168.0	106.0	0.0	0.0	0.0	0.0	0.0	189.0	0.0	131.0	0.0	43.0	0.0	162.0	0.0
o171	250.0	50.0	50.0	50.0	50.0	250.0	250.0	250.0	250.0	250.0	50.0	50.0	50.0	50.0	250.0	250.0	250.0	250.0	50.0	50.0	50.0	50.0	250.0	250.0	250.0	79.0	51.0	90.0	162.0	227.0	250.0	217.0	148.0	79.0	50.0	76.0	143.0	214.0	249.0	230.0	167.0	94.0	52.0	65.0	124.0	198.0	245.0	240.0	185.0	111.0
o172	0.0	50.0	50.0	50.0	0.0	250.0	0.0	250.0	250.0	250.0	50.0	50.0	50.0	0.0	250.0	0.0	0.0	0.0	50.0	0.0	50.0	0.0	0.0	250.0	250.0	79.0	51.0	90.0	0.0	227.0	250.0	217.0	148.0	0.0	50.0	76.0	0.0	214.0	249.0	230.0	0.0	94.0	0.0	65.0	124.0	198.0	245.0	240.0	185.0	0.0
o173	0.0	0.0	50.0	0.0	0.0	0.0	0.0	250.0	0.0	0.0	0.0	0.0	50.0	50.0	0.0	0.0	0.0	250.0	0.0	0.0	0.0	0.0	0.0	0.0	250.0	79.0	0.0	0.0	0.0	0.0	250.0	0.0	148.0	0.0	50.0	76.0	0.0	0.0	0.0	230.0	0.0	94.0	52.0	65.0	0.0	0.0	0.0	240.0	0.0	0.0
o174	253.0	36.0	61.0	71.0	35.0	275.0	272.0	238.0	230.0	235.0	67.0	43.0	74.0	35.0	238.0	252.0	254.0	240.0	48.0	54.0	59.0	43.0	258.0	241.0	260.0	56.0	30.0	98.0	142.0	214.0	253.0	241.0	131.0	90.0	47.0	72.0	133.0	233.0	251.0	224.0	153.0	109.0	30.0	40.0	144.0	173.0	227.0	223.0	164.0	88.0
o175	261.0	0.0	0.0	47.0	69.0	239.0	230.0	0.0	239.0	268.0	0.0	28.0	34.0	48.0	236.0	259.0	262.0	234.0	0.0	54.0	57.0	40.0	265.0	236.0	0.0	103.0	31.0	112.0	0.0	210.0	268.0	201.0	128.0	0.0	58.0	52.0	126.0	0.0	244.0	237.0	0.0	0.0	0.0	0.0	101.0	220.0	224.0	0.0	170.0	0.0
o176	0.0	36.0	54.0	0.0	0.0	259.0	0.0	0.0	0.0	0.0	0.0	0.0	0.0	0.0	0.0	0.0	0.0	244.0	69.0	0.0	0.0	0.0	256.0	253.0	0.0	102.0	0.0	0.0	138.0	0.0	0.0	222.0	0.0	0.0	0.0	0.0	0.0	0.0	0.0	0.0	0.0	97.0	0.0	0.0	124.0	0.0	248.0	0.0	177.0	0.0
o177	247.0	41.0	24.0	83.0	24.0	276.0	298.0	250.0	287.0	228.0	8.0	3.0	100.0	98.0	201.0	234.0	297.0	235.0	91.0	87.0	68.0	19.0	239.0	246.0	290.0	52.0	91.0	59.0	194.0	180.0	232.0	199.0	119.0	68.0	45.0	107.0	111.0	241.0	257.0	185.0	189.0	133.0	39.0	110.0	103.0	194.0	226.0	195.0	192.0	114.0
o178	227.0	17.0	15.0	15.0	12.0	280.0	0.0	288.0	0.0	299.0	0.0	25.0	0.0	10.0	281.0	203.0	0.0	0.0	0.0	59.0	21.0	14.0	0.0	240.0	226.0	79.0	41.0	0.0	194.0	0.0	0.0	224.0	187.0	0.0	44.0	105.0	100.0	237.0	245.0	222.0	200.0	0.0	85.0	0.0	0.0	204.0	0.0	197.0	186.0	133.0
o179	0.0	0.0	0.0	84.0	0.0	0.0	227.0	0.0	0.0	0.0	0.0	33.0	0.0	0.0	0.0	280.0	0.0	0.0	12.0	0.0	22.0	91.0	0.0	0.0	0.0	0.0	0.0	136.0	0.0	0.0	0.0	0.0	0.0	68.0	0.0	0.0	94.0	0.0	0.0	274.0	0.0	111.0	0.0	0.0	0.0	0.0	0.0	0.0	0.0	0.0
o180	50.0	50.0	250.0	250.0	250.0	250.0	50.0	50.0	50.0	50.0	50.0	250.0	250.0	250.0	250.0	50.0	50.0	50.0	50.0	250.0	250.0	250.0	250.0	50.0	50.0	150.0	231.0	249.0	212.0	140.0	74.0	50.0	81.0	150.0	219.0	250.0	226.0	160.0	88.0	51.0	69.0	131.0	204.0	247.0	237.0	178.0	104.0	55.0	59.0	113.0
o181	0.0	50.0	250.0	250.0	250.0	250.0	50.0	50.0	0.0	50.0	50.0	250.0	250.0	0.0	0.0	50.0	0.0	50.0	50.0	0.0	250.0	250.0	0.0	0.0	0.0	150.0	0.0	249.0	212.0	0.0	74.0	0.0	81.0	150.0	219.0	250.0	226.0	0.0	88.0	51.0	69.0	131.0	0.0	0.0	237.0	178.0	104.0	0.0	0.0	113.0
o182	0.0	0.0	0.0	0.0	0.0	0.0	50.0	0.0	0.0	0.0	0.0	0.0	0.0	250.0	0.0	0.0	50.0	50.0	0.0	0.0	0.0	250.0	0.0	0.0	0.0	150.0	0.0	249.0	0.0	0.0	0.0	0.0	0.0	0.0	219.0	0.0	0.0	0.0	0.0	51.0	0.0	0.0	0.0	0.0	0.0	178.0	0.0	0.0	0.0	113.0
o183	65.0	32.0	259.0	243.0	233.0	245.0	41.0	70.0	44.0	64.0	61.0	256.0	268.0	246.0	236.0	71.0	48.0	28.0	49.0	250.0	274.0	253.0	234.0	56.0	28.0	170.0	242.0	231.0	204.0	131.0	72.0	71.0	77.0	133.0	199.0	229.0	247.0	166.0	93.0	57.0	77.0	107.0	200.0	243.0	230.0	190.0	80.0	76.0	67.0	100.0
o184	68.0	48.0	253.0	226.0	244.0	260.0	0.0	67.0	0.0	0.0	0.0	249.0	0.0	0.0	236.0	31.0	68.0	29.0	0.0	250.0	233.0	267.0	226.0	54.0	0.0	136.0	0.0	236.0	215.0	149.0	59.0	56.0	67.0	131.0	226.0	0.0	231.0	0.0	94.0	30.0	57.0	148.0	193.0	0.0	0.0	0.0	0.0	65.0	79.0	0.0
o185	40.0	0.0	0.0	0.0	260.0	0.0	0.0	0.0	0.0	0.0	0.0	0.0	250.0	0.0	0.0	55.0	0.0	0.0	0.0	235.0	0.0	228.0	0.0	0.0	0.0	0.0	0.0	0.0	0.0	162.0	83.0	0.0	89.0	0.0	0.0	0.0	0.0	0.0	0.0	0.0	78.0	116.0	0.0	0.0	0.0	0.0	121.0	0.0	0.0	0.0
o186	49.0	52.0	264.0	233.0	298.0	226.0	69.0	28.0	92.0	91.0	98.0	224.0	204.0	285.0	266.0	76.0	86.0	12.0	24.0	259.0	282.0	262.0	298.0	53.0	92.0	169.0	259.0	219.0	246.0	176.0	31.0	42.0	91.0	173.0	182.0	270.0	247.0	188.0	38.0	60.0	38.0	129.0	156.0	283.0	241.0	153.0	103.0	86.0	91.0	155.0
o187	55.0	0.0	276.0	239.0	282.0	213.0	68.0	90.0	0.0	37.0	48.0	292.0	201.0	220.0	0.0	81.0	0.0	0.0	0.0	277.0	282.0	0.0	212.0	5.0	0.0	177.0	223.0	249.0	187.0	93.0	0.0	0.0	0.0	155.0	200.0	242.0	220.0	173.0	0.0	84.0	0.0	0.0	181.0	256.0	200.0	210.0	110.0	0.0	63.0	133.0
o188	0.0	0.0	0.0	0.0	250.0	0.0	77.0	0.0	0.0	0.0	20.0	0.0	0.0	0.0	0.0	22.0	0.0	0.0	5.0	0.0	0.0	226.0	271.0	1.0	0.0	0.0	0.0	0.0	213.0	0.0	25.0	0.0	0.0	0.0	221.0	200.0	200.0	0.0	106.0	0.0	0.0	0.0	199.0	204.0	0.0	0.0	0.0	0.0	99.0	0.0
o189	200.0	200.0	200.0	200.0	100.0	100.0	100.0	100.0	200.0	200.0	200.0	200.0	200.0	100.0	100.0	100.0	100.0	200.0	200.0	200.0	200.0	100.0	100.0	100.0	100.0	200.0	179.0	143.0	111.0	100.0	117.0	152.0	186.0	200.0	186.0	152.0	117.0	100.0	111.0	143.0	179.0	199.0	192.0	162.0	125.0	102.0	106.0	134.0	171.0	196.0
o190	200.0	0.0	0.0	200.0	0.0	100.0	100.0	100.0	0.0	200.0	200.0	200.0	200.0	100.0	0.0	100.0	0.0	0.0	0.0	200.0	0.0	100.0	0.0	100.0	100.0	200.0	179.0	0.0	111.0	100.0	0.0	152.0	0.0	200.0	186.0	152.0	0.0	100.0	111.0	143.0	179.0	199.0	192.0	0.0	125.0	102.0	106.0	0.0	0.0	0.0
o191	0.0	0.0	200.0	0.0	0.0	100.0	100.0	100.0	0.0	200.0	0.0	0.0	0.0	100.0	0.0	100.0	0.0	0.0	0.0	0.0	200.0	0.0	100.0	0.0	100.0	0.0	0.0	0.0	0.0	100.0	0.0	0.0	0.0	0.0	0.0	0.0	117.0	0.0	0.0	143.0	0.0	0.0	192.0	0.0	0.0	102.0	0.0	0.0	0.0	0.0
o192	212.0	209.0	203.0	198.0	91.0	88.0	100.0	108.0	205.0	206.0	189.0	189.0	199.0	105.0	88.0	93.0	109.0	209.0	208.0	190.0	208.0	112.0	111.0	106.0	95.0	210.0	170.0	133.0	99.0	109.0	123.0	143.0	187.0	210.0	177.0	149.0	112.0	97.0	122.0	131.0	189.0	198.0	180.0	161.0	129.0	104.0	95.0	122.0	166.0	186.0
o193	190.0	195.0	0.0	195.0	0.0	88.0	110.0	94.0	199.0	0.0	0.0	202.0	188.0	111.0	0.0	0.0	96.0	190.0	0.0	194.0	195.0	111.0	0.0	106.0	111.0	193.0	188.0	142.0	0.0	0.0	119.0	140.0	191.0	210.0	190.0	152.0	111.0	0.0	0.0	143.0	0.0	0.0	0.0	157.0	136.0	100.0	0.0	146.0	169.0	204.0
o194	0.0	0.0	197.0	0.0	0.0	0.0	0.0	107.0	0.0	0.0	0.0	0.0	0.0	94.0	107.0	0.0	0.0	0.0	0.0	199.0	0.0	0.0	94.0	112.0	0.0	0.0	0.0	132.0	100.0	0.0	0.0	153.0	0.0	0.0	0.0	0.0	0.0	0.0	0.0	0.0	0.0	0.0	0.0	153.0	0.0	0.0	0.0	121.0	183.0	0.0
o195	180.0	198.0	211.0	200.0	113.0	108.0	112.0	116.0	223.0	176.0	205.0	222.0	176.0	93.0	122.0	99.0	97.0	205.0	188.0	223.0	209.0	80.0	82.0	110.0	87.0	222.0	173.0	135.0	106.0	88.0	104.0	130.0	195.0	188.0	170.0	174.0	93.0	113.0	119.0	123.0	195.0	207.0	184.0	177.0	141.0	77.0	97.0	149.0	161.0	178.0
o196	224.0	224.0	184.0	0.0	0.0	0.0	104.0	84.0	210.0	214.0	222.0	225.0	194.0	0.0	0.0	110.0	107.0	218.0	219.0	185.0	213.0	0.0	0.0	105.0	0.0	221.0	195.0	167.0	132.0	109.0	0.0	166.0	167.0	216.0	0.0	137.0	129.0	112.0	133.0	140.0	172.0	0.0	0.0	145.0	0.0	0.0	95.0	0.0	155.0	187.0
o197	180.0	0.0	0.0	193.0	0.0	0.0	0.0	0.0	0.0	0.0	178.0	0.0	0.0	0.0	0.0	97.0	97.0	0.0	0.0	0.0	0.0	0.0	0.0	0.0	0.0	0.0	0.0	0.0	93.0	113.0	0.0	0.0	0.0	0.0	0.0	0.0	99.0	0.0	0.0	163.0	0.0	0.0	0.0	0.0	0.0	103.0	0.0	0.0	147.0	0.0
o198	200.0	100.0	100.0	100.0	100.0	200.0	200.0	200.0	200.0	200.0	100.0	100.0	100.0	100.0	200.0	200.0	200.0	200.0	100.0	100.0	100.0	100.0	200.0	200.0	200.0	115.0	101.0	120.0	156.0	189.0	200.0	184.0	149.0	115.0	100.0	113.0	146.0	182.0	200.0	190.0	158.0	122.0	101.0	107.0	137.0	174.0	198.0	195.0	167.0	130.0
o199	200.0	0.0	0.0	0.0	100.0	200.0	200.0	200.0	200.0	0.0	100.0	100.0	100.0	100.0	200.0	200.0	200.0	0.0	0.0	100.0	0.0	100.0	200.0	200.0	0.0	115.0	0.0	120.0	156.0	189.0	200.0	0.0	149.0	115.0	0.0	113.0	146.0	0.0	200.0	190.0	158.0	0.0	101.0	107.0	0.0	174.0	198.0	0.0	167.0	130.0
o200	0.0	0.0	0.0	0.0	0.0	200.0	200.0	0.0	0.0	200.0	0.0	0.0	0.0	0.0	0.0	0.0	0.0	200.0	0.0	100.0	0.0	0.0	0.0	0.0	0.0	115.0	0.0	0.0	0.0	0.0	0.0	184.0	0.0	115.0	100.0	0.0	146.0	0.0	0.0	0.0	0.0	0.0	101.0	0.0	137.0	0.0	198.0	195.0	167.0	0.0
o201	188.0	108.0	104.0	98.0	95.0	208.0	208.0	203.0	210.0	200.0	109.0	93.0	94.0	93.0	198.0	203.0	211.0	207.0	97.0	109.0	105.0	93.0	197.0	201.0	212.0	123.0	107.0	123.0	160.0	200.0	205.0	177.0	156.0	122.0	112.0	112.0	149.0	188.0	206.0	196.0	166.0	120.0	108.0	119.0	134.0	183.0	208.0	191.0	173.0	120.0
o202	204.0	96.0	0.0	105.0	89.0	195.0	191.0	0.0	194.0	0.0	110.0	100.0	89.0	103.0	200.0	0.0	0.0	208.0	0.0	100.0	99.0	110.0	0.0	199.0	195.0	0.0	0.0	0.0	150.0	182.0	194.0	187.0	159.0	107.0	91.0	124.0	155.0	169.0	193.0	0.0	163.0	0.0	107.0	95.0	133.0	0.0	190.0	198.0	156.0	0.0
o203	0.0	0.0	97.0	0.0	111.0	0.0	0.0	0.0	0.0	0.0	100.0	0.0	0.0	0.0	0.0	0.0	0.0	203.0	0.0	0.0	99.0	0.0	210.0	0.0	190.0	104.0	0.0	0.0	154.0	0.0	194.0	0.0	0.0	110.0	0.0	0.0	156.0	0.0	192.0	0.0	0.0	0.0	0.0	0.0	0.0	166.0	0.0	0.0	0.0	140.0
o204	179.0	82.0	77.0	121.0	87.0	177.0	197.0	221.0	220.0	214.0	110.0	90.0	97.0	113.0	198.0	214.0	190.0	209.0	92.0	81.0	83.0	93.0	196.0	201.0	181.0	125.0	103.0	132.0	175.0	199.0	205.0	165.0	161.0	104.0	119.0	100.0	161.0	169.0	214.0	180.0	171.0	104.0	92.0	102.0	153.0	153.0	210.0	184.0	158.0	135.0
o205	0.0	94.0	95.0	0.0	123.0	198.0	210.0	203.0	217.0	186.0	123.0	107.0	0.0	109.0	0.0	202.0	0.0	203.0	0.0	102.0	78.0	124.0	215.0	188.0	179.0	0.0	85.0	131.0	177.0	170.0	0.0	174.0	161.0	106.0	113.0	0.0	171.0	0.0	0.0	0.0	0.0	107.0	112.0	0.0	155.0	196.0	219.0	193.0	160.0	0.0
o206	0.0	0.0	0.0	0.0	0.0	0.0	192.0	0.0	0.0	189.0	0.0	0.0	0.0	0.0	0.0	0.0	0.0	0.0	82.0	119.0	0.0	0.0	0.0	0.0	0.0	90.0	0.0	0.0	0.0	0.0	0.0	0.0	0.0	0.0	0.0	0.0	135.0	0.0	0.0	0.0	0.0	0.0	0.0	0.0	0.0	0.0	179.0	196.0	0.0	0.0
o207	100.0	100.0	200.0	200.0	200.0	200.0	100.0	100.0	100.0	100.0	100.0	200.0	200.0	200.0	200.0	100.0	100.0	100.0	100.0	200.0	200.0	200.0	200.0	100.0	100.0	150.0	191.0	199.0	181.0	145.0	112.0	100.0	115.0	150.0	185.0	200.0	188.0	155.0	119.0	101.0	109.0	141.0	177.0	199.0	193.0	164.0	127.0	103.0	105.0	131.0
o208	0.0	100.0	0.0	200.0	200.0	200.0	100.0	0.0	0.0	0.0	100.0	0.0	200.0	200.0	200.0	100.0	100.0	100.0	100.0	200.0	200.0	200.0	0.0	0.0	0.0	150.0	191.0	199.0	181.0	145.0	112.0	0.0	0.0	150.0	185.0	0.0	188.0	155.0	119.0	101.0	0.0	141.0	0.0	0.0	0.0	164.0	0.0	0.0	105.0	131.0
o209	100.0	0.0	0.0	0.0	0.0	0.0	0.0	0.0	0.0	0.0	0.0	200.0	0.0	0.0	0.0	100.0	0.0	100.0	100.0	0.0	200.0	200.0	0.0	0.0	0.0	150.0	0.0	0.0	0.0	0.0	0.0	100.0	0.0	0.0	185.0	200.0	188.0	0.0	119.0	0.0	0.0	0.0	177.0	0.0	0.0	0.0	0.0	0.0	0.0	0.0
o210	108.0	88.0	194.0	211.0	209.0	208.0	106.0	88.0	111.0	92.0	107.0	198.0	205.0	200.0	210.0	91.0	103.0	92.0	106.0	197.0	209.0	206.0	201.0	90.0	99.0	146.0	184.0	193.0	183.0	157.0	117.0	97.0	124.0	138.0	186.0	211.0	182.0	163.0	129.0	108.0	115.0	146.0	169.0	195.0	194.0	174.0	129.0	91.0	95.0	136.0
o211	111.0	108.0	201.0	206.0	0.0	207.0	107.0	0.0	99.0	0.0	0.0	208.0	200.0	0.0	0.0	109.0	102.0	0.0	103.0	211.0	0.0	205.0	205.0	95.0	96.0	143.0	203.0	207.0	193.0	138.0	0.0	97.0	0.0	159.0	177.0	0.0	183.0	158.0	0.0	109.0	111.0	132.0	189.0	200.0	0.0	170.0	0.0	109.0	107.0	136.0
o212	0.0	0.0	0.0	0.0	198.0	192.0	0.0	0.0	112.0	104.0	89.0	0.0	205.0	0.0	0.0	0.0	0.0	0.0	0.0	0.0	0.0	0.0	209.0	0.0	0.0	0.0	0.0	196.0	0.0	137.0	0.0	0.0	0.0	0.0	177.0	0.0	0.0	0.0	0.0	0.0	0.0	0.0	0.0	203.0	0.0	0.0	0.0	0.0	100.0	0.0
o213	112.0	85.0	212.0	220.0	212.0	218.0	81.0	107.0	78.0	118.0	92.0	177.0	193.0	181.0	208.0	78.0	99.0	113.0	111.0	221.0	222.0	211.0	208.0	96.0	102.0	159.0	177.0	208.0	175.0	130.0	124.0	97.0	126.0	161.0	165.0	184.0	177.0	178.0	105.0	82.0	93.0	161.0	191.0	177.0	188.0	166.0	121.0	99.0	81.0	142.0
o214	112.0	0.0	179.0	176.0	0.0	0.0	76.0	103.0	120.0	99.0	90.0	195.0	220.0	199.0	187.0	0.0	0.0	123.0	0.0	196.0	210.0	177.0	213.0	116.0	82.0	0.0	169.0	212.0	0.0	127.0	133.0	96.0	92.0	128.0	175.0	0.0	201.0	172.0	0.0	0.0	114.0	0.0	0.0	201.0	0.0	172.0	141.0	97.0	102.0	117.0
o215	0.0	0.0	0.0	0.0	0.0	0.0	0.0	113.0	101.0	0.0	0.0	220.0	0.0	0.0	0.0	0.0	101.0	89.0	0.0	221.0	0.0	189.0	0.0	0.0	88.0	0.0	0.0	0.0	200.0	155.0	0.0	0.0	0.0	173.0	178.0	186.0	0.0	0.0	0.0	0.0	0.0	0.0	0.0	0.0	0.0	0.0	0.0	0.0	0.0	152.0
o216	175.0	175.0	175.0	175.0	125.0	125.0	125.0	125.0	175.0	175.0	175.0	175.0	175.0	125.0	125.0	125.0	125.0	175.0	175.0	175.0	175.0	125.0	125.0	125.0	125.0	175.0	165.0	146.0	130.0	125.0	134.0	151.0	168.0	175.0	168.0	151.0	134.0	125.0	130.0	146.0	165.0	175.0	171.0	156.0	138.0	126.0	128.0	142.0	160.0	173.0
o217	175.0	175.0	0.0	175.0	125.0	0.0	0.0	0.0	0.0	175.0	175.0	175.0	175.0	0.0	125.0	125.0	125.0	175.0	175.0	0.0	175.0	125.0	125.0	0.0	125.0	175.0	165.0	146.0	130.0	125.0	0.0	151.0	168.0	175.0	0.0	151.0	134.0	125.0	0.0	0.0	165.0	175.0	171.0	0.0	138.0	0.0	128.0	142.0	160.0	173.0
o218	175.0	175.0	0.0	0.0	125.0	0.0	0.0	0.0	0.0	0.0	175.0	0.0	175.0	0.0	125.0	0.0	0.0	0.0	0.0	0.0	175.0	125.0	0.0	0.0	125.0	0.0	0.0	146.0	130.0	0.0	0.0	0.0	168.0	175.0	0.0	0.0	0.0	125.0	0.0	0.0	0.0	0.0	171.0	156.0	0.0	126.0	0.0	0.0	0.0	0.0
o219	177.0	175.0	176.0	173.0	122.0	129.0	122.0	130.0	176.0	178.0	170.0	176.0	180.0	128.0	121.0	126.0	124.0	176.0	174.0	176.0	178.0	124.0	130.0	126.0	128.0	174.0	169.0	144.0	129.0	121.0	135.0	151.0	167.0	169.0	169.0	154.0	130.0	120.0	135.0	142.0	170.0	179.0	176.0	157.0	140.0	130.0	125.0	147.0	166.0	176.0
o220	174.0	180.0	173.0	170.0	130.0	0.0	130.0	130.0	171.0	0.0	0.0	169.0	0.0	126.0	126.0	0.0	129.0	180.0	171.0	177.0	0.0	0.0	127.0	127.0	123.0	177.0	170.0	0.0	134.0	123.0	140.0	154.0	164.0	176.0	168.0	0.0	138.0	128.0	132.0	0.0	0.0	0.0	0.0	153.0	0.0	132.0	124.0	141.0	158.0	177.0
o221	170.0	0.0	0.0	174.0	0.0	126.0	120.0	0.0	0.0	0.0	173.0	0.0	0.0	0.0	0.0	0.0	125.0	177.0	0.0	0.0	0.0	0.0	0.0	0.0	0.0	0.0	160.0	0.0	134.0	0.0	0.0	156.0	0.0	0.0	0.0	157.0	0.0	128.0	0.0	0.0	0.0	0.0	0.0	155.0	0.0	120.0	0.0	137.0	0.0	176.0
o222	186.0	175.0	165.0	165.0	115.0	125.0	134.0	128.0	175.0	164.0	168.0	174.0	169.0	132.0	116.0	117.0	133.0	175.0	183.0	165.0	167.0	115.0	132.0	136.0	135.0	165.0	162.0	151.0	121.0	123.0	129.0	155.0	177.0	182.0	167.0	156.0	136.0	129.0	130.0	142.0	162.0	183.0	181.0	158.0	147.0	129.0	120.0	153.0	153.0	180.0
o223	0.0	0.0	165.0	181.0	128.0	0.0	129.0	125.0	185.0	164.0	178.0	170.0	180.0	122.0	117.0	120.0	133.0	182.0	0.0	0.0	0.0	119.0	133.0	0.0	119.0	168.0	170.0	147.0	139.0	0.0	0.0	0.0	0.0	0.0	0.0	0.0	0.0	119.0	131.0	145.0	170.0	168.0	176.0	154.0	134.0	0.0	127.0	143.0	159.0	168.0
o224	0.0	178.0	0.0	0.0	0.0	0.0	0.0	0.0	168.0	167.0	0.0	166.0	0.0	0.0	137.0	124.0	0.0	0.0	0.0	0.0	0.0	0.0	0.0	126.0	0.0	183.0	177.0	0.0	0.0	0.0	0.0	0.0	0.0	0.0	0.0	0.0	0.0	0.0	0.0	0.0	164.0	0.0	183.0	152.0	0.0	0.0	0.0	0.0	170.0	179.0
o225	175.0	125.0	125.0	125.0	125.0	175.0	175.0	175.0	175.0	175.0	125.0	125.0	125.0	125.0	175.0	175.0	175.0	175.0	125.0	125.0	125.0	125.0	175.0	175.0	175.0	132.0	125.0	135.0	153.0	169.0	175.0	167.0	149.0	132.0	125.0	132.0	148.0	166.0	175.0	170.0	154.0	136.0	126.0	129.0	144.0	162.0	174.0	172.0	159.0	140.0
o226	175.0	125.0	0.0	125.0	125.0	175.0	175.0	0.0	175.0	175.0	0.0	125.0	0.0	125.0	175.0	175.0	175.0	175.0	0.0	125.0	125.0	125.0	0.0	175.0	175.0	132.0	0.0	0.0	153.0	169.0	0.0	167.0	149.0	132.0	125.0	132.0	148.0	166.0	175.0	170.0	154.0	136.0	0.0	129.0	0.0	162.0	174.0	172.0	159.0	140.0
o227	0.0	125.0	125.0	0.0	125.0	0.0	0.0	0.0	0.0	0.0	125.0	125.0	0.0	0.0	0.0	0.0	0.0	175.0	0.0	0.0	0.0	0.0	175.0	175.0	0.0	132.0	125.0	0.0	0.0	0.0	0.0	0.0	0.0	132.0	0.0	0.0	0.0	0.0	0.0	0.0	0.0	0.0	0.0	129.0	0.0	0.0	0.0	0.0	0.0	140.0
o228	176.0	122.0	130.0	123.0	121.0	173.0	176.0	180.0	177.0	177.0	131.0	123.0	124.0	123.0	173.0	172.0	181.0	176.0	127.0	123.0	121.0	121.0	178.0	177.0	178.0	129.0	130.0	135.0	151.0	165.0	177.0	165.0	149.0	137.0	125.0	126.0	151.0	160.0	169.0	174.0	155.0	134.0	130.0	126.0	149.0	158.0	179.0	172.0	161.0	146.0
o229	173.0	129.0	0.0	121.0	127.0	177.0	0.0	175.0	180.0	0.0	129.0	0.0	122.0	120.0	172.0	177.0	176.0	178.0	0.0	126.0	121.0	0.0	0.0	170.0	181.0	129.0	124.0	129.0	0.0	173.0	0.0	168.0	147.0	137.0	0.0	127.0	146.0	164.0	0.0	167.0	0.0	140.0	128.0	0.0	140.0	162.0	172.0	174.0	156.0	146.0
o230	0.0	0.0	0.0	0.0	0.0	180.0	0.0	180.0	0.0	0.0	127.0	0.0	0.0	0.0	0.0	175.0	0.0	0.0	0.0	119.0	127.0	0.0	0.0	0.0	0.0	129.0	123.0	139.0	0.0	172.0	0.0	0.0	0.0	0.0	128.0	126.0	145.0	171.0	0.0	0.0	0.0	135.0	0.0	0.0	0.0	0.0	0.0	0.0	163.0	0.0
o231	179.0	134.0	126.0	123.0	114.0	174.0	173.0	182.0	187.0	167.0	113.0	117.0	119.0	119.0	183.0	178.0	166.0	167.0	133.0	130.0	118.0	118.0	187.0	174.0	174.0	139.0	119.0	127.0	160.0	170.0	180.0	174.0	149.0	132.0	132.0	132.0	155.0	163.0	180.0	160.0	147.0	131.0	115.0	126.0	134.0	167.0	176.0	168.0	162.0	135.0
o232	168.0	0.0	124.0	0.0	119.0	178.0	174.0	0.0	171.0	171.0	123.0	114.0	123.0	124.0	0.0	0.0	176.0	0.0	125.0	125.0	121.0	0.0	0.0	182.0	173.0	122.0	0.0	0.0	0.0	0.0	0.0	172.0	0.0	0.0	0.0	134.0	137.0	168.0	182.0	170.0	147.0	143.0	128.0	135.0	145.0	0.0	181.0	181.0	171.0	137.0
o233	166.0	0.0	114.0	0.0	0.0	0.0	0.0	0.0	185.0	0.0	119.0	0.0	113.0	0.0	0.0	0.0	0.0	182.0	0.0	0.0	115.0	0.0	0.0	186.0	0.0	136.0	0.0	131.0	164.0	0.0	0.0	170.0	145.0	0.0	0.0	0.0	0.0	0.0	170.0	173.0	159.0	0.0	131.0	0.0	0.0	0.0	0.0	0.0	167.0	0.0
o234	125.0	125.0	175.0	175.0	175.0	175.0	125.0	125.0	125.0	125.0	125.0	175.0	175.0	175.0	175.0	125.0	125.0	125.0	125.0	175.0	175.0	175.0	175.0	125.0	125.0	150.0	170.0	175.0	165.0	148.0	131.0	125.0	133.0	150.0	167.0	175.0	169.0	152.0	135.0	125.0	130.0	145.0	164.0	174.0	172.0	157.0	139.0	126.0	127.0	141.0
o235	125.0	125.0	175.0	0.0	175.0	175.0	125.0	125.0	125.0	125.0	125.0	175.0	175.0	0.0	0.0	125.0	125.0	0.0	125.0	175.0	175.0	0.0	175.0	0.0	0.0	150.0	170.0	175.0	0.0	0.0	0.0	125.0	0.0	150.0	167.0	175.0	169.0	152.0	135.0	125.0	0.0	145.0	164.0	174.0	0.0	157.0	139.0	126.0	127.0	0.0
o236	0.0	0.0	0.0	0.0	175.0	0.0	0.0	0.0	125.0	0.0	125.0	175.0	0.0	0.0	0.0	125.0	0.0	0.0	0.0	0.0	0.0	0.0	175.0	0.0	125.0	0.0	0.0	175.0	0.0	148.0	131.0	0.0	0.0	0.0	0.0	0.0	169.0	0.0	0.0	125.0	0.0	0.0	0.0	0.0	0.0	0.0	139.0	0.0	0.0	141.0
o237	131.0	119.0	178.0	170.0	170.0	170.0	124.0	126.0	126.0	125.0	123.0	175.0	180.0	173.0	169.0	131.0	127.0	129.0	130.0	169.0	179.0	178.0	170.0	128.0	127.0	147.0	166.0	180.0	167.0	144.0	128.0	130.0	129.0	147.0	169.0	171.0	171.0	148.0	132.0	128.0	132.0	146.0	158.0	178.0	167.0	157.0	138.0	126.0	133.0	146.0
o238	130.0	122.0	0.0	179.0	179.0	0.0	126.0	0.0	0.0	125.0	128.0	0.0	170.0	175.0	174.0	122.0	121.0	124.0	122.0	176.0	174.0	171.0	179.0	125.0	124.0	150.0	168.0	0.0	0.0	153.0	129.0	126.0	0.0	147.0	170.0	173.0	0.0	147.0	135.0	129.0	126.0	0.0	163.0	169.0	0.0	153.0	140.0	130.0	124.0	0.0
o239	0.0	0.0	0.0	0.0	0.0	0.0	0.0	0.0	0.0	0.0	0.0	0.0	176.0	0.0	173.0	0.0	128.0	0.0	0.0	0.0	171.0	0.0	180.0	0.0	121.0	147.0	0.0	0.0	171.0	0.0	128.0	0.0	0.0	0.0	0.0	175.0	0.0	0.0	0.0	120.0	129.0	0.0	0.0	0.0	0.0	0.0	0.0	0.0	0.0	138.0
o240	133.0	125.0	174.0	184.0	187.0	180.0	124.0	117.0	129.0	120.0	136.0	163.0	171.0	187.0	175.0	130.0	122.0	119.0	123.0	174.0	187.0	180.0	182.0	120.0	117.0	162.0	170.0	177.0	155.0	142.0	136.0	115.0	144.0	148.0	156.0	185.0	175.0	161.0	130.0	136.0	139.0	155.0	168.0	165.0	175.0	157.0	128.0	122.0	122.0	148.0
o241	114.0	128.0	172.0	167.0	182.0	0.0	116.0	0.0	0.0	117.0	0.0	163.0	171.0	0.0	0.0	133.0	132.0	113.0	120.0	169.0	0.0	0.0	181.0	126.0	132.0	0.0	161.0	167.0	176.0	154.0	135.0	132.0	138.0	156.0	173.0	174.0	171.0	163.0	143.0	0.0	125.0	139.0	166.0	0.0	0.0	0.0	132.0	121.0	0.0	148.0
o242	0.0	0.0	0.0	184.0	0.0	0.0	121.0	0.0	0.0	0.0	129.0	0.0	0.0	0.0	166.0	0.0	135.0	135.0	133.0	0.0	0.0	0.0	0.0	0.0	0.0	0.0	158.0	185.0	0.0	0.0	0.0	0.0	0.0	161.0	0.0	184.0	0.0	0.0	143.0	0.0	127.0	0.0	0.0	0.0	0.0	169.0	135.0	0.0	0.0	0.0