# Constructed from biom file
#OTU ID	s0	s1	s2	s3	s4	s5	s6	s7	s8	s9	s10	s11	s12	s13	s14	s15	s16	s17	s18	s19	s20	s21	s22	s23	s24	s25	s26	s27	s28	s29	s30	s31	s32	s33	s34	s35	s36	s37	s38	s39	s40	s41	s42	s43	s44	s45	s46	s47	s48	s49	s50	s51	s52	s53	s54	s55	s56	s57	s58	s59	s60	s61	s62	s63	s64	s65	s66	s67	s68	s69	s70	s71	s72	s73	s74	s75	s76	s77	s78	s79
o0	4	0	0	1	2	1	1	1	1	1	1	2	1	0	5	0	0	0	1	1	0	0	0	0	0	0	1	4	4	1	0	1	3	0	0	2	1	6	1	0	3	0	0	2	0	0	6	1	2	3	1	1	0	3	2	0	8	0	0	2	3	0	2	0	0	0	1	1	0	2	0	0	6	0	1	3	5	0	0	3
o1	2	4	2	0	2	0	0	5	1	2	3	0	5	4	0	2	5	0	2	4	3	3	0	1	0	0	4	3	5	0	0	0	0	1	0	3	3	2	8	0	0	0	1	5	2	1	0	1	1	1	6	3	1	2	0	1	0	3	1	4	1	1	0	0	0	3	2	4	0	1	1	0	0	1	5	0	3	1	2	0
o2	0	0	0	0	2	5	1	0	6	3	1	0	0	3	2	0	4	1	4	0	2	3	1	2	0	2	0	3	5	1	1	0	6	0	0	2	3	0	1	2	3	0	0	3	0	2	5	4	2	1	2	0	6	2	0	3	2	1	0	1	1	6	2	0	8	3	0	0	3	0	1	0	2	1	1	1	0	6	1	9
o3	1	2	1	2	0	2	2	2	1	2	1	0	2	2	2	0	0	0	9	3	0	1	0	1	3	0	0	0	0	5	0	0	4	1	1	0	4	4	2	1	2	5	3	1	0	0	0	3	0	1	0	1	0	1	5	2	2	0	1	0	3	2	7	0	4	0	3	11	0	0	0	3	0	1	2	0	0	0	4	1
o4	0	4	1	0	1	0	3	4	0	2	1	1	0	4	2	2	2	0	3	0	2	3	3	1	5	4	1	2	6	0	0	1	1	1	0	1	0	1	0	3	0	1	0	0	3	0	0	0	2	1	0	1	2	0	0	3	5	3	1	2	2	2	1	3	3	0	1	0	0	0	1	2	4	2	1	1	3	1	1	0
o5	0	2	2	2	4	6	5	0	0	4	0	4	3	6	0	0	1	4	1	3	2	1	0	0	0	4	4	0	1	3	0	4	0	2	1	2	0	2	5	1	1	3	0	0	5	0	1	2	1	0	3	0	1	4	1	0	1	0	1	2	1	2	2	4	1	1	3	1	9	2	3	0	4	3	2	2	0	5	0	1
o6	2	4	0	2	0	1	1	1	0	0	3	0	1	4	6	1	0	2	0	0	1	1	2	0	4	0	0	0	1	1	1	0	3	5	3	0	1	0	4	0	1	0	1	1	1	0	2	0	0	6	3	0	0	4	0	1	0	0	0	2	3	1	2	1	2	0	1	0	0	1	2	3	0	0	1	3	2	6	1	0
o7	2	0	2	1	2	2	1	0	1	3	2	0	0	2	0	0	0	0	4	0	2	6	4	0	0	3	0	3	0	0	3	0	1	5	3	0	0	0	3	3	5	2	2	0	1	0	0	0	3	1	1	4	7	0	3	0	1	0	0	0	2	3	1	3	2	1	0	3	2	6	0	4	5	2	1	1	1	0	0	2
o8	5	0	1	0	4	4	0	0	3	4	1	1	0	0	1	0	2	1	0	1	0	0	1	1	3	0	0	1	0	1	0	3	1	0	2	5	4	1	3	2	0	0	5	0	3	0	0	2	0	2	4	0	3	1	1	3	1	0	0	0	2	1	0	0	0	1	0	0	4	1	2	2	5	3	3	5	1	1	2	1
o9	1	3	1	1	0	2	0	5	2	0	5	1	0	0	0	1	0	5	2	1	0	0	3	0	0	2	0	3	0	0	5	2	2	2	4	2	2	1	0	2	1	0	0	4	0	2	0	0	2	6	3	3	1	2	1	0	3	0	6	0	1	1	1	3	0	5	5	2	3	1	0	2	1	0	5	3	1	0	0	0
o10	2	5	4	0	2	1	1	0	0	0	0	1	0	2	4	5	0	1	0	5	1	1	1	0	0	2	2	4	1	0	6	2	3	0	2	4	3	1	0	0	2	0	2	2	0	2	0	2	0	4	2	4	3	0	1	2	0	1	0	0	0	5	0	1	2	5	2	0	4	0	0	3	7	0	1	2	0	0	2	0
o11	2	0	0	2	0	1	1	2	1	2	5	5	1	0	1	0	0	1	0	1	0	0	0	0	3	0	2	3	2	0	1	1	0	1	2	0	0	5	1	1	4	2	1	3	0	4	0	2	1	0	1	4	0	1	1	0	2	1	3	0	0	1	1	0	0	1	1	0	3	0	3	0	0	2	4	0	5	0	10	0
o12	0	0	0	8	4	0	1	2	2	2	5	1	3	1	2	0	1	1	2	1	5	1	0	2	6	1	5	3	3	1	0	2	0	0	1	0	0	0	1	1	0	0	0	0	0	1	0	0	0	2	0	0	1	0	0	4	0	2	3	1	0	0	1	0	0	0	5	3	1	5	0	2	1	4	2	4	0	0	2	1
o13	0	3	5	1	2	3	1	2	1	0	5	4	0	2	0	0	0	6	1	0	1	0	0	1	1	0	1	0	0	2	0	0	0	0	4	0	1	1	0	0	0	0	2	2	5	1	1	2	0	2	0	0	2	0	1	0	0	5	0	1	8	0	0	0	1	0	2	1	0	0	5	1	0	5	0	0	2	0	5	1
o14	5	3	0	0	0	2	3	2	0	2	0	5	3	1	0	2	5	2	1	1	0	0	3	2	0	5	0	6	3	2	2	1	3	0	0	3	1	2	0	1	2	0	2	0	1	0	3	0	1	3	1	3	0	2	1	0	0	3	0	2	0	1	9	0	1	3	3	0	0	1	1	0	0	0	0	2	0	7	2	0
o15	0	3	1	6	0	0	2	1	3	1	2	2	3	1	3	0	2	0	2	2	1	0	0	4	1	4	1	1	0	0	7	0	0	6	1	0	2	2	0	1	2	0	2	3	0	0	6	0	4	2	9	2	2	7	0	0	1	1	4	0	1	0	1	4	0	0	1	0	0	2	5	4	0	7	3	2	2	0	0	5
o16	4	1	1	2	0	0	1	4	0	2	4	0	5	0	1	0	2	2	0	1	0	0	0	2	2	0	1	2	1	0	1	4	0	0	2	1	0	1	4	2	2	2	2	0	0	4	1	1	3	6	0	1	1	0	0	3	3	0	2	0	0	1	0	5	3	0	1	0	1	0	2	2	0	3	5	0	3	6	1	5
o17	2	4	1	2	1	4	1	3	3	0	0	3	0	5	5	1	0	2	0	0	0	4	2	3	0	1	0	1	1	0	1	1	3	0	1	7	4	0	2	1	0	3	0	0	1	1	3	6	2	3	10	0	3	1	2	4	3	0	0	2	0	0	0	4	3	1	2	2	1	3	2	1	1	2	0	6	7	3	6	0
o18	0	1	6	0	0	1	0	0	3	2	1	1	4	0	1	0	1	0	0	0	3	0	2	0	4	3	2	5	0	5	0	0	3	1	0	2	0	2	0	0	0	0	0	1	0	0	3	1	2	0	2	2	0	0	4	0	0	0	1	4	2	2	6	1	3	4	4	2	1	1	2	0	3	0	1	2	0	0	1	4
o19	2	0	4	0	2	1	0	0	5	1	2	0	3	3	3	3	0	0	1	3	0	1	0	2	1	0	1	0	2	0	1	0	0	2	0	0	2	1	2	7	2	0	3	1	0	1	4	0	0	2	2	0	1	1	6	0	0	0	1	0	0	2	0	1	3	6	0	2	0	1	4	0	2	0	3	2	0	1	1	1
o20	3	0	0	0	0	3	3	0	0	0	1	0	2	0	1	4	2	0	1	0	0	1	1	1	1	2	2	1	3	0	4	1	0	4	2	0	3	4	0	5	5	0	0	4	1	0	2	0	1	2	1	0	5	1	0	1	0	0	5	0	4	3	1	2	2	2	0	4	3	0	0	3	0	0	0	3	0	0	0	1
o21	2	1	0	3	0	2	2	0	0	4	1	2	0	2	3	0	0	2	1	0	2	0	1	1	0	0	2	3	2	5	4	2	0	5	4	0	2	0	0	0	2	1	0	5	0	4	0	6	0	4	2	2	1	4	3	1	0	1	0	2	1	0	0	3	2	2	3	0	0	0	0	0	2	2	0	1	1	0	1	3
o22	1	5	1	1	2	2	0	4	1	5	1	2	0	3	2	0	0	1	1	0	0	1	1	0	0	0	1	0	0	2	0	0	1	0	2	0	1	3	2	2	3	2	0	1	3	0	0	3	1	0	0	0	1	0	0	4	0	0	0	0	2	3	1	4	0	0	1	0	1	2	2	1	3	3	1	2	3	3	2	5
o23	2	2	1	0	0	0	1	2	6	3	1	0	4	1	0	0	2	0	0	2	2	0	1	0	0	0	0	2	0	0	0	0	2	0	7	2	2	1	5	0	1	1	0	1	2	7	1	1	5	4	2	3	0	3	0	0	1	0	0	0	0	2	1	1	1	0	1	4	0	0	9	0	1	0	1	0	5	1	1	0
o24	2	1	2	4	0	4	0	0	4	1	3	5	1	2	0	0	7	3	1	1	2	0	0	1	0	0	4	1	2	0	0	1	1	0	4	1	0	0	1	0	4	2	0	1	0	0	5	5	1	0	0	1	0	4	0	3	0	2	0	0	0	2	2	4	1	0	1	2	1	0	6	0	0	0	0	0	4	1	1	4
o25	2	1	1	0	0	2	1	0	2	2	0	1	0	3	2	6	0	0	0	1	0	4	0	2	1	3	2	4	3	0	1	0	0	0	0	0	3	1	2	2	2	4	3	1	3	3	2	1	1	2	0	6	2	1	3	4	0	1	4	1	0	6	0	0	2	0	1	4	0	3	1	6	2	0	2	1	3	1	1	3
o26	1	1	0	5	0	0	2	0	2	2	1	2	0	2	6	1	0	1	1	0	0	1	2	2	4	2	0	0	0	0	0	1	2	0	0	1	2	0	2	0	0	2	3	0	1	1	3	0	3	6	0	1	0	1	6	2	5	1	0	5	0	0	4	2	2	1	0	0	1	0	1	0	1	2	0	0	2	1	0	1
o27	0	4	2	0	2	1	1	1	2	5	2	1	2	1	2	4	2	1	0	2	0	0	1	0	0	0	0	0	3	2	0	3	0	0	2	0	1	2	1	2	2	0	6	3	2	6	5	1	0	0	1	5	1	2	1	2	0	2	1	2	1	4	0	4	0	4	3	4	6	2	1	1	1	1	1	2	0	1	1	3
o28	0	1	0	0	2	0	1	2	1	0	2	2	1	1	0	0	2	1	2	2	7	0	0	4	3	3	1	0	0	3	0	2	5	2	0	4	3	1	1	3	2	0	0	0	0	1	1	1	2	1	0	0	0	1	1	2	1	2	3	1	0	1	0	1	1	0	4	0	1	0	1	0	1	2	0	1	3	2	0	0
o29	1	0	5	3	0	1	2	1	2	0	0	3	1	0	0	2	3	2	2	0	1	0	2	1	2	0	0	3	2	1	3	0	0	0	0	6	1	2	1	0	2	1	2	0	0	1	2	0	2	3	2	2	1	3	1	3	1	3	3	0	0	1	0	1	0	0	4	2	4	0	2	0	0	4	0	4	0	1	2	0
o30	0	0	6	2	0	6	1	1	1	1	0	2	3	0	0	0	0	0	0	2	1	1	3	0	1	0	0	4	4	1	2	0	0	0	1	0	0	1	2	2	0	0	0	4	0	2	0	0	3	0	2	2	2	2	0	4	6	0	1	2	7	0	0	0	0	1	3	0	0	1	1	0	1	0	0	1	1	2	1	1
o31	3	2	1	2	3	2	0	0	1	1	1	0	3	1	2	2	0	0	3	1	0	0	2	5	0	2	1	1	2	1	2	0	1	0	7	0	0	1	1	0	6	1	4	0	1	0	2	2	0	3	2	0	2	2	0	0	2	1	0	1	0	0	5	2	1	1	2	0	0	0	2	8	0	0	2	1	1	2	3	4
o32	2	0	2	0	4	0	2	2	0	5	2	1	3	6	1	5	1	2	1	4	0	1	2	3	3	2	4	2	0	0	1	1	4	0	1	0	3	0	1	1	1	6	0	2	1	4	3	1	3	0	4	0	0	6	1	0	0	3	2	2	1	0	1	0	0	6	1	1	2	3	7	1	1	1	4	3	2	0	3	2
o33	1	1	2	2	1	2	1	1	1	4	0	2	1	1	3	0	0	0	4	2	5	0	3	3	0	1	7	1	0	2	0	0	3	0	5	0	0	0	0	1	0	0	3	1	0	4	0	1	0	0	0	2	0	5	0	2	0	1	3	2	7	1	3	3	0	0	0	7	0	2	1	2	1	0	1	0	2	0	0	8
o34	0	0	1	0	0	0	2	3	0	5	1	0	0	2	0	0	0	0	0	6	0	0	7	5	1	1	0	0	3	0	0	3	2	1	0	1	1	1	5	0	0	1	0	2	0	0	1	0	1	2	0	0	0	1	0	2	1	0	1	0	0	1	1	3	1	1	5	1	3	2	8	1	2	2	2	1	3	0	0	1
o35	1	2	4	0	1	0	0	6	2	2	1	2	0	4	4	0	2	0	1	0	5	1	6	3	1	2	0	4	3	0	0	4	1	1	2	1	1	2	0	2	4	3	2	0	0	3	1	1	6	3	3	2	0	0	1	0	1	1	0	1	2	3	0	2	4	1	6	2	2	1	2	2	1	1	0	6	3	2	5	1
o36	1	0	0	1	0	1	1	0	5	1	0	2	2	4	2	4	3	2	2	3	4	0	0	1	3	6	1	2	0	0	0	1	0	1	0	0	2	0	0	1	0	0	2	0	2	0	1	4	0	0	2	3	0	7	5	4	5	0	0	0	5	0	0	1	0	0	0	0	0	0	1	2	1	2	1	0	3	0	0	2
o37	4	1	2	1	2	0	0	4	0	1	5	1	0	0	2	4	0	0	0	1	0	1	2	1	1	0	2	0	3	4	6	2	2	2	3	5	2	2	1	0	2	0	0	0	1	5	1	2	1	4	0	2	2	0	1	0	3	5	1	0	5	0	2	1	2	1	1	0	2	3	1	3	1	0	0	0	0	1	0	1
o38	0	0	0	1	5	5	0	0	2	5	0	1	1	2	0	2	0	6	1	3	1	0	1	3	4	5	3	1	2	2	2	2	1	1	0	3	3	0	1	2	0	0	0	0	3	2	4	3	1	2	0	0	0	1	3	0	3	0	4	1	4	1	1	1	0	1	1	1	1	4	0	1	0	2	0	5	1	1	6	3
o39	2	0	0	1	2	2	1	0	0	2	0	0	1	1	1	0	0	0	1	2	2	2	0	0	3	1	4	0	2	1	0	0	3	3	0	2	6	0	2	1	0	2	1	0	3	1	0	0	2	2	0	5	0	3	0	1	0	2	0	2	0	2	4	8	1	4	3	1	2	6	0	5	5	0	2	0	1	0	1	1
o40	1	7	0	5	4	1	1	0	1	1	1	0	4	0	2	1	3	4	3	2	0	4	3	0	5	1	1	2	2	3	0	1	3	1	3	3	2	4	1	0	2	0	0	0	1	0	2	2	1	6	2	0	6	5	0	0	0	0	0	5	3	0	1	2	6	1	0	2	0	0	2	1	1	0	0	1	0	2	4	0
o41	2	5	0	0	1	2	0	1	1	0	1	0	0	2	0	1	1	4	2	0	1	1	0	3	0	0	1	4	1	1	0	0	7	0	1	0	1	0	4	2	1	0	0	0	3	1	1	1	3	6	0	2	2	3	1	1	3	0	1	6	1	2	1	2	2	3	2	5	5	1	2	0	2	2	1	0	0	3	1	1
o42	0	0	0	1	0	0	1	0	1	2	0	1	8	1	2	1	0	1	3	1	2	3	0	0	1	0	0	0	2	0	0	8	0	3	0	5	0	3	0	5	0	1	2	0	1	1	0	4	0	3	2	0	5	3	0	0	1	0	0	0	0	0	0	1	0	0	0	0	0	4	0	2	0	0	1	0	1	0	3	0
o43	0	2	1	5	1	3	0	1	1	0	1	3	4	0	1	0	2	0	2	0	3	0	0	1	1	3	2	2	2	2	0	2	4	1	3	2	4	2	0	0	1	1	0	3	3	0	1	3	0	3	0	2	7	2	1	1	6	3	0	0	2	0	0	3	4	0	0	3	2	2	2	3	0	2	0	0	1	0	0	1
o44	1	0	0	0	2	3	0	0	6	2	0	1	5	0	0	1	0	0	1	4	0	3	0	5	0	1	1	1	4	2	3	1	2	0	1	0	0	0	0	0	1	6	2	1	2	0	0	2	2	0	0	4	0	0	0	2	0	0	0	1	3	0	6	1	1	6	2	1	0	1	1	5	0	0	1	2	0	0	0	3
o45	0	0	3	0	2	1	5	1	1	0	0	0	2	1	0	0	2	1	0	0	0	0	0	1	3	3	2	1	0	3	1	1	2	2	3	2	1	2	2	2	5	0	0	2	0	3	0	0	0	1	2	0	1	0	0	3	1	6	3	0	1	1	3	0	0	1	0	2	2	0	0	2	2	0	2	2	1	5	0	0
o46	2	1	1	2	4	0	0	2	4	0	0	1	0	1	1	2	0	0	1	3	3	0	2	0	0	1	3	1	3	3	1	3	2	3	2	2	4	1	2	2	0	2	2	3	3	1	0	0	0	0	1	1	3	0	3	0	1	0	0	0	1	7	0	1	0	3	3	0	0	2	2	1	3	1	1	2	1	0	1	0
o47	0	1	2	0	0	0	0	1	3	1	0	1	1	1	0	2	0	0	0	1	1	1	4	3	0	0	2	1	1	0	0	2	1	2	1	0	0	0	2	0	1	0	2	3	0	5	0	0	3	3	0	0	2	0	1	0	0	5	1	0	5	1	1	2	1	1	0	3	1	0	0	1	1	1	0	2	0	2	1	0
o48	0	0	0	4	0	0	1	0	0	2	1	0	0	0	3	0	3	1	3	2	1	4	0	10	3	1	1	2	1	1	2	4	0	2	0	5	1	0	1	3	2	0	3	0	0	4	1	6	3	1	0	3	1	0	0	5	2	1	4	0	1	1	4	3	2	2	0	0	2	1	2	1	1	0	1	1	1	0	0	5
o49	0	5	1	0	2	0	0	2	2	0	2	0	5	1	0	0	0	2	0	0	5	1	5	0	1	0	2	0	0	0	1	0	1	0	2	0	0	0	2	3	0	5	3	1	1	0	0	4	1	2	3	1	4	5	2	3	3	3	0	1	1	0	5	1	1	4	0	0	0	1	0	0	1	0	3	0	0	0	9	1
o50	0	0	0	1	4	1	4	0	0	2	5	2	0	4	2	3	0	1	3	2	3	4	0	0	2	1	2	1	1	2	1	3	0	1	0	4	1	7	2	2	7	0	2	3	0	0	0	0	8	1	2	2	2	6	1	2	0	0	3	3	3	2	0	3	0	1	3	2	5	2	2	3	0	2	4	1	0	1	0	2
o51	2	1	1	6	0	0	0	2	0	1	2	0	3	0	2	0	0	2	4	0	3	0	4	1	4	0	0	3	0	1	0	0	3	1	0	0	4	1	2	4	4	0	5	1	3	1	0	1	3	5	0	0	1	3	0	6	0	2	0	5	0	1	3	1	1	6	1	1	5	2	0	0	5	2	0	0	2	0	3	0
o52	0	0	1	0	0	1	4	4	4	4	0	0	0	0	0	0	0	0	2	0	6	2	3	0	1	2	4	0	5	1	0	4	2	0	0	0	3	2	2	0	1	3	4	0	5	3	0	1	3	4	0	3	3	4	3	3	0	1	1	1	0	0	0	1	2	0	3	2	0	0	1	0	4	0	0	0	1	2	1	3
o53	5	1	1	0	0	2	0	3	0	2	2	0	0	1	0	0	0	0	1	2	2	1	1	0	3	0	5	0	3	0	3	1	0	0	0	6	5	0	1	2	2	0	0	1	1	1	1	1	3	1	1	2	0	2	4	0	4	0	3	0	3	2	5	2	7	3	0	2	0	3	2	0	0	3	2	4	4	0	1	4
o54	2	0	1	1	2	3	1	1	4	0	1	2	1	3	0	1	1	7	0	0	1	1	0	0	1	1	2	4	2	2	0	1	2	3	0	0	3	0	0	1	3	0	0	1	0	1	2	2	1	1	5	2	4	1	1	0	0	2	0	0	1	0	1	0	3	0	2	2	2	1	1	4	3	1	1	0	2	1	1	0
o55	0	0	2	0	1	1	0	0	0	0	1	0	5	1	0	0	2	0	1	0	0	0	5	2	1	2	1	0	2	2	0	0	1	2	1	0	3	1	0	1	1	1	0	2	2	0	4	3	3	1	0	0	1	2	3	3	2	3	1	4	1	0	3	0	2	4	0	0	2	4	0	5	1	0	2	4	4	0	2	1
o56	7	2	0	3	0	2	1	0	1	2	1	4	1	0	2	0	2	1	1	1	1	1	0	2	2	2	6	2	2	1	2	2	3	0	1	3	4	3	1	2	0	4	1	1	2	1	1	0	0	0	0	2	2	5	2	0	1	0	0	0	0	0	0	1	0	1	1	4	0	4	1	2	0	5	0	0	0	1	1	4
o57	0	1	0	3	1	0	0	0	2	0	0	1	1	0	1	0	4	1	0	5	0	5	2	0	1	8	0	0	0	3	2	2	0	1	2	0	3	0	0	0	0	0	3	0	2	2	0	2	1	2	0	1	1	1	1	0	1	1	2	1	2	1	2	1	1	3	1	0	0	0	1	0	1	0	2	1	2	2	1	3
o58	0	1	0	2	7	0	4	0	0	0	3	2	1	1	0	1	2	2	2	7	1	1	1	0	1	6	2	0	0	4	0	7	2	1	3	1	1	0	2	3	1	0	2	6	1	1	1	0	0	0	0	9	1	0	0	1	0	2	0	0	1	2	0	0	0	3	0	2	0	3	5	2	3	3	1	2	2	4	2	0
o59	6	1	1	3	1	0	3	2	1	0	1	2	2	2	2	0	1	3	0	2	1	1	2	3	1	0	4	2	5	0	5	1	0	1	2	7	4	1	1	0	1	2	1	1	0	5	5	2	0	2	1	0	0	0	3	4	0	0	1	0	1	0	1	1	1	0	0	1	2	3	6	3	0	0	4	0	2	0	0	1
o60	2	2	2	0	2	3	1	0	1	1	5	1	3	4	0	1	0	1	2	1	3	0	0	0	0	0	1	0	3	4	5	0	2	1	1	1	0	0	3	6	1	1	1	5	1	6	1	0	0	0	1	0	0	1	1	5	0	7	1	3	6	0	2	3	1	2	1	3	4	0	0	0	2	1	2	0	2	5	1	2
o61	0	0	0	5	4	0	1	6	2	1	1	1	0	2	3	3	0	0	2	2	1	1	2	0	1	1	0	0	1	0	3	3	4	0	2	0	5	0	1	1	1	0	0	0	0	0	0	6	1	4	0	2	0	1	0	2	2	1	0	2	0	6	0	0	1	0	5	1	2	3	1	0	3	1	2	0	8	0	0	6
o62	1	0	0	0	0	1	5	2	1	1	5	0	1	4	1	3	1	4	0	0	3	0	2	5	0	0	1	1	0	0	1	5	0	1	0	3	2	0	4	1	2	3	2	4	0	2	2	2	0	2	10	0	2	0	2	0	1	2	1	1	1	0	1	0	1	0	1	1	1	0	0	2	0	1	2	2	2	1	1	3
o63	0	2	2	0	4	1	1	1	3	0	1	5	0	4	0	3	4	1	1	4	0	1	2	0	0	1	1	4	0	1	0	3	0	0	0	1	6	4	0	0	4	0	1	3	1	1	4	0	2	7	1	3	0	0	1	0	4	1	0	1	0	1	1	6	4	1	8	2	4	0	0	5	0	2	0	0	1	2	4	0
o64	1	0	1	1	2	2	1	0	1	1	2	4	1	3	1	4	1	0	1	0	0	0	3	2	1	9	6	0	0	3	1	2	0	0	3	4	0	2	2	0	0	2	2	1	0	0	4	0	1	3	0	0	0	1	0	0	0	1	0	0	0	3	0	1	2	1	2	0	2	2	1	0	0	2	0	0	1	1	1	0
o65	2	1	3	0	2	0	1	0	3	0	3	0	0	1	0	0	0	1	3	1	1	0	0	1	0	0	4	3	2	1	7	0	3	0	3	1	1	1	0	0	1	0	0	0	7	5	3	0	0	2	0	0	1	2	3	3	2	2	0	4	7	0	0	1	4	1	2	0	3	3	0	4	0	0	2	3	3	2	0	0
o66	2	0	1	1	1	0	2	3	1	0	2	2	0	2	2	3	3	0	3	2	0	1	2	0	0	3	0	2	2	1	1	3	0	1	6	3	1	1	2	5	0	2	3	0	4	0	0	1	1	3	0	2	1	2	1	0	5	0	0	5	6	0	2	4	1	0	1	3	0	1	1	2	0	0	4	3	0	0	4	0
o67	0	0	1	1	2	2	0	1	2	0	1	0	1	0	3	1	2	3	1	2	5	3	9	0	0	2	0	0	2	0	1	4	1	0	3	2	1	0	0	3	0	5	3	0	4	3	0	0	3	0	2	0	6	0	0	1	4	4	1	2	0	1	0	0	1	0	0	1	3	2	1	5	0	0	4	1	4	1	1	2
o68	2	2	0	4	1	5	0	2	3	3	5	1	4	1	0	3	2	0	0	1	2	1	1	1	0	0	4	0	3	0	1	0	1	0	1	0	0	3	2	3	0	0	0	0	1	1	3	0	3	2	0	0	2	3	3	0	0	4	1	6	2	2	3	5	0	0	3	0	1	2	0	0	5	0	0	1	1	3	3	4
o69	4	0	0	2	4	6	0	0	0	6	0	2	1	0	4	3	1	3	3	5	2	4	1	1	0	1	4	1	0	5	2	1	1	1	0	0	4	1	0	4	2	0	5	4	1	0	4	2	0	0	0	2	1	0	4	1	4	1	0	2	2	2	1	2	0	4	2	0	0	0	2	0	0	2	0	1	2	1	1	0
o70	1	1	3	0	3	3	2	4	1	1	0	2	4	5	0	0	0	2	3	0	2	0	2	0	0	0	3	0	0	2	3	0	0	4	2	1	0	2	0	2	3	0	0	0	1	2	3	4	0	4	3	0	3	2	0	1	0	2	1	4	1	0	0	1	0	0	1	2	2	5	1	0	4	0	5	0	0	1	0	3
o71	0	1	4	0	3	0	1	0	0	3	4	3	1	0	0	0	0	1	0	7	1	3	4	0	2	0	4	1	2	0	5	5	1	5	1	1	0	1	3	5	5	0	3	0	0	0	0	0	1	0	1	0	1	1	2	3	1	2	3	1	1	2	0	2	1	1	0	0	1	0	3	0	4	4	4	0	0	6	3	1
o72	0	2	1	1	1	1	4	2	3	1	2	0	2	3	3	2	3	1	3	0	0	0	1	0	4	0	1	4	0	2	0	2	2	4	0	3	2	2	4	2	0	3	0	2	1	1	2	0	0	0	2	1	0	1	1	0	2	0	0	2	0	1	3	1	6	1	1	1	0	5	2	0	0	0	2	2	4	1	3	1
o73	0	5	0	3	0	0	4	4	2	5	0	2	0	5	3	2	0	2	0	1	2	0	4	0	2	0	1	1	2	2	2	3	1	0	1	2	2	2	0	2	7	0	0	0	4	0	1	2	1	0	1	0	1	0	0	2	2	2	2	1	2	0	6	0	0	2	3	2	0	0	1	4	5	0	1	4	1	2	0	0
o74	4	0	0	0	0	3	1	1	1	0	1	0	3	0	6	0	1	6	2	4	2	0	1	4	1	1	2	1	3	1	2	1	0	2	0	1	0	0	5	5	0	3	0	1	2	0	0	5	1	1	0	1	3	0	0	0	2	0	2	0	0	0	1	0	0	1	1	2	0	3	1	3	2	1	0	1	0	2	1	0
o75	1	0	1	0	2	3	0	0	0	1	1	0	2	0	5	1	0	0	1	0	0	0	1	1	0	4	0	0	2	1	4	1	5	0	0	0	3	2	0	0	2	2	1	0	1	2	0	1	0	1	1	3	2	1	0	0	2	0	2	0	0	0	3	1	0	1	0	0	1	2	0	1	0	3	0	0	5	8	1	0
o76	2	6	1	2	0	5	1	1	1	2	2	0	1	5	2	0	2	4	5	3	0	4	2	1	2	2	7	1	0	1	0	0	2	0	2	0	0	0	5	0	2	0	0	0	0	1	0	4	1	1	4	1	0	3	1	2	0	3	0	3	1	1	1	0	0	1	4	3	0	1	6	0	5	0	4	1	2	0	1	0
o77	3	0	2	2	0	1	3	2	1	2	0	0	0	0	5	0	0	1	2	1	2	0	3	0	8	0	0	2	1	4	2	5	0	1	1	2	4	0	1	0	1	2	1	1	1	1	1	0	1	0	1	1	2	4	0	1	3	1	0	0	0	9	1	0	1	0	0	0	0	0	2	0	0	1	6	2	1	2	1	0
o78	2	3	2	6	0	2	0	0	1	0	6	0	1	2	1	1	1	3	1	2	0	1	4	0	3	1	3	0	1	2	0	2	0	0	2	6	1	0	2	1	0	1	1	0	3	1	0	0	3	2	2	2	2	3	1	3	0	4	4	1	0	6	4	2	0	1	2	2	1	0	1	3	1	2	4	2	0	2	2	1
o79	0	0	1	1	0	1	0	0	0	2	3	1	0	0	4	0	0	1	5	3	0	1	0	0	1	1	0	0	0	3	1	2	2	6	3	4	2	3	2	0	0	1	0	1	2	1	1	5	0	2	1	1	2	0	0	0	0	6	0	0	3	0	4	0	0	3	1	2	2	0	1	5	1	1	0	0	0	1	0	5
o80	0	5	0	5	2	0	0	2	0	0	0	1	1	0	2	1	0	1	1	0	2	5	0	3	2	2	3	0	5	0	0	0	0	1	0	2	1	1	6	2	1	2	4	3	1	0	1	0	1	0	0	0	2	2	4	0	1	0	0	3	0	2	2	1	5	3	4	2	2	1	1	1	5	0	2	2	2	1	0	0
o81	2	0	0	0	0	2	0	0	1	2	4	2	0	5	3	2	4	0	0	2	3	3	3	1	3	0	2	1	1	2	0	0	5	0	0	0	5	2	1	1	0	0	4	0	4	1	3	6	0	1	4	1	0	2	2	0	3	1	2	3	3	2	1	0	1	0	1	1	3	1	0	0	1	0	2	0	1	1	1	1
o82	0	0	5	3	2	1	4	2	1	2	1	0	0	4	5	1	1	2	1	3	4	1	2	4	6	0	1	0	0	1	3	0	3	4	0	0	0	0	3	4	0	1	1	1	2	0	5	2	0	2	2	0	1	0	0	0	3	0	0	1	1	2	1	1	3	3	3	3	1	2	1	6	0	2	2	0	0	0	2	1
o83	1	1	1	2	1	8	0	0	7	0	2	2	2	2	0	5	1	0	2	0	6	2	0	1	0	2	0	3	3	0	1	0	4	6	2	2	1	5	4	4	2	0	1	2	0	1	1	1	1	0	0	2	5	0	0	0	0	4	1	1	1	0	3	4	1	1	1	2	1	6	3	3	1	1	0	1	0	0	4	3
o84	0	3	0	1	0	4	1	5	6	1	0	1	0	0	3	3	1	0	2	2	4	0	0	0	4	7	3	0	2	3	0	0	1	1	2	1	1	0	0	2	1	2	3	0	0	2	1	0	1	0	2	2	1	3	1	1	1	4	0	1	1	1	0	0	2	3	1	0	2	0	3	3	2	2	0	0	0	0	5	2
o85	0	4	0	0	4	1	0	0	0	2	1	0	1	2	0	0	3	1	3	1	5	1	2	5	0	0	2	0	3	0	0	6	1	0	5	1	3	4	0	0	1	1	0	0	1	1	2	11	4	3	5	0	0	0	2	1	5	0	4	0	2	0	0	2	1	0	1	0	1	1	0	7	1	0	1	2	6	0	0	1
o86	1	3	3	0	1	3	0	0	4	0	1	3	2	2	1	4	0	2	3	1	4	1	2	3	2	1	0	0	1	0	0	0	3	0	0	1	1	3	2	2	3	3	0	2	1	4	2	1	0	2	0	0	6	0	1	4	2	0	4	0	3	2	0	2	2	1	1	2	0	1	0	3	0	4	4	0	2	2	3	0
o87	0	0	0	4	0	2	1	1	3	5	1	1	2	1	2	0	0	1	0	0	1	1	0	0	5	0	0	0	1	1	4	0	1	4	3	6	4	2	2	2	2	0	0	3	0	4	0	1	3	0	0	0	5	2	3	3	3	1	3	1	0	0	0	7	1	3	4	1	5	1	0	1	0	0	0	1	2	1	1	1
o88	0	2	0	0	0	2	0	1	0	3	0	4	3	0	3	2	1	1	0	1	0	3	2	1	5	0	1	2	2	2	0	5	0	3	2	0	0	2	3	3	0	4	2	2	1	0	1	1	0	4	1	2	5	0	0	5	5	1	7	0	3	0	0	0	0	0	0	1	4	7	0	0	1	1	2	1	0	0	0	2
o89	2	1	1	2	5	0	0	1	3	0	1	2	3	2	0	0	1	1	0	3	1	3	1	1	4	4	7	4	2	2	0	1	5	0	4	1	4	2	1	1	2	0	0	2	0	0	0	0	1	2	2	2	2	2	1	1	0	5	1	2	7	3	3	4	2	0	1	0	0	1	1	4	2	1	2	0	0	0	1	1
o90	0	3	0	2	0	1	3	0	1	2	3	0	1	2	2	0	0	2	0	0	2	0	4	1	1	1	0	1	2	1	1	0	2	0	0	0	0	0	1	7	0	4	1	0	0	6	1	4	1	0	2	2	2	0	4	1	1	0	3	4	3	2	3	0	1	3	0	2	1	0	2	0	4	0	0	0	2	2	3	0
o91	5	1	3	2	0	0	3	1	0	0	1	1	3	3	0	1	1	4	0	0	0	1	2	2	4	0	0	2	0	3	5	0	1	5	3	1	2	3	3	1	4	0	0	1	2	1	4	3	0	0	0	0	1	1	2	9	0	2	1	4	0	2	1	3	1	0	2	6	5	2	1	2	0	2	1	0	2	0	2	0
o92	1	0	5	0	1	1	0	2	0	1	1	1	1	0	5	0	1	1	0	0	6	3	2	0	0	5	6	1	0	1	1	1	4	1	0	0	2	1	2	6	2	2	2	1	0	0	3	1	0	1	5	3	1	0	1	1	0	1	3	0	3	0	4	0	0	0	3	0	0	2	0	4	1	0	0	2	1	2	5	2
o93	1	0	0	2	4	1	1	0	3	4	0	0	1	3	4	0	1	4	0	2	2	1	0	4	1	2	0	2	1	0	1	0	5	2	3	4	0	4	0	2	0	0	0	0	2	3	1	0	3	6	5	0	2	6	1	2	0	0	0	1	4	0	1	3	1	1	0	3	3	2	1	1	1	0	2	0	0	0	0	0
o94	1	0	4	2	0	2	0	0	0	0	0	1	0	0	2	1	0	0	0	0	0	0	2	0	1	1	3	7	5	0	0	2	1	3	1	2	1	2	0	0	1	0	0	4	3	0	0	0	5	0	1	3	1	6	0	1	3	3	3	4	1	0	1	1	1	1	0	0	1	2	0	2	1	1	0	0	2	0	4	0
o95	1	0	3	1	0	0	3	3	1	0	0	1	2	5	5	0	2	1	0	3	4	1	0	1	0	1	0	0	2	0	0	7	1	1	0	2	2	0	0	0	0	0	3	0	0	3	3	5	2	3	2	5	2	2	4	2	2	1	1	4	0	3	2	1	2	3	1	0	0	4	0	5	1	2	0	3	4	4	4	0
o96	0	0	5	0	4	5	0	0	1	6	1	0	2	1	7	4	1	0	1	1	2	1	0	2	3	1	2	4	0	3	0	4	0	0	2	0	0	3	2	1	0	0	3	2	0	0	1	2	1	0	0	0	0	4	0	1	5	2	0	1	1	4	0	1	1	1	1	1	2	7	2	3	0	0	0	1	0	1	5	1
o97	3	0	0	1	2	3	0	2	0	1	3	1	3	1	1	2	1	1	6	1	3	5	0	1	0	2	2	0	0	0	5	1	4	0	2	4	4	2	0	3	0	1	1	1	3	4	0	5	1	3	1	0	8	0	2	5	2	1	1	2	0	0	3	1	2	5	1	5	0	0	0	2	0	0	1	0	0	1	1	2
o98	0	1	0	2	4	2	0	3	1	0	1	1	4	0	3	2	0	2	1	0	1	2	2	1	0	3	0	1	1	3	3	3	1	1	5	1	0	0	2	2	2	2	1	0	2	0	5	1	5	2	0	0	0	0	1	2	0	0	4	0	4	3	1	0	2	0	0	1	1	2	2	0	4	1	5	0	0	2	1	2
o99	5	0	3	4	0	4	1	5	1	0	0	2	4	3	1	3	0	4	1	4	2	1	2	1	1	4	0	0	0	2	3	4	3	4	0	0	2	0	0	1	6	5	0	3	2	1	1	2	3	1	8	0	1	1	0	2	1	1	0	2	3	0	1	3	1	4	0	1	1	0	2	1	0	0	1	1	0	3	3	0
o100	4	0	4	0	0	1	1	0	2	1	1	1	2	0	3	0	2	2	2	7	0	0	2	0	7	0	0	2	0	1	1	0	6	0	0	3	7	4	0	0	1	1	0	1	0	2	1	1	4	0	0	0	1	0	6	1	2	5	0	0	1	0	4	0	3	4	0	2	0	1	5	3	1	5	0	0	2	1	1	1
o101	0	2	2	5	2	2	0	1	1	0	2	0	4	1	4	3	0	0	0	1	1	0	1	3	5	2	1	0	0	0	0	0	1	0	1	1	0	0	1	0	1	1	2	4	0	0	3	0	3	5	0	0	2	1	2	0	3	4	1	5	6	5	5	3	2	1	0	0	1	1	2	0	2	2	4	0	2	2	3	1
o102	0	0	1	2	0	1	1	1	0	0	1	0	0	1	0	5	4	0	4	1	2	3	3	2	0	2	4	6	0	3	0	3	1	3	4	1	3	1	0	3	1	2	0	7	0	1	0	2	1	0	2	0	1	2	0	1	0	2	4	4	0	0	1	0	1	0	3	5	3	2	3	0	2	0	1	0	2	5	1	0
o103	3	2	2	0	0	1	3	1	0	0	1	0	0	4	4	0	0	2	3	0	0	0	2	1	2	1	0	0	1	1	1	0	2	0	0	0	0	2	1	0	0	8	2	0	0	1	2	0	0	2	3	0	4	2	0	3	0	7	2	2	3	2	2	0	5	1	1	2	6	4	1	1	4	0	0	0	0	0	0	3
o104	3	2	1	0	3	1	4	2	1	0	4	8	1	0	5	0	0	1	4	1	0	2	2	0	6	2	0	0	0	0	2	0	0	4	0	3	0	1	2	0	0	6	0	0	0	0	0	1	3	0	4	2	3	1	1	3	0	2	3	3	1	1	5	1	0	0	0	3	2	0	0	1	0	0	0	4	1	0	6	1
o105	1	3	1	3	2	1	9	1	2	3	4	1	2	3	1	1	1	0	3	0	0	5	1	1	1	4	0	0	2	0	1	1	0	0	0	0	1	1	1	2	1	5	0	0	3	3	2	0	2	0	0	1	2	2	0	0	0	0	0	1	0	0	2	1	5	0	1	1	3	2	0	0	2	0	2	0	2	2	0	0
o106	1	2	0	0	0	0	1	0	3	2	1	1	1	1	1	4	0	3	2	1	1	3	0	2	1	0	2	1	1	4	0	0	3	4	0	0	1	2	0	2	3	4	0	2	0	1	2	4	0	5	0	3	2	2	1	2	0	0	0	0	2	2	0	0	0	6	3	1	0	2	1	0	0	0	0	0	3	0	0	1
o107	1	3	3	5	0	1	2	0	3	1	1	5	0	1	1	0	4	2	1	0	2	1	2	0	2	1	4	1	1	1	0	1	0	1	2	6	2	2	2	4	1	0	1	0	1	5	2	6	0	0	0	3	2	1	1	1	3	4	0	3	0	2	0	1	3	4	6	0	1	2	1	3	2	2	1	0	2	0	0	2
o108	2	0	3	1	1	1	4	1	1	1	1	4	4	1	2	0	2	4	1	1	3	2	1	1	1	1	1	3	2	0	1	0	2	4	0	2	1	2	0	2	1	5	0	3	1	0	4	0	3	3	2	5	3	0	0	0	3	0	4	3	1	0	0	0	5	2	1	0	2	2	3	3	1	1	3	0	1	4	1	5
o109	1	0	0	0	0	0	0	3	0	2	3	0	0	0	1	0	2	3	0	0	0	0	2	3	0	0	0	1	0	0	1	2	1	5	3	2	0	4	2	0	4	0	1	0	4	7	0	5	0	0	0	3	2	0	6	0	2	6	3	1	4	0	1	1	2	5	1	3	3	1	1	0	0	3	0	2	1	1	0	1
o110	2	0	3	0	4	0	1	1	1	0	1	0	2	2	0	1	0	0	4	1	1	6	2	1	0	0	2	0	0	0	2	0	2	0	4	2	3	0	2	3	2	8	0	2	3	1	2	3	2	3	0	3	2	1	0	2	2	0	0	0	0	5	0	0	0	0	0	1	0	1	3	3	1	5	6	3	2	1	1	0
o111	0	3	1	1	3	0	1	0	0	2	1	2	1	1	2	0	1	0	1	4	0	0	1	3	0	2	0	0	0	4	0	1	6	1	5	0	0	0	1	0	1	0	3	0	1	0	5	0	0	7	1	3	3	0	0	0	1	2	2	2	1	2	0	3	1	1	1	0	0	0	8	1	0	2	0	1	1	0	2	2
o112	0	1	0	3	5	1	0	2	1	0	0	3	0	0	0	2	2	4	0	3	5	0	0	8	1	4	2	2	0	3	6	5	0	1	1	4	1	4	3	1	0	6	0	5	5	5	0	2	1	0	2	3	5	0	0	2	2	1	4	4	1	1	0	2	2	0	1	3	1	0	0	1	0	0	0	2	3	2	1	0
o113	0	8	1	1	2	0	1	1	2	1	1	0	0	2	0	0	1	1	0	0	0	1	0	1	1	2	0	1	0	4	0	2	0	0	0	0	5	2	1	1	7	1	2	0	0	2	1	2	2	2	1	0	0	4	0	0	0	2	0	1	2	2	4	4	0	1	1	0	0	1	0	0	0	3	2	3	6	0	1	0
o114	3	4	2	0	7	7	1	3	0	3	6	2	4	0	3	3	5	0	3	1	1	0	1	1	1	4	2	1	1	2	0	0	2	2	2	3	3	1	0	8	0	0	5	2	1	0	0	0	1	2	1	0	5	1	3	1	3	0	0	0	5	0	1	0	2	2	0	0	0	1	2	0	0	1	0	0	0	5	1	1
o115	3	0	0	6	1	1	1	1	3	2	1	0	0	2	0	2	1	0	0	0	4	1	0	2	3	0	0	0	0	0	2	3	4	6	1	2	1	1	4	2	3	1	3	1	1	4	0	1	3	1	0	0	2	0	0	1	0	2	3	2	2	1	2	0	1	0	3	7	1	5	2	4	1	5	4	2	2	2	1	2
o116	1	0	0	0	0	1	3	0	1	1	1	0	3	2	1	0	0	1	1	1	0	0	1	0	4	2	3	4	1	2	3	0	4	4	0	0	5	2	0	5	1	0	1	1	2	0	4	1	0	2	1	2	1	2	0	0	5	4	1	5	4	1	1	6	0	1	1	3	5	0	1	0	1	1	0	0	0	5	1	0
o117	0	1	1	2	2	1	2	1	0	0	2	0	5	0	2	6	0	2	2	1	1	0	0	0	0	0	5	0	0	0	3	0	1	3	0	0	2	2	1	0	2	0	2	3	2	4	3	1	4	1	0	4	1	0	2	0	6	0	1	0	0	5	2	0	0	1	0	1	0	1	0	1	1	1	0	1	0	4	1	0
o118	2	2	3	2	2	0	0	2	0	2	1	0	4	0	3	0	1	3	1	0	4	1	0	2	3	0	1	2	2	5	0	1	4	1	0	0	6	1	0	1	1	1	0	1	2	1	2	2	0	3	0	0	2	0	7	0	5	3	1	0	2	0	0	1	1	3	0	2	1	3	5	3	2	2	2	0	1	3	0	2
o119	4	5	0	1	1	0	0	0	2	2	2	0	1	0	0	1	2	2	1	1	3	0	0	1	0	1	1	0	0	0	4	0	6	3	4	0	1	0	0	0	0	4	2	0	1	5	0	0	0	0	2	0	4	6	3	0	0	8	0	1	0	0	0	1	1	6	3	0	1	0	0	2	1	3	2	0	0	0	2	2
o120	0	7	0	2	1	0	2	0	0	0	0	0	1	3	0	0	5	2	2	2	3	0	1	0	2	0	0	4	0	1	1	0	2	3	2	2	1	0	1	2	0	0	3	0	1	0	2	3	2	4	1	0	0	0	7	1	3	0	0	0	0	4	1	1	3	1	0	2	1	1	0	0	0	1	0	1	0	2	1	2
o121	1	3	4	0	5	0	0	1	0	3	1	0	2	0	2	4	3	6	4	3	0	1	3	0	3	1	2	6	3	1	2	2	0	0	4	1	3	2	0	0	0	0	2	0	0	1	2	1	1	2	1	4	4	2	0	2	0	0	1	2	2	1	0	1	2	0	4	6	0	4	0	3	1	1	1	1	0	3	6	1
o122	2	0	0	6	2	0	4	2	3	1	1	6	0	0	0	6	0	2	0	4	0	4	0	5	0	5	2	2	0	0	0	5	3	1	5	4	0	0	1	1	1	1	1	6	6	0	2	1	0	0	4	0	1	4	0	0	2	0	2	0	3	3	7	1	0	0	0	2	0	0	1	0	0	0	1	0	0	2	2	1
o123	0	0	1	0	1	2	0	4	3	4	1	2	4	2	0	1	0	2	0	0	0	2	0	3	0	0	0	6	2	0	0	2	0	0	2	4	1	2	2	2	0	2	2	0	1	5	1	0	3	0	1	3	0	2	0	2	6	4	0	0	1	4	4	1	0	4	2	2	4	6	2	3	1	3	1	1	3	0	4	1
o124	3	0	1	0	4	1	0	0	0	2	1	6	0	1	0	2	2	4	1	1	1	3	2	0	1	0	2	0	2	0	0	2	0	1	5	2	2	1	3	1	0	0	4	4	3	1	2	0	1	0	1	2	0	4	2	0	4	0	0	3	0	0	4	1	2	1	3	3	3	3	5	8	0	2	3	0	4	3	3	0
o125	0	1	0	1	0	2	6	0	1	0	2	5	1	1	0	1	0	4	4	1	2	0	4	2	0	5	0	5	0	2	2	2	0	0	0	3	3	1	0	0	2	1	0	1	0	3	2	1	0	5	2	0	5	2	3	3	2	1	6	2	3	1	3	2	1	2	1	6	1	6	5	3	5	2	0	1	1	2	3	6
o126	2	2	0	6	3	1	0	2	1	1	4	5	0	0	3	1	4	2	0	1	1	1	3	2	1	1	0	1	2	1	0	1	2	0	5	0	0	0	2	0	0	1	7	1	0	0	3	0	1	0	0	0	2	2	0	2	0	0	3	0	1	0	3	2	1	0	0	7	0	3	0	2	4	3	2	2	0	5	3	3
o127	2	0	0	2	2	0	3	0	1	0	0	1	0	1	0	3	0	0	0	1	1	2	0	2	0	0	0	1	0	0	0	0	2	1	0	0	0	0	2	2	2	1	0	0	0	0	2	0	1	2	5	1	0	1	0	0	0	2	0	0	3	2	2	1	1	0	0	1	0	2	2	0	4	0	1	2	3	6	1	0
o128	0	2	3	0	2	2	2	0	0	1	2	0	1	1	1	1	0	2	0	4	2	0	1	4	0	0	0	3	2	1	0	0	1	0	2	5	0	3	4	1	1	2	2	2	1	0	0	6	0	1	0	1	2	0	3	1	0	3	6	2	1	0	3	4	1	0	0	5	1	0	2	4	5	2	4	1	4	0	0	0
o129	3	3	5	4	5	1	0	1	1	3	0	0	0	0	0	4	0	5	0	1	3	0	0	4	1	2	1	3	1	1	2	3	0	0	4	0	1	2	5	3	2	5	2	0	2	2	0	0	0	1	2	0	5	0	5	0	1	1	4	0	1	1	0	0	4	0	1	1	2	0	0	2	3	0	4	1	0	2	0	1
o130	1	1	5	0	1	0	0	4	0	2	3	3	1	1	2	2	2	2	4	0	1	5	0	2	6	0	2	3	4	0	0	0	0	1	1	0	0	2	0	4	3	0	6	0	0	1	0	1	3	3	1	0	0	0	1	3	1	1	5	1	3	2	0	0	5	1	0	4	0	1	6	3	0	1	0	0	0	0	1	3
o131	4	3	1	3	1	0	2	3	2	1	1	1	0	0	2	3	4	4	0	3	2	0	3	1	1	0	1	0	0	0	1	2	1	1	1	1	1	0	1	2	3	0	6	0	1	0	2	3	0	0	0	3	0	1	3	1	2	0	2	5	1	1	9	1	2	1	2	0	2	1	2	3	1	0	0	1	0	1	0	2
o132	1	1	6	0	0	1	1	0	1	1	0	2	1	6	2	0	4	2	1	1	0	3	3	2	4	0	0	5	0	0	0	2	0	1	3	1	1	2	1	2	0	5	0	0	0	0	2	1	0	2	1	0	0	2	1	1	0	0	1	1	2	0	3	1	0	0	0	0	5	0	5	1	3	2	1	1	4	4	4	4
o133	1	4	1	1	0	3	1	1	3	0	1	2	0	1	6	2	0	6	0	4	3	0	1	6	1	2	2	0	3	0	1	0	0	4	1	4	1	0	2	0	0	0	2	1	2	0	3	1	1	0	6	4	4	0	0	1	3	0	2	4	0	1	0	0	1	1	0	0	2	0	0	0	1	1	1	8	2	1	3	0
o134	4	3	0	2	0	0	1	4	1	1	1	2	1	0	0	1	2	0	1	0	3	0	4	1	0	1	0	0	3	1	0	3	0	0	5	3	8	1	0	1	2	0	2	0	1	0	0	3	2	1	1	4	0	1	2	1	0	1	0	0	0	1	2	1	2	3	3	1	2	1	2	2	0	3	1	0	0	1	1	0
o135	4	0	6	0	0	1	1	5	2	3	1	1	1	2	0	0	0	1	0	2	0	1	1	3	4	0	0	0	0	0	0	0	2	4	1	1	0	3	0	1	1	4	2	0	1	3	1	1	1	1	0	2	0	6	4	4	1	5	2	3	0	1	0	1	2	1	1	0	0	0	5	3	1	2	1	0	0	2	2	0
o136	0	0	5	0	2	1	5	1	0	2	4	0	0	4	0	0	1	1	1	3	4	0	0	0	0	0	1	0	2	1	0	0	4	6	4	1	0	0	4	1	3	1	0	2	1	1	1	1	0	2	2	1	0	0	0	3	1	0	2	2	1	1	4	1	0	4	4	1	1	2	3	0	1	2	7	5	3	2	2	4
o137	0	0	3	0	6	2	0	2	3	0	0	0	0	0	0	1	4	1	4	0	4	1	4	0	1	2	5	0	2	0	6	4	0	0	3	3	6	0	1	4	0	0	0	2	0	2	3	3	0	5	2	0	1	6	0	2	0	2	0	2	3	0	0	4	1	1	0	1	0	0	3	2	2	0	3	0	0	0	2	3
o138	2	2	0	1	0	0	1	2	0	8	0	3	3	2	3	0	2	2	0	1	2	1	2	0	1	0	2	0	3	0	1	0	1	4	2	1	0	2	2	1	1	1	2	3	0	1	0	1	0	3	2	0	1	0	3	0	0	0	7	0	4	0	3	1	0	2	3	1	1	0	8	1	0	2	4	0	0	4	0	0
o139	3	1	1	0	2	2	0	0	2	4	0	1	1	6	2	4	3	1	0	2	1	1	3	1	1	0	1	0	5	0	0	1	2	0	2	3	0	0	2	0	1	2	3	0	4	0	4	0	0	0	2	2	1	0	0	0	1	3	0	4	8	2	0	4	0	0	0	3	1	2	2	0	0	0	1	2	3	4	1	1
o140	0	1	0	2	4	0	1	3	3	0	1	3	0	0	6	1	0	0	4	1	6	1	1	1	0	3	0	3	1	3	1	0	2	0	10	2	1	4	0	2	2	0	1	0	1	1	0	1	2	3	3	0	2	0	1	2	2	2	5	0	4	0	3	0	0	0	0	3	0	0	1	0	0	2	4	5	3	3	0	3
o141	1	0	4	3	0	2	2	5	0	3	2	0	3	0	0	2	0	1	2	6	0	0	0	0	1	0	0	1	2	0	1	2	1	1	3	1	3	4	1	2	7	4	5	8	0	0	0	2	0	3	0	3	1	7	0	1	5	0	1	3	0	4	1	5	0	1	2	1	2	0	0	1	2	1	0	3	0	4	4	1
o142	1	0	2	2	0	0	0	1	0	1	1	2	1	0	1	3	0	6	3	1	2	4	4	0	1	5	0	0	0	5	0	2	1	3	2	0	2	0	1	0	0	0	0	0	0	4	5	8	0	2	0	6	1	0	2	0	2	1	2	4	2	3	1	0	0	3	2	0	0	2	0	4	0	1	1	1	0	0	2	0
o143	3	0	0	0	0	0	0	1	4	2	2	1	0	1	0	1	1	2	0	0	3	0	4	1	0	8	2	2	3	0	4	3	1	3	1	3	0	0	1	1	1	8	6	1	0	1	2	4	0	0	0	4	3	0	2	3	0	0	0	4	0	0	0	2	5	0	0	0	2	0	1	0	1	0	7	1	1	3	4	1
o144	0	0	2	3	1	0	0	0	1	2	1	3	3	1	2	1	1	7	1	4	3	0	3	1	0	0	0	1	1	6	6	2	1	0	0	0	0	4	0	1	1	1	4	1	1	1	0	1	1	1	1	4	0	0	1	0	0	3	1	0	3	1	2	0	0	0	1	2	0	1	4	3	0	0	1	0	0	0	1	0
o145	1	1	1	0	0	5	0	1	0	1	0	0	1	2	0	1	1	3	5	5	0	4	0	0	0	1	4	6	0	0	3	0	0	1	2	0	1	5	1	0	1	0	2	5	1	4	1	3	0	3	2	2	0	0	1	4	3	0	0	2	3	3	1	1	0	0	5	0	3	1	1	6	0	0	0	6	2	3	1	1
o146	0	0	2	0	0	0	5	0	2	1	2	0	3	2	4	2	6	0	2	6	2	3	0	4	0	0	3	5	0	1	0	2	4	0	1	1	3	4	3	3	4	2	0	0	1	0	6	1	1	1	1	0	1	4	0	1	2	3	1	3	6	2	1	0	3	0	0	0	0	0	0	3	0	0	2	0	1	1	0	4
o147	0	5	4	1	0	2	2	0	1	2	0	0	4	2	0	0	2	0	1	0	0	0	3	0	1	2	0	0	4	1	7	0	0	2	0	1	3	0	2	4	3	4	0	3	3	4	0	2	1	0	0	0	7	0	3	1	2	0	2	2	3	6	1	6	2	0	0	0	3	1	0	1	7	3	1	2	4	3	0	2
o148	0	0	3	2	1	2	0	1	1	1	5	0	1	1	1	2	0	2	3	4	2	0	3	3	2	0	3	0	3	1	2	1	0	0	5	2	1	4	1	1	1	0	4	1	1	1	5	2	1	1	0	0	0	0	0	0	2	0	0	0	2	0	1	0	0	0	1	3	1	1	2	0	3	2	4	3	0	0	3	0
o149	1	1	1	0	1	2	0	2	2	0	0	2	0	1	3	1	1	1	0	1	0	1	3	0	1	0	1	0	2	3	0	1	1	3	1	0	0	4	0	4	0	0	1	0	2	5	2	0	2	0	0	1	0	2	4	0	2	0	3	4	1	2	3	0	0	1	2	0	3	0	0	5	4	4	0	1	0	0	2	0
o150	1	1	1	2	1	3	0	2	4	4	0	4	0	2	1	0	1	1	0	0	1	1	0	3	0	7	1	2	2	3	1	3	0	0	5	0	3	4	2	2	1	0	2	0	4	4	0	2	5	6	3	0	1	0	1	7	0	0	4	1	2	4	0	1	1	1	4	0	0	0	2	2	0	0	2	1	0	0	2	0
o151	1	3	5	0	2	2	1	3	0	4	0	0	0	1	1	2	2	0	1	1	0	3	4	0	0	4	3	0	1	0	0	3	2	0	2	0	0	2	1	1	0	4	4	7	0	0	6	0	0	2	6	2	3	2	1	0	2	1	3	1	0	4	0	1	1	0	1	2	1	1	4	1	0	1	3	4	0	2	2	1
o152	0	1	0	8	2	2	5	2	0	0	2	3	0	4	0	5	0	4	3	4	2	1	0	0	0	1	0	1	1	1	1	2	4	5	4	1	0	1	1	0	0	2	0	1	0	1	1	3	0	2	0	4	1	2	1	0	0	1	4	0	1	2	1	0	5	7	0	1	1	2	0	5	5	2	4	1	4	0	6	6
o153	0	1	0	3	0	2	0	0	1	7	2	5	4	1	0	0	3	1	6	1	3	0	1	1	0	3	0	0	0	4	3	1	0	0	0	1	6	0	0	2	0	0	1	5	4	1	0	1	0	2	2	0	0	1	1	1	0	2	0	0	2	2	1	2	2	6	0	0	2	4	2	0	3	0	1	5	1	1	0	0
o154	1	7	1	0	0	0	4	1	0	0	1	5	3	0	0	0	2	1	4	1	1	3	1	0	0	0	2	2	0	0	0	0	0	0	1	0	2	1	1	0	0	1	2	1	5	0	1	2	1	0	2	1	1	3	0	4	1	1	1	0	0	0	0	1	0	1	0	2	4	0	3	0	2	3	2	2	0	6	0	1
o155	2	1	4	3	0	1	1	0	1	0	2	3	0	1	7	1	1	2	1	2	2	1	0	2	2	2	0	2	2	5	0	2	1	1	4	0	3	2	0	2	0	4	0	5	0	3	1	3	1	2	0	3	0	0	1	2	2	2	3	0	1	0	1	0	0	0	2	3	2	1	1	5	2	4	0	0	0	3	4	1
o156	5	1	0	0	4	2	0	7	1	2	0	0	1	7	2	2	2	1	0	1	2	2	0	1	1	0	0	1	0	4	3	1	4	4	0	2	3	0	0	0	1	1	0	0	1	1	1	2	1	3	0	0	0	1	0	0	2	2	0	0	0	4	2	3	3	3	0	1	1	0	0	3	5	0	1	1	0	0	4	0
o157	0	2	1	2	1	0	3	0	0	3	3	0	0	0	4	0	1	1	2	1	5	1	0	0	1	1	2	0	1	0	0	1	2	1	5	1	0	2	4	4	1	1	0	0	6	0	0	2	1	2	5	0	0	2	3	4	5	6	2	0	0	2	3	0	0	5	1	1	1	1	0	2	5	2	1	4	4	5	0	0
o158	1	0	1	1	1	2	1	0	3	2	4	0	2	2	4	1	4	2	0	2	0	1	0	0	0	4	1	1	0	0	2	2	3	1	1	2	1	7	0	3	4	1	3	3	0	0	1	2	1	0	4	3	0	3	1	0	4	3	2	3	2	0	0	1	2	0	1	2	6	0	1	7	0	0	2	1	0	0	0	4
o159	0	2	4	3	1	1	4	2	1	1	0	0	1	2	1	1	0	1	5	0	2	1	0	3	2	0	2	0	0	1	0	0	1	0	0	2	5	0	1	1	2	1	2	1	4	1	3	2	1	0	0	0	3	0	1	0	0	2	1	2	1	2	3	3	1	1	0	2	0	1	0	1	4	1	0	2	0	1	1	1
o160	0	0	0	4	2	1	6	0	0	4	0	1	0	2	0	0	2	3	0	1	0	1	2	6	2	0	2	6	4	0	1	3	1	1	0	0	0	1	1	1	2	0	2	2	4	0	0	4	5	0	0	0	2	0	1	0	3	0	2	0	5	5	1	0	0	0	0	2	2	4	8	1	4	5	1	1	0	2	3	1
o161	3	3	5	0	2	5	1	0	0	4	1	0	2	0	0	0	0	2	0	2	2	1	3	2	1	0	2	0	3	0	1	1	1	3	1	0	0	2	0	7	1	1	0	1	6	2	1	0	0	5	1	2	0	1	4	1	2	2	0	0	0	1	1	5	1	1	0	0	2	4	1	0	3	3	2	1	0	3	0	4
o162	2	4	3	1	3	3	2	0	1	1	4	2	1	2	2	1	0	1	1	0	0	0	1	0	0	0	0	0	1	0	0	2	0	0	1	1	0	0	0	0	5	0	1	4	4	1	2	1	1	0	2	0	0	0	0	1	1	0	2	6	3	0	0	1	0	1	0	2	2	2	0	2	4	1	3	1	0	0	0	1
o163	3	2	1	1	3	2	1	1	1	0	0	1	6	0	2	2	0	3	0	2	0	4	1	1	0	1	0	0	0	0	0	1	2	0	1	3	6	1	2	0	0	3	2	1	7	1	0	1	2	2	2	5	3	0	1	0	0	1	0	0	0	4	0	1	1	1	3	0	3	0	0	3	9	3	3	0	0	1	6	2
o164	0	1	0	1	1	1	1	7	5	0	1	0	2	5	0	8	0	2	0	2	0	1	3	1	1	4	1	0	1	0	1	0	1	2	2	0	1	2	0	4	1	2	1	0	0	0	4	4	2	1	1	1	2	1	7	2	0	2	7	0	1	2	1	0	2	0	2	1	0	1	0	0	0	1	4	0	3	1	1	0
o165	1	3	1	1	4	1	0	6	5	0	3	3	0	1	0	0	1	2	5	1	3	2	0	5	0	2	0	3	2	2	2	0	2	5	0	6	0	1	0	0	2	0	3	0	1	0	2	2	4	2	0	5	0	3	4	0	2	3	1	2	0	7	1	2	1	1	3	3	1	3	2	4	4	0	5	2	0	3	1	1
o166	1	0	0	0	1	2	0	0	1	1	1	1	0	2	0	3	5	3	1	0	3	1	1	2	0	1	2	3	0	2	2	3	1	5	0	2	0	1	0	0	0	3	1	2	1	0	0	3	0	1	2	0	9	1	1	3	1	0	5	2	4	3	0	0	2	1	1	6	3	5	8	2	2	2	0	0	1	4	0	4
o167	5	0	7	0	2	4	0	0	1	1	1	1	1	0	0	4	0	3	0	2	0	0	0	2	0	0	0	1	4	0	0	0	0	1	2	2	0	3	0	1	0	1	1	1	6	0	2	3	3	0	1	2	2	1	6	0	5	5	3	6	1	2	0	1	3	0	1	0	2	0	1	1	3	0	0	5	0	4	2	0
o168	1	3	1	5	1	4	1	1	0	3	0	2	0	1	0	2	2	0	1	1	5	6	1	1	2	4	3	4	0	0	2	1	0	6	0	0	7	0	0	4	0	1	2	2	1	1	0	2	2	1	1	0	0	0	2	0	2	1	0	0	2	0	2	4	5	5	0	1	0	0	4	3	3	5	0	0	2	1	3	1
o169	1	2	2	2	0	0	1	1	0	0	3	5	6	0	1	5	6	5	1	1	1	6	2	0	2	0	2	0	2	4	2	0	2	0	0	1	1	3	0	0	1	7	4	5	0	0	0	1	1	0	3	3	1	0	1	2	0	3	1	4	0	0	3	1	0	3	1	2	1	0	1	2	0	0	2	1	0	1	0	0
o170	0	0	5	3	2	4	1	2	0	1	3	2	4	1	1	0	0	3	1	2	0	0	2	4	0	3	4	2	1	4	0	2	2	1	0	0	3	0	0	0	2	3	0	1	0	0	0	0	0	0	1	3	0	0	4	1	0	2	1	0	0	2	2	1	3	0	1	2	1	2	1	2	3	0	1	2	0	0	0	1
o171	1	7	2	0	0	1	0	1	3	3	0	0	0	1	0	1	0	0	1	4	3	0	2	0	0	2	2	7	0	5	3	0	0	2	3	3	2	0	0	3	0	5	2	0	1	0	2	2	1	0	4	0	2	0	2	0	1	2	0	2	5	1	1	4	3	0	0	2	4	2	0	3	0	1	0	1	1	3	0	0
o172	2	2	2	0	2	3	1	0	0	0	0	1	1	1	7	0	6	4	0	1	0	3	0	0	3	2	4	2	1	0	1	2	3	1	0	2	0	7	0	0	0	2	0	0	0	1	0	0	0	2	3	2	4	0	2	0	0	0	5	3	1	0	0	0	4	0	1	2	0	0	1	1	1	2	4	0	2	0	1	1
o173	1	3	1	0	0	3	1	4	1	1	1	0	0	3	1	1	2	0	1	6	3	5	1	0	0	0	3	2	3	4	0	5	0	0	2	1	1	0	0	0	0	1	1	4	0	4	2	1	0	3	0	1	0	1	2	5	0	5	1	0	0	0	0	3	0	0	4	1	0	6	1	6	3	0	4	1	0	0	2	0
o174	3	4	1	0	0	3	0	0	0	3	0	1	4	0	0	5	2	3	0	4	0	0	1	1	0	0	0	0	0	2	1	2	1	1	1	2	0	0	1	0	1	1	2	1	0	0	2	2	4	0	1	3	3	0	0	0	1	0	0	0	2	0	0	2	0	1	0	0	4	6	4	1	0	2	1	4	1	0	1	0
o175	1	0	1	1	3	2	4	1	2	1	3	2	1	2	2	1	4	2	0	0	0	1	4	0	3	1	3	1	3	1	0	0	0	0	1	0	1	4	1	2	0	3	2	3	6	1	2	0	1	2	0	0	1	2	3	2	4	3	1	2	1	1	0	1	0	3	2	1	0	4	2	0	3	3	1	1	2	0	2	1
o176	0	0	2	1	4	4	1	0	2	0	3	1	0	0	3	3	3	2	4	3	1	1	0	0	0	0	3	2	1	1	0	0	2	1	0	2	1	0	3	0	4	2	2	0	1	0	3	0	0	2	1	6	0	3	0	0	0	0	0	4	3	7	1	3	1	0	0	0	0	1	0	7	0	0	2	4	1	1	0	0
o177	1	0	1	2	3	4	4	1	1	2	2	2	6	3	4	2	3	3	0	4	1	1	1	2	2	0	1	2	0	0	0	1	0	1	0	1	0	0	2	1	0	2	3	0	4	1	1	2	2	1	3	0	0	2	0	0	0	2	5	1	3	0	1	0	3	1	2	0	2	3	1	0	1	2	1	5	3	3	2	0
o178	5	5	1	0	0	0	3	3	4	1	0	0	0	3	1	2	1	0	2	3	4	0	5	0	4	2	1	2	1	1	0	5	0	2	2	1	1	3	4	1	2	0	3	0	1	2	1	2	0	4	0	0	3	1	0	0	5	2	0	1	2	0	0	0	1	0	0	1	3	0	3	2	2	0	2	6	0	2	5	3
o179	2	0	3	0	4	3	1	6	2	0	0	5	2	5	0	7	0	5	4	0	2	1	2	0	0	1	0	0	6	0	6	0	0	0	4	2	0	1	2	1	2	1	1	7	3	0	2	0	6	5	1	8	3	1	0	1	1	0	3	1	1	5	6	0	1	1	1	0	1	1	2	3	1	1	1	2	1	0	1	0
o180	0	1	3	0	0	0	3	1	0	0	0	4	0	0	3	0	1	0	0	1	3	1	3	1	3	3	0	1	3	1	5	0	2	1	0	3	0	1	2	1	2	0	0	1	1	2	3	1	1	2	0	0	6	1	0	2	3	3	3	0	2	4	0	1	2	1	0	2	0	4	1	0	0	0	5	2	4	0	0	0
o181	0	1	3	2	1	0	3	0	3	0	3	1	1	0	3	2	0	1	1	2	0	0	0	0	0	2	2	4	0	0	1	0	4	1	1	1	0	3	3	2	1	0	2	0	1	1	0	1	1	1	0	0	3	0	1	0	2	1	1	3	0	3	4	0	2	1	0	2	3	0	5	2	4	1	0	3	1	0	0	5
o182	7	0	2	0	2	2	4	1	0	3	7	0	0	0	1	5	0	2	0	2	0	0	0	0	2	0	6	2	0	2	2	2	1	1	7	4	0	3	2	0	0	2	0	1	1	1	3	0	0	0	1	0	0	0	2	0	1	4	0	0	3	2	0	1	2	4	1	1	0	5	3	2	2	0	2	2	1	6	0	5
o183	3	0	2	0	3	5	1	0	0	4	0	1	1	1	1	0	0	0	5	1	1	3	2	0	2	2	1	0	2	0	0	1	1	0	0	2	9	0	0	1	1	0	0	5	3	0	0	4	0	3	0	0	3	2	0	3	0	0	0	2	2	1	4	5	2	4	0	1	2	3	1	1	0	5	1	5	3	0	0	3
o184	1	3	3	2	5	0	3	3	0	2	0	1	3	3	5	2	5	0	1	4	0	1	0	2	1	0	5	0	0	0	3	0	1	1	0	0	0	2	1	1	0	0	3	0	0	1	4	0	5	1	0	0	4	3	2	1	1	6	1	4	0	4	1	1	1	0	0	3	1	2	1	1	0	6	1	3	4	2	1	0
o185	0	2	1	3	0	0	3	0	2	0	1	1	1	1	0	5	0	4	1	0	3	0	0	0	1	0	2	2	5	1	3	1	1	1	0	4	2	0	9	2	0	0	0	0	0	2	1	2	1	1	1	4	4	1	1	0	0	1	3	0	0	4	0	2	0	1	1	0	0	0	3	3	3	0	0	0	3	0	0	1
o186	3	2	2	2	1	0	1	4	4	1	1	1	0	1	1	1	2	5	0	3	2	1	0	3	2	4	0	0	3	5	0	1	1	4	4	0	3	2	0	1	6	0	2	0	4	4	0	3	0	1	1	4	2	1	2	0	1	1	0	3	3	0	1	1	4	0	1	1	6	1	3	1	2	1	2	2	4	2	3	0
o187	1	0	1	2	2	4	3	0	1	3	0	0	1	0	0	2	1	0	1	1	0	0	1	0	2	2	0	2	6	1	0	2	1	0	2	2	0	0	0	1	0	0	0	7	1	8	1	0	3	4	0	3	0	1	3	0	3	0	8	2	0	0	0	0	3	0	3	0	4	0	0	0	2	1	5	0	0	1	0	0
o188	1	0	0	0	1	1	0	0	4	2	2	4	0	0	3	0	0	0	3	2	0	0	0	1	0	0	0	0	3	0	0	1	0	1	0	3	3	4	0	2	0	3	1	1	1	0	1	2	1	0	0	1	4	3	1	1	0	0	0	2	3	4	1	0	0	0	1	1	2	4	2	3	3	0	0	1	0	4	1	1
o189	5	6	1	0	1	0	1	0	2	4	3	0	0	1	1	0	5	2	1	0	0	5	1	4	2	0	1	3	1	2	1	0	0	0	0	1	2	1	4	5	1	2	2	1	6	1	2	0	0	4	0	2	2	0	0	2	2	0	0	0	0	0	0	2	3	1	1	1	1	0	5	2	0	1	0	0	3	0	2	5
o190	1	0	1	1	4	0	1	1	1	0	1	6	3	3	1	1	1	6	2	0	1	3	0	1	1	1	0	2	0	0	0	3	0	0	0	2	0	3	4	2	0	2	1	1	5	0	3	2	3	1	6	1	2	7	5	1	0	3	6	0	0	1	3	1	5	1	1	0	3	0	2	0	1	0	1	1	2	1	1	3
o191	2	1	0	0	0	2	1	0	0	0	2	0	0	6	0	1	0	0	1	1	2	3	0	0	1	1	4	2	1	0	2	3	2	3	3	0	1	1	2	5	2	1	3	3	4	2	1	0	1	1	1	4	1	3	1	1	2	1	5	1	0	1	0	1	1	1	3	0	0	0	1	6	3	1	4	0	5	1	0	1
o192	1	1	1	4	3	4	2	4	3	0	0	1	0	3	4	4	2	0	3	4	1	0	4	1	1	0	0	2	1	1	3	0	1	1	0	0	1	0	5	2	5	0	0	0	1	1	0	0	2	2	1	3	4	4	1	4	0	1	1	0	2	0	2	9	0	0	0	3	0	0	5	2	4	0	1	2	2	3	2	3
o193	4	4	0	0	3	1	5	2	0	0	5	2	0	0	2	1	2	2	1	0	1	1	0	3	0	0	2	0	0	5	0	2	6	0	2	2	0	0	0	0	6	6	5	1	1	1	0	1	2	3	2	2	0	2	3	5	0	1	3	2	3	2	1	2	0	1	3	3	0	4	2	4	4	2	0	1	2	0	0	0
o194	0	0	3	1	6	0	1	0	1	3	0	0	0	4	0	2	0	1	3	5	1	2	0	3	0	2	2	2	0	0	1	1	4	1	2	2	2	2	2	0	0	4	0	3	8	0	4	5	1	3	0	2	1	0	0	0	1	0	3	2	0	0	1	2	0	0	2	0	1	0	2	1	0	6	3	1	2	1	1	0
o195	2	4	0	2	4	0	1	2	2	1	1	1	3	2	2	0	0	0	1	1	4	0	2	1	5	2	4	1	0	3	0	2	2	0	3	0	1	4	0	0	0	2	2	1	0	0	0	0	1	3	0	0	3	0	3	1	2	4	1	0	2	0	3	0	4	0	6	4	2	1	1	0	4	0	0	0	0	1	4	2
o196	1	2	0	4	1	3	1	0	4	2	0	0	0	4	1	0	2	2	4	1	3	0	1	2	1	0	2	0	2	0	0	1	1	2	2	2	1	0	5	0	2	1	2	0	3	3	0	1	4	5	0	0	1	0	0	2	0	0	0	0	0	2	1	0	5	1	3	7	0	0	0	6	3	2	0	0	0	0	1	2
o197	0	2	2	4	3	2	0	1	0	2	3	4	4	1	1	3	0	2	2	2	2	2	0	0	2	0	2	0	0	0	2	0	1	2	2	0	0	0	7	0	2	0	0	0	4	6	0	5	3	0	1	0	0	6	1	4	1	2	5	2	3	2	4	1	2	1	0	4	7	0	0	2	0	1	0	1	0	0	0	0
o198	0	3	6	0	0	2	3	0	0	0	3	0	0	0	2	0	1	1	0	5	1	0	0	0	1	0	3	3	4	1	2	1	0	0	4	4	3	0	0	0	0	0	3	8	1	3	0	4	1	0	2	5	0	1	8	1	2	1	2	2	0	1	0	1	2	1	1	0	3	2	2	1	2	1	2	2	2	0	1	0
o199	2	2	3	1	4	0	3	2	2	3	0	1	3	3	0	1	1	1	1	0	0	0	4	0	1	4	0	4	2	0	5	0	0	1	0	2	5	0	0	2	2	2	7	0	1	1	2	2	0	0	1	1	3	1	0	0	0	1	1	0	0	2	0	1	0	0	3	4	1	1	3	0	2	5	3	1	0	0	2	1
o200	6	1	1	1	2	1	3	0	4	0	0	2	1	0	4	1	3	0	0	6	0	1	2	3	6	0	2	2	0	0	0	0	0	8	0	8	1	4	0	1	2	2	0	0	0	3	3	0	2	2	3	0	1	0	3	1	3	0	3	0	2	0	0	1	2	3	0	1	0	0	4	2	3	0	0	0	3	0	0	0
o201	0	1	0	0	0	2	0	6	3	1	0	1	0	3	3	2	4	1	0	0	1	1	2	2	4	1	6	1	5	4	0	3	0	1	0	1	7	2	4	2	4	0	2	0	1	0	7	1	6	3	1	0	4	5	1	0	0	0	1	0	4	1	1	0	1	0	1	5	0	0	0	0	2	6	0	4	0	0	5	2
o202	2	2	3	0	0	1	1	1	0	0	1	4	5	4	1	0	2	2	0	0	2	0	3	1	0	0	0	6	0	4	2	0	5	0	1	0	3	0	1	2	0	1	3	0	0	0	0	1	1	0	3	0	1	4	0	0	0	1	0	2	0	2	1	1	2	3	2	0	1	0	1	3	3	3	1	1	0	1	0	0
o203	1	0	1	0	4	1	2	0	3	4	2	0	1	1	0	2	0	0	2	4	3	1	1	3	0	3	6	2	0	4	2	3	1	4	0	2	0	1	0	2	1	0	0	2	0	1	2	0	0	4	0	0	1	0	0	0	1	0	0	0	0	5	1	1	3	2	3	4	2	2	2	2	0	1	0	4	2	5	1	0
o204	4	3	1	0	5	1	2	0	2	1	0	3	0	0	1	1	0	3	0	0	0	0	1	1	1	2	0	6	0	0	0	4	3	1	0	1	2	1	2	0	0	3	3	0	2	0	2	1	2	3	4	0	1	5	1	1	1	0	1	0	1	0	0	5	0	1	1	0	6	2	0	0	4	4	0	3	0	2	3	1
o205	1	1	2	2	1	4	0	2	0	3	0	7	1	0	0	1	2	7	1	3	0	3	0	3	0	2	0	0	1	1	1	3	2	7	4	0	0	0	2	1	3	2	0	4	1	2	1	2	1	1	0	0	1	0	0	2	0	0	0	0	0	0	0	3	2	0	0	3	0	1	0	1	2	1	0	3	0	1	1	3
o206	0	1	1	2	2	1	6	2	0	1	0	0	1	1	2	4	2	0	2	1	3	0	0	1	1	5	2	0	3	0	1	2	1	1	3	0	0	1	0	6	2	3	1	4	0	3	3	0	1	3	0	0	0	0	3	2	0	1	0	1	0	3	1	6	4	0	0	0	0	4	1	1	4	1	0	1	0	3	0	0
o207	1	0	0	4	0	2	1	3	0	0	3	1	1	0	0	0	5	2	4	3	1	0	1	0	0	0	1	0	0	0	4	3	1	1	1	1	1	2	0	3	2	1	6	3	2	1	0	3	1	5	0	2	0	3	0	0	0	3	2	2	2	2	4	3	2	0	1	0	3	5	1	0	0	6	1	2	0	2	0	1
o208	4	3	0	1	1	0	1	0	4	0	3	2	0	5	1	2	1	5	1	0	1	0	3	0	0	0	0	0	3	1	0	3	2	1	2	2	4	0	1	7	0	2	2	3	5	0	0	3	1	0	2	0	0	4	4	2	0	0	2	1	5	3	2	0	0	1	0	3	4	1	0	0	0	6	0	1	3	0	5	1
o209	1	0	5	2	1	2	2	1	0	5	1	3	1	0	0	3	8	4	1	0	1	0	1	1	3	0	0	2	1	1	2	3	3	4	5	0	1	3	1	0	4	3	2	5	1	1	1	4	0	6	2	3	0	5	1	3	3	3	4	0	2	1	1	0	1	0	4	0	5	0	0	0	1	5	4	0	6	5	0	0
o210	3	3	0	6	2	1	1	0	4	0	0	0	0	1	0	2	0	2	1	2	0	0	1	1	1	0	6	4	3	0	0	2	2	2	5	1	0	2	0	3	4	1	3	2	5	2	0	3	1	2	0	0	0	2	1	2	0	0	0	0	1	0	4	6	0	1	1	1	2	2	0	0	6	4	1	7	2	0	0	0
o211	0	7	1	1	1	2	0	3	0	0	0	0	0	1	4	0	3	5	0	0	3	0	1	2	0	4	1	2	2	2	1	1	2	2	0	2	4	0	2	1	3	2	1	2	1	1	0	0	5	0	3	2	7	5	1	1	1	2	0	3	1	0	1	0	2	0	1	2	2	2	0	0	0	0	0	4	2	1	5	0
o212	1	1	1	0	3	2	1	2	1	0	0	4	0	3	0	2	0	0	0	1	6	4	1	1	3	2	1	2	1	0	0	5	2	0	1	2	1	0	4	1	0	3	0	0	2	1	1	5	1	6	6	0	1	5	0	2	3	0	1	1	1	2	0	7	0	1	0	4	3	0	0	0	2	0	1	0	2	3	2	0
o213	2	1	5	1	4	0	0	0	0	0	0	4	0	1	0	0	1	3	5	2	1	0	3	1	1	1	2	5	0	0	0	0	4	0	2	2	0	3	0	0	2	0	0	0	0	2	0	6	5	4	1	0	2	2	4	3	1	2	0	1	0	0	0	3	1	4	0	1	7	1	0	4	7	0	0	0	0	1	0	1
o214	0	0	0	4	1	0	2	2	1	1	0	0	7	4	1	2	2	2	1	0	1	0	0	0	1	1	7	0	2	1	3	0	1	1	0	1	0	1	0	4	1	5	0	1	0	6	2	1	5	1	0	0	1	2	3	0	1	0	0	7	0	0	0	0	0	3	1	1	1	2	0	0	4	0	2	0	0	0	1	1
o215	0	3	1	1	5	2	1	2	2	2	2	1	2	0	3	4	0	0	0	1	0	4	2	4	1	2	0	1	1	0	2	0	3	0	0	3	3	0	1	2	0	0	1	3	2	3	0	0	0	0	0	3	2	2	4	1	0	0	1	2	0	4	0	4	0	0	0	2	1	4	1	6	1	2	2	1	1	0	1	0
o216	0	2	1	5	3	4	3	2	0	4	1	1	0	0	7	0	0	2	4	1	0	5	2	1	3	0	0	1	1	2	0	1	2	0	2	0	0	2	0	4	0	0	0	0	3	1	2	2	1	0	0	2	4	1	0	3	0	1	1	3	1	0	0	0	2	0	5	5	4	0	1	2	0	0	1	0	4	6	2	3
o217	0	0	1	0	0	2	0	5	6	2	1	7	4	0	1	2	2	2	1	0	4	0	4	2	0	1	2	0	0	0	0	5	1	1	0	3	1	4	2	3	0	0	1	0	2	0	0	1	2	4	1	0	2	2	4	0	0	2	4	0	2	0	0	1	3	1	0	0	0	1	1	1	0	0	0	1	1	2	0	6
o218	2	4	1	0	0	1	1	0	0	2	0	2	4	0	2	2	2	3	1	2	3	0	0	3	0	2	1	2	1	0	4	2	0	0	1	0	3	0	0	2	2	2	4	3	1	3	2	2	0	1	2	2	0	0	0	2	3	1	5	3	1	0	3	2	2	1	1	2	0	1	0	2	0	0	1	0	0	4	1	0
o219	0	5	5	2	2	2	1	6	5	3	0	1	1	1	0	2	2	0	0	2	0	3	2	1	1	0	1	0	0	5	2	2	2	0	1	2	5	4	1	1	2	2	1	0	4	0	5	6	3	1	4	2	0	0	1	0	3	6	0	3	0	0	0	1	1	3	0	4	1	1	0	5	0	2	1	0	1	3	1	1
o220	5	6	3	3	2	2	7	1	2	0	2	1	0	0	0	1	0	1	1	3	0	1	2	0	1	0	2	0	0	6	1	0	0	8	0	1	1	0	2	0	1	0	5	0	3	0	3	2	0	5	0	0	2	0	1	0	1	0	0	0	3	0	0	4	2	2	4	3	2	1	1	2	0	2	3	0	0	2	3	4
o221	0	0	1	2	1	2	4	3	1	0	1	1	1	4	1	1	0	2	1	2	1	0	0	0	5	0	0	4	1	0	3	2	1	0	0	2	0	8	0	0	3	1	4	0	1	1	1	1	1	2	1	3	2	3	0	0	2	3	2	2	2	1	1	1	0	0	3	0	1	1	0	0	2	2	0	2	4	3	3	0
o222	1	5	4	0	1	1	0	5	1	3	3	2	11	1	0	4	2	1	1	0	2	0	0	2	3	0	2	0	1	1	3	0	2	0	0	1	0	1	2	3	1	2	3	0	1	0	2	2	1	0	1	3	7	4	0	3	2	3	2	1	0	5	1	0	0	0	0	3	2	0	0	0	0	0	1	0	0	0	3	3
o223	3	3	0	7	1	3	2	2	2	4	0	3	0	1	1	0	2	1	0	1	0	0	3	7	1	0	0	6	2	7	1	3	1	1	0	0	1	0	0	2	0	5	3	0	0	3	0	3	4	5	0	2	1	8	2	0	0	0	0	1	0	1	0	0	1	1	1	2	8	0	8	1	3	1	1	1	4	0	1	1
o224	1	2	1	0	0	0	1	0	1	0	2	2	5	4	0	1	0	0	6	0	1	2	2	1	0	2	3	0	1	2	0	1	0	4	1	4	0	0	0	2	0	1	1	4	6	1	0	2	0	0	2	4	6	2	0	2	0	0	2	3	0	0	3	1	0	1	1	3	0	0	0	1	2	0	1	2	2	0	1	4
o225	8	2	0	1	2	2	0	2	0	1	3	0	0	2	0	1	2	0	2	2	1	2	0	0	1	1	0	5	0	1	2	2	5	1	7	4	0	4	0	0	0	1	4	0	5	1	3	0	1	0	3	2	3	0	1	2	0	0	0	1	1	2	5	1	0	0	3	0	2	2	1	3	2	2	0	0	0	0	1	0
o226	0	2	0	0	2	0	4	0	0	3	0	0	0	2	1	0	0	3	1	0	0	1	1	1	0	0	0	0	2	4	2	4	0	3	1	4	2	2	2	2	1	2	0	1	0	4	5	1	1	1	0	0	2	4	2	2	2	4	0	3	0	2	1	3	3	0	1	0	0	3	1	7	1	0	2	1	0	1	1	0
o227	0	3	1	1	0	1	1	2	3	3	1	0	0	0	0	0	3	8	2	2	0	5	0	3	3	0	0	2	1	0	1	3	1	0	1	0	3	1	0	2	1	2	0	0	0	3	0	0	0	3	2	1	0	1	1	4	0	5	0	0	1	2	1	0	1	0	0	1	2	0	3	0	2	3	1	3	1	5	1	1
o228	0	1	3	2	1	1	3	3	0	4	2	1	0	0	0	0	0	0	1	2	1	2	0	1	0	3	1	4	0	0	0	0	3	3	0	0	0	0	0	6	0	0	4	0	0	2	1	0	1	3	4	1	4	0	4	0	0	0	0	5	1	0	1	0	0	0	1	1	2	0	1	1	0	1	0	0	0	0	5	1
o229	2	1	2	4	5	0	3	2	0	0	3	0	0	2	2	3	0	0	4	1	1	0	0	1	0	2	0	0	2	4	4	0	2	0	1	1	1	0	0	3	2	0	4	4	1	1	0	0	0	0	1	1	2	1	0	1	0	1	1	4	2	0	1	0	1	0	0	0	2	0	1	0	0	2	0	7	1	0	0	0
o230	2	0	6	0	1	1	0	6	0	1	0	2	2	5	1	0	1	0	0	1	2	1	0	0	6	2	0	1	0	0	3	1	2	3	2	0	0	0	0	1	0	2	2	0	1	1	1	3	0	0	0	0	0	1	2	2	1	1	1	2	3	1	0	4	2	0	0	6	0	0	0	4	2	4	1	0	0	0	3	0
o231	2	0	3	0	0	2	0	0	3	1	4	3	3	4	6	1	1	2	0	0	0	3	0	0	1	4	2	0	0	1	0	2	5	2	1	4	0	1	2	0	2	4	4	0	2	1	0	0	1	2	1	0	0	1	3	0	2	1	4	0	1	0	0	4	3	1	2	0	0	4	0	0	1	5	1	4	5	1	1	0
o232	2	0	1	1	2	2	1	1	1	5	3	0	0	6	1	3	3	0	0	5	3	0	0	2	4	0	0	2	2	1	0	0	0	1	0	0	0	2	1	2	3	1	1	2	1	2	1	4	4	0	3	1	2	0	1	6	2	1	0	1	1	1	0	1	0	0	0	1	7	4	1	3	3	0	0	1	0	3	1	0
o233	0	2	0	1	2	1	1	2	5	0	1	1	0	2	2	1	1	0	0	1	1	3	4	1	0	0	1	1	1	0	1	1	0	3	3	4	2	2	0	2	1	3	1	3	0	5	2	2	6	0	1	0	3	0	1	5	3	0	0	4	1	2	0	1	4	0	8	3	0	2	3	0	1	0	0	0	2	0	0	0
o234	0	0	4	5	2	1	3	0	1	1	3	1	0	0	3	0	3	3	5	0	0	2	1	1	4	2	1	4	1	0	5	1	4	3	0	1	1	2	1	0	2	0	0	1	0	4	0	1	1	1	4	4	0	0	2	0	0	0	2	1	1	3	2	4	1	4	0	2	0	2	1	0	0	0	0	5	0	1	3	0
o235	0	2	1	0	0	1	3	2	0	2	1	1	7	3	1	2	0	1	0	3	1	3	0	1	1	0	0	2	0	3	0	3	2	0	0	0	0	2	1	1	0	2	2	2	1	2	3	6	4	0	6	0	2	0	3	2	3	2	3	1	0	3	1	1	2	1	1	0	6	1	2	0	3	7	1	0	4	4	1	3
o236	2	2	2	0	0	4	5	2	3	1	1	2	1	0	1	0	0	2	1	0	2	4	0	0	5	0	2	7	0	0	3	1	4	0	3	0	0	0	2	3	4	1	2	2	1	4	2	6	3	0	1	1	0	0	2	3	3	0	0	4	3	5	4	1	5	0	0	1	1	0	0	3	1	2	2	1	1	0	0	1
o237	4	0	0	0	1	2	0	1	1	4	4	1	3	0	0	3	1	0	1	1	1	5	0	0	0	1	0	0	1	0	0	0	0	1	2	0	1	0	3	0	1	2	0	2	0	1	1	0	1	0	1	1	2	4	4	2	2	6	4	2	0	0	0	0	4	1	0	0	0	2	1	2	3	0	0	0	6	0	5	0
o238	0	1	0	2	0	1	3	1	0	0	3	0	1	2	1	0	0	0	1	1	2	1	1	3	1	0	1	1	0	0	0	1	0	1	3	3	0	2	1	2	5	1	1	0	4	0	0	2	0	0	2	6	0	2	1	0	0	1	0	1	1	0	0	0	2	5	4	2	1	0	1	1	1	2	4	3	3	4	3	1
o239	2	1	1	0	0	2	1	2	1	2	0	2	5	0	2	0	0	8	0	0	1	1	4	2	0	2	2	1	2	4	0	0	3	0	2	0	2	1	1	5	0	3	1	3	1	3	0	5	4	4	0	0	6	0	1	6	1	0	0	0	0	1	1	8	2	4	0	1	2	1	4	2	1	1	1	0	4	1	1	1
o240	1	2	0	0	3	0	1	1	1	1	0	0	1	0	2	0	1	0	0	2	0	0	1	0	1	2	5	2	0	1	1	1	3	0	2	2	3	4	4	1	1	1	0	3	0	0	4	0	0	0	1	3	5	0	6	0	6	3	0	1	1	1	7	1	0	2	1	0	4	0	0	5	2	1	2	2	4	3	0	2
o241	0	1	3	3	5	1	1	0	2	0	1	2	0	0	1	0	0	1	0	0	4	0	3	0	0	1	1	1	4	6	1	0	0	0	0	2	2	0	4	0	2	1	1	3	3	4	2	0	0	1	0	0	3	4	1	0	1	0	0	0	0	4	1	2	1	5	2	1	0	1	0	0	1	0	0	0	0	0	2	0
o242	2	0	3	0	0	1	2	0	0	3	2	5	1	3	2	0	0	2	1	1	3	1	0	1	0	0	3	0	0	2	0	1	1	1	0	2	0	8	4	0	2	2	3	0	3	5	4	6	4	0	2	0	0	2	2	1	3	2	0	3	1	0	1	3	0	4	2	1	2	2	5	4	1	0	6	1	2	2	2	1
o243	0	2	2	1	2	2	3	3	0	0	1	2	0	2	2	1	0	0	0	2	4	1	1	1	0	2	1	1	0	2	6	0	0	0	0	5	4	2	0	3	0	1	2	0	0	1	2	2	0	3	0	2	3	0	1	2	2	0	2	1	1	6	0	0	4	6	1	0	0	3	2	2	4	0	0	2	0	2	8	1
o244	0	3	0	4	8	0	0	0	1	2	0	1	1	2	1	2	0	0	5	0	2	1	3	7	0	0	1	1	0	1	3	0	2	1	3	0	0	0	2	5	0	2	0	2	5	0	4	2	3	3	6	1	3	0	5	0	1	1	2	2	3	1	0	4	3	5	1	1	0	3	2	0	1	1	0	1	0	0	5	0
o245	0	0	2	0	0	4	2	1	0	2	0	2	2	5	1	1	0	2	1	2	2	0	4	0	0	5	2	0	1	4	0	2	4	1	2	6	0	0	1	2	0	2	0	3	2	0	4	0	3	1	0	1	2	5	5	0	2	1	0	0	0	1	1	4	1	0	3	0	2	3	2	0	2	3	0	3	2	1	3	3
o246	0	3	4	1	2	0	6	1	0	1	1	5	0	5	2	1	4	0	1	0	2	0	0	5	1	4	1	3	0	0	0	1	4	0	2	0	2	1	0	2	2	0	3	2	4	1	1	2	0	0	2	0	0	2	3	0	2	5	1	0	3	1	4	1	1	1	3	5	3	0	1	0	4	3	2	6	1	4	2	0
o247	0	2	3	0	0	1	1	4	1	0	2	1	1	2	1	0	1	0	4	2	2	2	2	5	2	0	6	0	0	0	0	2	2	1	2	2	3	0	2	0	0	1	4	0	0	1	2	1	1	6	2	1	0	0	1	2	3	2	0	0	1	0	4	2	3	0	2	1	2	2	0	2	2	1	2	1	1	2	5	0
o248	0	1	2	3	1	1	1	1	1	0	0	2	3	2	2	2	1	4	6	4	1	2	2	4	2	1	0	0	0	1	0	6	0	1	4	1	3	0	0	0	3	2	0	1	0	0	3	1	1	1	1	2	2	3	1	0	7	1	2	2	0	8	1	1	1	0	0	0	2	4	2	0	2	0	2	4	6	0	3	0
o249	0	3	0	2	4	0	5	7	2	2	0	2	1	0	0	6	6	0	1	2	2	1	1	3	1	0	1	4	0	0	1	1	1	1	3	1	0	0	0	0	0	0	0	1	2	0	2	1	2	3	0	0	1	0	0	3	0	0	5	0	0	1	0	2	0	2	0	0	3	2	4	1	0	1	3	2	4	2	4	1
o250	0	0	0	1	0	3	0	4	2	0	0	1	0	0	0	3	0	2	6	0	1	1	1	0	2	2	1	3	0	3	1	1	1	3	0	3	4	2	4	1	1	2	7	4	1	1	4	3	1	4	0	0	0	0	1	1	1	3	1	3	0	6	0	2	0	3	0	3	0	0	0	0	6	2	1	0	0	0	3	0
o251	0	1	0	0	0	2	9	0	2	6	0	2	0	0	2	0	1	7	2	1	2	0	0	0	0	0	0	0	2	2	8	1	0	0	0	2	1	2	2	0	1	0	5	0	0	1	2	1	3	0	0	0	3	0	1	0	3	2	2	2	2	0	3	2	0	1	0	1	1	0	0	2	0	2	2	0	2	1	0	1
o252	8	2	1	0	1	0	6	1	2	0	1	0	1	1	0	1	3	2	0	3	9	0	0	2	1	0	4	0	1	0	1	5	5	3	0	4	1	3	0	7	1	2	0	0	3	1	1	2	0	2	1	4	1	5	0	4	0	2	2	2	0	2	0	1	3	2	1	1	3	3	0	1	5	0	1	1	0	2	2	0
o253	0	3	1	0	0	5	4	0	1	0	4	0	0	2	0	0	0	2	1	1	1	1	0	1	1	1	1	1	1	1	0	1	0	1	0	5	0	2	1	0	0	0	1	2	1	0	2	1	1	1	1	3	0	2	0	0	0	1	1	2	2	0	4	2	1	4	2	2	1	0	0	3	1	0	1	0	2	0	0	1
o254	2	4	1	6	1	1	3	0	2	0	5	3	2	0	0	3	0	2	1	3	0	1	5	2	0	4	1	3	0	1	3	0	1	0	0	0	2	3	1	0	0	0	0	2	3	1	0	2	1	0	1	1	1	0	1	0	3	3	1	0	0	3	2	5	0	3	0	1	4	1	3	0	1	2	0	3	3	0	1	1
o255	0	2	1	1	0	2	0	4	1	1	0	2	2	3	1	4	3	3	0	0	5	3	1	0	0	1	0	5	0	3	4	0	0	0	1	0	1	3	3	0	6	1	1	0	2	1	2	4	3	0	0	4	0	2	1	4	0	2	8	0	3	5	0	1	0	1	3	0	1	0	0	0	0	4	3	2	0	3	3	0
o256	1	0	0	0	2	1	4	1	1	0	1	2	0	0	1	2	4	1	0	2	0	0	1	0	0	0	2	1	0	0	5	4	0	1	0	0	0	0	1	1	1	5	3	1	3	1	0	2	3	3	3	1	1	1	1	1	2	2	2	4	0	4	6	0	3	1	0	0	4	0	5	0	1	2	0	2	0	2	8	0
o257	0	0	0	1	3	3	1	0	0	1	1	0	1	3	3	0	0	0	0	2	1	0	2	1	1	2	0	0	1	1	1	0	0	1	1	0	0	0	0	0	0	1	0	1	5	0	1	2	1	4	2	0	1	1	0	3	1	0	0	0	1	0	4	0	2	0	1	0	5	0	1	5	0	3	0	2	2	4	1	4
o258	3	1	1	4	3	1	0	0	3	0	2	4	2	0	2	5	3	3	1	8	0	3	2	3	3	1	0	2	0	2	8	0	4	0	0	0	0	2	7	1	2	0	2	0	0	0	0	0	1	3	0	2	5	0	0	6	1	0	3	0	4	0	0	0	1	7	1	0	1	1	3	5	2	6	1	0	5	4	0	3
o259	2	3	0	2	2	3	6	1	2	0	3	0	1	0	0	3	3	0	0	0	2	0	0	1	3	3	2	0	0	1	0	4	1	5	2	2	4	0	0	0	2	0	0	1	9	1	0	0	1	0	2	3	1	2	2	1	0	5	0	1	2	0	0	3	0	0	0	0	0	5	0	0	0	2	2	3	1	0	1	4
o260	0	0	1	2	1	0	4	1	3	0	1	1	2	1	5	0	0	0	4	9	0	0	3	0	2	0	2	0	0	1	2	5	5	0	0	1	0	0	1	3	0	3	0	1	3	0	0	0	2	1	2	0	2	0	0	4	3	2	0	2	0	0	0	4	0	2	2	0	1	1	0	0	1	5	1	3	1	4	0	0
o261	4	3	3	0	0	0	1	1	7	1	4	1	1	2	0	0	5	0	0	1	0	3	1	0	0	5	4	1	4	3	0	2	0	0	3	0	0	4	4	0	0	2	3	6	6	6	0	2	0	0	4	1	0	0	0	4	1	0	0	1	0	1	0	2	0	1	3	2	0	0	2	0	3	3	0	0	2	2	5	3
o262	0	4	2	7	1	1	1	4	0	3	6	2	5	3	2	0	2	1	0	1	0	3	1	0	0	1	0	2	5	0	1	0	1	2	4	0	0	3	2	3	0	0	0	4	0	1	0	0	1	1	3	4	2	3	0	0	0	0	1	3	0	0	0	1	0	1	3	0	0	0	3	0	1	0	0	0	0	4	1	0
o263	4	0	1	2	0	6	3	0	0	0	4	0	3	0	1	0	1	0	1	1	2	0	3	0	0	3	1	3	1	1	4	0	0	3	2	1	1	3	4	4	2	2	2	3	0	1	0	0	2	1	2	1	1	2	1	2	0	3	0	4	2	0	1	1	0	0	0	4	0	5	2	0	3	0	0	0	0	1	2	0
o264	2	4	0	1	2	0	1	0	3	1	3	0	0	1	1	1	2	4	3	2	1	2	0	3	0	0	0	2	1	1	4	5	1	0	0	1	6	5	0	0	0	1	0	2	0	1	1	0	2	3	0	1	2	3	4	0	4	2	2	0	0	4	2	1	1	4	1	4	0	1	0	2	7	5	4	1	0	2	1	1
o265	6	1	1	0	0	3	6	2	1	3	5	0	4	0	0	1	2	0	1	3	2	1	3	0	0	2	1	0	0	2	3	1	2	0	1	2	4	4	4	1	7	3	2	3	0	1	0	0	2	0	1	0	4	4	0	5	0	1	4	0	1	0	2	2	0	2	1	1	1	0	2	2	4	2	0	1	0	4	5	3
o266	3	2	4	4	2	1	0	1	2	2	5	1	1	3	1	1	0	1	0	0	0	1	0	0	0	0	1	0	3	3	2	3	2	0	1	1	3	5	1	0	1	5	3	2	1	0	4	4	4	2	0	0	0	2	5	0	0	2	2	0	2	0	2	1	1	1	1	0	2	2	0	3	2	2	0	2	3	2	0	1
o267	0	3	0	3	2	2	3	1	1	0	2	4	0	1	2	3	3	3	0	5	0	1	0	1	0	0	2	3	1	0	0	4	5	1	2	5	0	1	1	1	1	1	2	0	1	3	2	2	4	0	2	2	0	1	1	2	0	1	0	3	1	1	5	4	0	1	1	2	2	2	0	2	2	0	7	0	0	1	4	7
o268	1	0	2	4	2	0	0	0	3	0	0	0	2	3	1	4	0	0	0	0	3	5	1	3	0	1	1	2	1	0	1	0	1	0	0	4	2	0	1	0	7	1	3	5	1	1	0	6	0	0	4	1	1	0	0	3	0	0	0	0	0	0	5	0	3	0	3	2	0	5	0	0	0	1	3	3	2	5	0	0
o269	3	0	5	3	0	2	0	1	5	4	0	2	3	1	0	0	2	0	0	2	1	1	1	3	2	1	0	0	0	0	1	2	0	1	6	0	4	0	0	0	0	1	1	4	1	0	0	0	1	1	4	1	0	1	4	1	0	0	1	5	1	0	0	0	2	3	3	2	0	2	0	0	3	0	3	1	3	0	1	0
o270	2	2	0	5	2	1	2	1	1	3	1	3	4	0	0	0	0	2	0	6	1	3	0	1	2	1	0	1	0	1	2	0	2	0	1	2	1	0	6	1	3	1	2	1	0	0	1	0	1	0	4	2	6	2	0	2	2	7	1	0	1	4	2	3	2	5	0	0	0	0	6	0	2	0	0	2	2	1	0	1
o271	0	0	1	2	3	2	0	1	1	0	0	3	3	7	4	3	1	0	0	1	1	0	4	1	1	1	2	2	2	3	2	2	0	1	2	4	0	0	0	1	3	1	1	0	0	4	0	0	3	1	2	0	0	0	0	1	0	2	0	3	3	0	3	0	0	1	1	1	2	2	0	0	1	2	0	2	0	2	1	6
o272	0	2	3	1	1	0	0	0	1	3	0	2	0	0	3	1	0	2	3	2	0	2	2	2	0	1	2	0	0	2	1	2	1	1	1	1	0	0	0	2	2	1	1	2	0	3	7	0	0	0	0	0	3	3	0	2	2	1	3	3	0	1	1	1	0	0	3	2	4	0	0	0	3	0	1	0	2	0	1	3
o273	1	0	0	1	0	1	4	0	1	0	0	5	0	0	0	1	3	1	5	0	2	4	3	8	8	0	0	3	2	1	0	4	0	0	3	0	0	0	2	5	0	1	0	0	1	1	0	6	1	1	1	2	0	2	4	0	3	1	0	0	1	3	1	4	1	3	3	1	1	0	0	4	0	1	0	2	0	2	2	1
o274	0	2	0	1	1	0	0	4	1	2	5	1	1	0	4	1	2	3	1	1	0	4	2	0	0	1	1	2	4	3	0	1	3	1	2	2	4	1	3	1	3	4	1	1	2	1	1	0	2	1	1	1	0	3	4	0	1	4	0	4	0	0	4	4	0	7	0	2	0	2	0	4	1	0	1	3	1	1	5	0
o275	1	1	3	0	0	1	0	0	1	5	5	0	1	3	4	0	2	2	0	7	1	1	0	1	1	4	2	0	4	4	0	0	0	0	3	0	2	3	3	0	4	0	2	0	0	0	3	5	1	1	0	1	0	0	2	2	0	2	0	0	0	3	3	5	1	1	0	2	2	1	2	1	0	1	4	1	1	1	0	4
o276	1	3	3	2	0	5	1	2	4	7	3	0	0	0	1	0	4	2	3	2	0	0	0	1	1	1	2	2	4	0	0	2	0	2	2	1	1	0	0	1	1	2	2	0	0	1	2	5	4	1	0	0	0	0	1	1	0	5	1	0	4	6	1	0	2	0	0	0	3	0	3	0	0	2	1	3	0	2	2	2
o277	2	0	3	0	0	1	4	0	3	0	1	0	4	0	1	0	1	0	4	2	0	0	2	1	1	1	0	0	2	1	2	7	0	6	1	0	0	0	1	1	0	1	0	3	0	0	2	4	1	3	1	0	2	2	0	0	0	1	0	1	1	0	1	3	2	1	6	1	5	0	0	1	0	0	0	2	6	0	1	3
o278	6	1	6	4	0	0	0	1	1	2	2	2	0	6	2	1	0	1	1	1	0	2	2	0	0	2	2	1	2	0	2	2	4	3	2	0	0	0	1	0	1	3	0	0	0	4	3	4	0	2	3	0	1	0	2	0	2	0	0	2	2	2	1	0	3	1	3	1	1	4	0	2	0	0	0	1	0	3	3	1
o279	2	4	2	0	3	0	5	0	0	2	0	6	0	3	0	2	6	0	1	1	1	0	0	1	1	0	0	4	3	1	1	5	0	1	1	0	0	1	0	0	1	0	3	0	0	0	0	5	0	7	0	3	0	5	0	0	2	1	0	0	1	0	3	1	0	1	0	0	2	0	2	0	2	0	2	1	0	4	0	2
o280	0	0	4	0	0	3	1	2	2	0	0	3	0	3	2	1	2	3	0	1	4	4	0	0	0	0	0	0	2	2	0	0	2	3	1	3	4	5	4	0	2	2	0	3	1	1	1	2	4	2	2	1	2	0	0	2	0	3	1	5	1	0	1	1	4	1	0	7	0	3	4	1	2	6	1	3	0	0	2	1
o281	0	1	1	3	2	1	0	1	4	0	0	10	2	2	3	1	1	0	0	4	0	0	4	0	1	2	0	6	1	1	0	0	0	4	4	5	0	2	0	0	2	4	2	1	6	0	1	2	1	1	0	2	4	0	1	0	1	2	4	7	1	5	2	1	0	4	1	3	1	0	5	0	0	0	0	3	1	4	1	3
o282	1	0	0	3	2	6	1	1	4	1	3	1	0	4	4	0	2	0	3	0	0	4	1	5	0	1	2	5	0	2	3	3	4	0	0	0	2	1	5	0	0	0	1	1	0	0	1	1	1	2	0	2	0	2	0	1	1	3	0	11	0	4	1	0	1	0	0	0	1	0	0	1	0	8	1	1	1	0	1	0
o283	1	0	1	0	0	0	1	2	1	0	3	3	0	0	5	6	3	3	0	7	3	0	2	0	2	1	0	1	3	1	0	1	0	1	2	0	5	0	6	0	0	1	0	2	3	0	1	0	1	0	3	1	0	1	4	3	2	0	2	0	0	0	1	2	2	0	1	0	2	0	3	1	3	0	0	0	0	0	0	5
o284	3	2	3	2	2	2	5	0	1	3	0	4	2	4	0	0	2	0	1	0	1	1	1	0	0	0	2	4	3	3	5	2	2	3	0	4	0	4	0	1	1	0	0	0	4	1	1	2	1	1	0	3	0	3	0	0	0	0	0	0	5	0	1	2	0	0	0	0	2	0	1	0	2	0	1	0	5	0	3	1
o285	2	0	1	0	6	4	0	0	0	1	1	0	6	3	2	5	4	1	2	1	0	1	1	3	1	0	0	2	5	0	5	0	2	1	1	3	3	0	0	2	4	6	1	7	4	1	0	0	1	1	2	0	2	0	0	5	0	0	4	1	3	0	0	1	0	4	1	0	0	0	0	0	1	0	3	1	0	1	4	0
o286	5	0	2	0	6	1	2	0	0	2	7	1	2	1	2	2	0	1	5	0	0	1	1	3	0	0	5	2	0	2	5	0	7	2	1	2	1	6	1	1	1	0	0	0	2	0	0	1	1	0	2	3	2	5	1	6	4	5	0	3	0	1	0	7	3	3	3	7	4	0	4	0	1	2	0	0	0	2	2	1
o287	1	0	1	3	4	1	0	3	0	3	10	2	0	1	1	0	3	5	4	2	2	2	2	9	1	2	1	2	3	1	0	1	0	0	2	5	4	3	1	0	1	2	1	0	1	5	2	4	0	1	5	2	4	0	1	0	2	2	2	7	3	0	0	1	0	1	0	3	3	3	0	1	1	0	2	4	0	1	2	3
o288	0	1	2	7	2	0	0	1	1	3	1	3	2	0	0	0	6	2	3	1	1	3	0	5	1	0	0	0	0	3	4	2	0	0	0	0	1	0	2	5	0	1	0	0	3	0	5	2	0	1	0	3	0	0	3	0	0	0	0	6	0	2	1	3	1	3	0	1	3	0	1	1	1	0	0	0	2	0	3	2
o289	1	2	5	1	6	0	1	2	4	1	5	0	2	2	2	4	2	0	1	1	0	0	4	1	0	0	1	1	0	1	0	1	1	1	0	2	6	5	2	2	2	2	2	0	2	1	1	0	6	0	3	1	0	0	1	0	1	4	1	2	0	2	2	3	1	0	4	7	1	1	0	5	2	0	1	0	5	2	0	1
o290	0	0	2	3	0	2	0	1	2	0	1	1	0	5	1	1	2	0	0	0	1	4	0	1	1	0	3	2	0	0	5	0	1	3	1	2	0	0	0	2	4	0	0	0	1	1	0	0	2	4	1	0	1	3	2	1	0	2	3	1	0	0	1	5	1	4	1	0	1	0	1	3	2	0	1	3	1	0	0	1
o291	2	0	1	0	0	3	3	0	1	0	3	1	3	3	7	1	1	2	1	4	0	2	2	2	2	3	6	1	3	1	0	0	1	1	2	1	0	1	2	0	0	3	1	0	0	4	3	0	4	0	1	6	2	0	2	4	1	0	4	1	0	2	0	0	0	0	1	5	1	2	2	3	2	3	1	0	0	3	2	0
o292	3	1	1	1	4	4	2	1	0	0	1	1	0	4	0	2	2	1	4	2	0	4	0	2	2	1	0	3	1	5	1	2	3	0	2	1	0	3	4	2	1	1	1	1	1	1	0	0	0	3	2	0	0	2	0	0	1	1	7	2	5	0	0	4	0	0	0	8	0	3	4	2	0	0	0	2	1	1	2	0
o293	3	0	1	0	2	2	1	0	1	0	1	0	1	1	4	0	1	3	5	3	1	0	1	2	1	1	0	1	0	2	5	1	2	2	0	2	8	0	4	1	0	1	1	0	0	2	2	0	0	2	1	0	0	4	1	2	0	2	2	1	0	0	3	1	1	3	1	1	3	8	0	2	2	0	0	0	1	0	0	0
o294	2	8	0	0	0	0	0	0	0	3	1	3	1	0	4	0	0	2	5	3	3	3	3	0	0	4	2	0	0	0	0	1	5	1	1	0	0	1	3	0	5	2	2	1	0	1	1	3	0	3	0	2	0	2	4	0	1	3	0	3	4	5	5	0	3	1	0	0	0	5	1	2	0	0	0	0	5	3	3	1
o295	1	2	1	1	0	4	0	1	4	8	0	3	5	6	3	5	1	0	1	2	7	1	0	0	0	0	2	0	1	0	0	0	0	0	0	2	0	3	1	0	3	1	0	4	0	1	0	6	2	1	0	1	2	3	0	4	5	1	1	3	0	1	3	1	0	3	0	2	5	2	0	0	0	2	5	3	5	0	0	1
o296	0	5	0	0	2	0	1	1	2	1	1	0	0	1	2	1	0	1	5	0	6	1	0	2	0	4	6	8	2	0	0	4	1	0	6	2	0	0	8	0	1	0	0	0	0	5	3	2	1	0	0	1	0	0	1	1	1	1	8	0	2	2	0	0	1	1	0	2	0	0	2	1	0	0	0	0	3	0	0	1
o297	1	0	5	0	1	2	2	2	0	2	2	3	3	1	1	1	1	5	4	0	2	1	4	2	1	3	0	2	1	2	7	3	1	3	2	1	1	2	3	6	2	5	6	0	2	1	0	1	2	0	0	0	1	3	0	0	5	4	0	0	0	0	1	4	4	1	0	0	2	1	1	1	1	0	4	1	6	1	0	3
o298	2	1	1	4	0	1	4	2	1	2	0	0	0	2	1	0	4	1	1	2	1	5	0	3	6	5	1	4	2	0	0	1	3	3	0	1	0	0	0	4	0	8	4	0	1	1	2	4	7	3	0	7	1	1	4	0	1	0	3	1	3	0	1	1	1	0	2	5	1	5	3	0	4	0	0	1	4	2	6	5
o299	4	1	0	0	5	0	4	0	0	2	2	2	0	1	2	0	2	1	0	0	4	2	0	1	0	3	3	0	3	0	0	2	0	5	0	1	0	0	3	3	2	0	1	1	0	0	1	3	4	0	0	1	0	0	5	0	0	3	3	2	0	2	2	0	0	1	2	0	0	4	0	1	4	7	0	0	0	3	1	1
o300	3	2	1	0	1	3	3	0	0	0	2	2	2	1	3	6	0	0	0	0	5	4	0	0	0	4	2	2	0	0	2	3	2	1	1	3	0	1	1	0	2	1	1	1	1	2	2	0	3	0	4	3	1	1	0	2	1	1	2	2	0	2	0	0	1	0	0	3	5	1	0	1	2	3	2	4	1	4	1	5
o301	3	2	0	2	1	0	0	3	0	3	0	4	0	0	0	0	5	3	0	0	1	1	1	9	2	0	2	2	8	0	4	1	2	2	1	5	2	2	5	0	2	0	1	3	1	2	0	4	0	3	3	0	1	2	2	1	1	0	0	4	0	0	1	3	0	1	3	2	0	5	0	0	1	3	2	6	0	2	1	1
o302	0	1	1	1	2	5	3	1	0	1	0	3	1	0	3	0	0	1	0	1	1	0	2	1	5	0	2	4	2	0	3	0	2	2	1	4	2	0	0	0	3	0	3	3	1	1	0	1	0	4	1	0	0	2	3	0	0	3	2	0	0	0	4	0	1	5	0	0	1	1	2	4	2	1	1	1	3	1	0	0
o303	0	0	3	1	0	1	3	2	1	5	3	0	5	0	3	1	1	0	1	5	0	0	0	1	0	2	2	3	0	0	1	0	0	0	0	1	0	0	2	2	1	3	0	0	1	3	6	0	1	1	2	3	2	0	4	0	1	0	1	2	6	2	0	0	0	6	1	3	0	0	1	1	5	0	0	5	7	0	0	1
o304	3	2	0	0	0	1	7	1	3	2	0	2	0	0	0	4	4	2	3	1	0	1	3	1	1	2	2	0	1	2	6	7	1	1	2	1	0	2	2	1	3	1	3	2	1	2	3	1	1	2	6	2	2	0	3	0	6	4	0	1	5	1	0	0	0	1	0	0	1	0	4	0	0	2	2	0	3	2	2	3
o305	1	1	0	4	3	1	0	3	1	2	3	2	1	10	6	2	3	0	0	0	1	1	0	0	1	5	2	2	3	0	3	4	1	1	1	3	0	0	2	1	1	0	0	4	3	0	2	2	3	5	4	6	2	2	3	0	0	1	2	3	1	2	4	0	1	1	0	0	2	1	4	2	1	0	3	3	2	0	0	0
o306	0	0	1	5	3	0	0	1	1	2	1	0	1	1	5	1	0	3	1	0	2	5	0	3	0	1	1	0	1	0	0	0	1	1	1	0	3	0	3	1	1	0	1	0	1	1	1	2	1	0	0	3	0	0	1	0	1	1	2	2	0	3	0	1	0	0	0	1	6	0	1	0	2	0	1	1	0	2	1	3
o307	2	0	1	4	0	0	1	0	0	0	1	0	0	0	2	1	1	2	5	0	2	0	2	4	1	0	0	0	2	1	2	1	3	4	7	1	4	0	1	6	0	0	3	1	1	1	0	2	1	1	0	3	0	0	1	3	0	3	2	4	0	0	1	0	0	0	1	1	4	1	1	1	1	6	3	1	1	2	2	2
o308	0	4	3	2	1	0	1	1	0	0	0	0	2	0	1	0	1	0	5	0	2	1	2	5	0	0	0	0	0	0	0	0	0	4	0	1	6	4	4	0	3	1	2	0	1	0	0	1	0	1	3	2	1	4	1	3	2	4	3	2	0	4	1	0	3	0	1	0	0	4	2	1	2	4	0	1	0	1	0	0
o309	2	2	1	2	1	2	1	2	2	0	1	1	0	3	2	1	1	0	4	1	3	1	0	5	1	0	2	1	0	1	4	3	0	0	2	2	1	0	0	2	3	0	4	1	0	0	3	2	1	0	5	0	4	0	1	1	1	2	1	0	0	0	4	0	2	1	6	3	0	0	0	3	0	1	0	4	1	2	4	1
o310	0	1	3	2	0	6	0	0	3	0	2	0	0	2	5	1	2	0	1	1	2	0	1	0	0	1	5	2	0	0	0	0	1	1	2	2	6	0	1	0	0	2	0	1	0	2	1	1	0	2	3	2	4	4	0	0	3	0	0	0	1	3	3	1	1	1	6	3	5	1	0	1	3	2	0	1	0	1	1	2
o311	1	4	0	0	0	1	0	0	2	2	2	0	0	1	1	3	0	1	0	3	0	1	3	4	3	4	1	0	3	1	0	0	3	0	0	0	1	0	1	0	1	2	1	7	1	0	0	3	0	0	0	4	0	1	0	8	1	1	1	2	4	0	1	1	0	3	2	4	0	1	2	5	0	0	1	1	0	2	1	0
o312	0	1	0	1	5	0	1	0	3	1	0	2	1	3	0	0	1	1	1	5	1	0	1	5	1	1	0	2	2	2	0	4	2	8	1	0	4	3	0	3	0	0	0	1	2	4	1	0	0	4	0	4	0	3	4	1	0	2	3	2	4	0	0	0	7	1	0	0	1	0	0	2	2	2	7	2	0	0	0	1
o313	1	1	0	2	1	0	1	1	5	1	3	2	1	1	0	5	5	1	3	1	2	1	6	4	4	0	1	3	4	1	0	3	1	5	2	4	2	6	0	1	1	0	2	0	3	2	0	0	0	3	5	1	0	1	1	0	0	2	1	0	3	6	1	0	1	1	2	3	2	0	1	1	4	1	7	3	0	1	2	1
o314	0	4	1	0	1	2	4	3	0	0	1	1	1	2	2	2	0	4	0	2	0	1	1	2	4	1	0	0	2	3	2	0	1	1	0	0	1	0	4	2	1	1	1	0	5	0	0	0	3	5	2	0	0	4	1	2	1	3	2	2	3	0	1	1	2	0	1	2	1	0	4	3	3	0	4	0	2	1	0	0
o315	0	1	6	0	0	0	0	3	0	1	2	0	1	0	4	0	5	2	0	1	2	1	0	4	0	0	2	1	2	1	1	0	2	0	0	0	2	0	2	1	4	0	0	3	1	3	0	1	5	1	2	1	2	1	1	0	1	0	3	0	3	0	1	5	3	0	0	0	9	0	0	3	1	1	0	2	0	0	0	1
o316	0	2	0	1	2	2	3	5	1	2	0	1	1	1	0	0	1	2	1	0	0	3	0	3	5	2	1	2	2	5	5	1	4	0	4	2	0	0	0	2	2	5	0	2	1	1	0	0	1	0	0	6	0	0	0	0	4	0	0	0	1	1	3	0	1	2	0	0	1	0	1	1	0	2	0	5	0	0	0	5
o317	0	4	1	0	1	0	1	4	0	2	0	3	1	3	6	1	1	2	0	0	2	1	1	3	1	1	3	1	2	0	2	1	0	1	0	0	0	0	5	0	0	1	0	5	1	6	4	0	0	1	0	0	3	1	1	0	0	3	0	0	0	0	1	2	6	0	2	1	0	7	0	3	3	0	3	1	0	1	0	4
o318	1	0	1	1	2	1	4	0	0	1	0	2	2	5	0	5	4	0	1	3	2	5	1	0	3	2	0	4	0	1	0	0	4	3	0	2	2	2	3	0	0	4	2	7	0	0	3	1	0	0	0	0	3	1	1	1	0	1	1	0	0	1	1	1	0	0	1	4	2	0	0	0	1	2	1	2	2	0	3	0
o319	0	0	0	1	2	0	4	0	2	1	3	1	1	0	3	0	5	1	0	7	2	5	2	1	1	3	0	0	3	3	1	2	0	0	2	2	2	0	0	0	1	8	0	2	0	0	5	0	1	1	0	4	0	1	1	5	3	2	3	0	3	0	3	1	0	2	0	0	1	0	0	1	0	1	4	0	1	0	2	0
o320	0	0	3	1	0	0	1	0	2	2	0	2	0	1	0	0	2	4	0	0	0	2	3	4	2	0	1	2	0	1	3	0	0	2	2	6	2	2	2	3	0	0	0	0	1	0	3	5	0	4	0	1	4	1	0	0	0	1	0	0	1	2	7	0	3	6	10	2	3	3	4	0	0	3	1	0	0	0	4	1
o321	1	2	3	1	0	0	0	1	0	0	0	1	0	1	1	1	1	5	0	8	3	1	0	1	0	2	1	1	1	4	2	3	0	0	0	0	1	0	0	0	2	6	0	2	1	0	0	0	0	2	0	0	0	2	1	5	0	3	0	0	0	2	0	0	7	0	4	4	0	1	0	0	2	0	1	2	0	0	4	4
o322	2	1	2	0	2	3	3	1	5	4	0	1	1	1	2	2	4	2	1	7	3	0	1	0	2	1	0	3	2	0	1	0	0	0	0	0	2	1	0	2	0	1	3	1	0	0	5	5	4	2	3	3	4	6	0	3	1	0	7	1	1	1	0	3	3	6	2	2	0	3	0	1	0	0	2	2	6	1	1	1
o323	4	2	0	1	0	4	0	1	0	0	2	2	0	2	5	1	5	4	3	0	4	0	2	3	3	4	1	2	1	3	1	0	0	0	0	4	0	4	0	9	2	1	1	1	1	0	1	3	0	1	0	0	0	2	0	1	0	2	0	3	6	1	2	0	2	0	0	4	1	1	2	2	2	0	0	3	0	3	0	0
o324	2	1	5	4	0	1	0	3	4	3	1	0	1	1	0	0	4	1	1	0	0	0	1	1	1	2	2	5	1	2	3	2	1	1	0	0	1	1	0	0	0	1	0	1	9	5	0	1	0	0	0	3	0	0	2	1	0	3	3	0	0	0	1	1	3	1	3	0	5	3	2	2	2	0	0	7	2	5	3	6
o325	1	1	3	0	1	1	1	0	0	3	0	2	1	2	1	0	1	2	3	0	1	1	0	1	5	0	0	2	0	0	2	1	0	3	0	2	0	7	1	1	0	0	0	1	0	0	0	0	5	0	1	0	2	0	0	0	0	1	6	0	0	3	2	1	3	5	0	1	0	2	0	2	0	0	3	1	1	0	0	2
o326	0	4	1	0	1	0	4	0	0	1	0	3	0	0	1	3	2	4	2	1	2	6	4	3	0	2	0	3	1	4	1	2	0	1	0	0	0	6	3	5	0	3	0	3	2	1	0	1	1	3	5	3	2	1	4	2	1	1	0	2	1	0	1	0	2	0	0	2	4	3	1	0	1	5	0	1	1	1	5	0
o327	3	2	2	0	0	4	0	4	0	2	3	2	0	1	2	2	2	4	6	4	0	3	0	7	1	1	0	2	0	2	2	5	9	1	3	4	0	0	1	2	2	2	2	2	2	7	0	2	0	0	1	1	0	0	1	0	2	2	1	0	0	0	5	3	1	1	0	1	0	3	0	0	3	1	1	1	1	0	0	3
o328	5	2	1	0	1	0	1	0	1	1	0	4	1	0	0	4	0	0	4	0	0	1	0	0	1	1	1	2	0	5	6	0	0	0	1	0	2	0	0	4	0	1	0	1	0	3	0	2	1	1	5	0	2	3	1	2	0	3	0	1	3	1	1	1	1	3	0	2	2	2	1	1	0	1	0	0	0	1	1	0
o329	2	0	1	1	2	2	0	2	1	1	2	0	4	0	1	0	1	0	1	0	0	1	1	7	1	2	4	1	1	2	1	3	0	0	0	3	3	5	2	1	1	2	1	4	1	0	0	0	1	0	1	0	0	0	1	0	2	0	2	0	0	3	1	1	2	1	3	0	1	2	1	0	0	2	0	0	0	0	0	1
o330	0	2	1	5	0	5	0	2	0	0	0	1	0	6	4	1	4	2	2	6	2	0	0	1	2	1	0	1	0	3	2	4	3	7	0	0	0	4	1	6	5	0	6	1	1	0	2	2	1	2	1	0	3	1	0	0	0	0	2	1	0	0	0	1	0	3	1	5	1	2	1	0	1	3	1	0	3	2	5	2
o331	0	0	0	0	0	0	1	1	0	0	0	0	0	0	0	1	2	0	0	0	0	0	1	0	0	1	2	0	1	2	1	0	1	1	1	0	4	2	3	3	1	0	4	0	0	5	0	2	1	2	3	1	2	1	0	1	2	0	0	0	0	0	0	0	0	3	0	2	0	0	2	0	0	6	2	0	1	0	7	1
o332	0	0	0	1	0	1	0	0	1	3	1	0	5	0	2	0	0	0	0	0	0	0	0	1	0	2	2	2	1	1	0	2	2	1	2	0	4	0	2	4	0	1	4	5	0	0	1	8	3	2	0	0	0	0	0	2	1	1	0	3	0	0	0	0	0	1	0	0	6	3	0	0	0	0	6	3	2	0	0	0
o333	0	4	3	2	2	0	0	5	1	0	0	3	0	0	2	3	0	0	5	0	2	5	7	1	0	3	0	1	0	1	4	0	0	1	0	5	1	3	0	3	0	2	3	0	4	5	0	3	1	2	0	1	3	1	3	0	2	0	2	7	0	1	3	0	1	0	0	4	2	2	2	0	0	5	2	3	0	1	3	3
o334	3	1	3	1	2	2	1	5	0	2	1	0	0	0	2	2	0	0	0	4	0	1	0	2	0	0	0	1	0	3	0	0	0	7	0	1	0	2	1	4	2	5	2	0	1	0	4	1	1	2	0	2	2	3	9	3	3	2	2	1	0	0	3	3	2	3	1	2	0	1	0	4	0	0	5	0	0	1	1	1
o335	2	5	3	2	1	2	0	2	5	4	0	1	7	0	1	1	2	5	2	0	0	4	1	2	1	0	2	2	0	1	1	1	1	0	0	1	0	2	2	5	2	1	2	0	1	1	5	2	0	4	0	0	0	5	2	0	2	3	5	5	1	0	1	1	3	2	0	2	1	4	1	0	2	2	4	0	3	1	5	0
o336	0	5	0	2	0	0	0	0	1	1	2	0	3	3	2	2	1	0	3	4	0	1	0	3	5	1	1	0	3	1	2	6	0	0	0	0	0	2	0	4	0	2	1	0	0	3	3	1	0	0	0	1	7	2	0	0	1	1	3	2	1	2	3	2	0	0	4	2	4	0	0	0	0	0	2	1	0	0	6	4
o337	2	4	1	1	0	2	1	2	4	2	2	2	1	4	2	0	2	0	2	6	0	3	1	0	4	2	0	3	1	0	0	0	4	0	0	1	1	2	1	1	1	5	4	1	1	1	0	1	1	0	1	0	1	0	0	0	3	1	0	0	0	4	4	1	3	3	3	0	0	1	2	0	1	3	0	1	1	6	1	6
o338	0	1	5	1	2	0	4	1	0	0	1	0	1	3	1	0	1	5	0	1	1	1	0	0	0	0	0	4	3	1	3	1	0	0	1	0	0	3	4	4	8	2	2	1	1	0	3	1	4	0	1	5	3	0	1	2	0	2	0	1	7	3	0	4	5	2	1	1	0	0	0	2	1	1	0	1	0	0	0	3
o339	1	0	2	1	2	0	1	6	1	0	4	2	3	1	2	0	0	4	5	0	3	0	4	0	6	0	4	1	0	2	3	5	0	1	1	3	2	4	4	0	1	0	0	0	0	0	0	1	0	4	1	0	2	0	2	3	0	4	2	2	1	2	0	0	4	0	1	1	0	6	1	0	2	0	2	3	0	0	2	0
o340	2	0	1	2	0	0	2	3	1	0	0	3	1	4	0	0	4	2	0	2	0	3	1	0	1	1	6	3	3	1	4	1	4	0	4	2	3	0	0	0	2	5	7	5	3	1	1	0	4	1	2	1	2	3	1	1	5	0	5	1	2	2	1	3	0	0	3	1	2	1	1	0	0	0	1	0	2	1	0	4
o341	5	0	1	4	0	2	0	4	3	2	0	6	1	2	0	4	1	1	0	2	0	0	2	0	0	0	4	4	2	2	0	1	3	1	2	2	3	0	2	2	1	2	1	0	0	3	0	2	5	3	1	1	0	0	4	4	0	1	1	2	4	2	1	1	0	2	1	1	2	3	1	0	0	0	3	2	1	1	2	2
o342	0	2	0	3	3	0	1	2	0	3	0	0	3	0	1	4	2	0	0	5	2	6	0	2	1	2	2	3	5	2	5	0	3	0	0	4	0	0	2	7	0	1	4	1	1	0	0	0	0	0	0	4	3	5	2	2	0	0	0	0	0	0	0	2	1	1	1	1	0	0	2	6	1	2	1	0	0	5	4	1
o343	6	1	1	0	4	5	2	1	1	2	1	0	1	2	1	4	0	2	0	0	0	0	0	0	0	0	2	0	2	0	3	1	2	0	6	0	1	7	1	1	0	0	0	2	0	1	0	2	3	0	0	3	3	0	0	2	2	1	2	1	2	0	0	1	2	1	2	2	2	0	0	4	1	1	0	0	0	3	0	1
o344	5	0	1	1	1	3	6	0	0	4	5	0	2	0	0	5	5	0	1	1	5	0	4	0	1	2	7	1	2	1	0	0	2	3	1	0	8	3	0	0	2	1	4	1	1	1	0	5	0	2	0	2	3	1	7	4	1	0	4	2	0	1	0	1	7	1	3	0	1	0	8	2	1	1	2	0	0	0	1	1
o345	1	0	0	1	0	0	0	1	3	0	5	1	4	2	0	1	0	3	0	0	0	0	2	1	0	0	3	0	2	1	0	0	1	2	2	2	0	0	2	3	0	1	0	0	3	3	3	1	1	6	0	1	0	0	1	0	0	4	1	2	0	0	0	0	6	0	0	0	0	2	2	4	1	1	0	1	1	0	1	0
o346	1	5	1	0	1	0	2	0	1	3	3	4	3	2	0	0	0	1	1	0	1	0	5	0	0	2	0	0	5	0	2	0	1	1	6	2	1	3	0	5	0	2	1	2	1	1	4	0	3	0	0	0	2	0	1	0	2	0	1	2	0	0	0	0	0	3	0	1	4	2	0	1	0	0	6	4	4	3	0	5
o347	1	2	3	2	0	3	0	0	0	0	0	1	0	1	2	1	0	1	0	0	3	1	2	3	1	2	0	0	0	0	1	2	3	2	0	3	0	5	1	2	1	0	2	3	1	1	0	0	1	1	1	1	0	2	3	8	6	0	1	1	2	0	3	0	1	1	1	8	9	0	0	0	3	2	2	0	0	3	1	0
o348	4	1	0	0	6	4	4	0	5	3	0	0	0	2	0	4	2	0	4	0	0	0	4	0	1	3	1	1	4	1	2	0	1	0	1	4	3	0	1	0	2	1	2	4	0	3	0	0	5	5	3	0	2	2	3	0	0	3	1	0	1	1	4	3	1	1	1	2	1	6	0	0	3	1	1	2	0	3	1	1
o349	0	1	0	3	4	1	1	0	1	0	3	4	1	2	3	0	2	0	0	0	0	2	2	3	2	0	0	3	0	0	0	3	0	2	0	0	0	4	3	4	2	6	5	0	7	1	0	2	0	1	0	4	3	0	7	0	1	0	0	0	2	1	2	1	3	1	0	2	1	4	0	0	2	0	2	3	1	0	1	0
o350	7	0	0	1	2	1	1	5	1	3	2	0	3	1	3	5	1	1	2	2	1	0	2	3	0	1	4	3	0	2	4	2	2	3	1	2	2	4	1	0	3	2	7	6	0	1	2	0	1	2	1	0	0	3	0	2	0	0	0	1	2	3	0	1	1	0	3	3	0	1	0	0	7	2	0	1	3	3	1	0
o351	0	3	1	2	2	0	2	2	1	2	0	2	1	2	2	1	2	0	1	0	2	1	1	1	1	0	1	5	3	1	0	0	2	0	2	0	0	1	2	1	3	0	2	3	1	4	1	2	0	0	2	1	5	0	5	0	0	0	2	2	4	0	0	1	2	5	0	0	0	2	0	0	1	0	0	0	0	1	2	0
o352	1	2	2	0	2	1	5	0	2	0	1	2	0	1	0	1	0	1	1	4	0	5	0	0	1	1	1	3	0	2	0	0	3	0	0	0	1	1	0	1	2	3	0	1	1	2	3	1	1	2	2	3	0	0	0	2	0	3	3	1	2	4	1	1	0	3	3	0	2	2	0	0	0	0	2	3	0	0	0	1
o353	1	2	2	3	2	0	1	0	2	0	1	2	0	0	1	0	0	3	0	0	0	0	7	0	1	1	0	0	1	2	1	1	2	0	1	0	0	2	0	1	4	1	0	1	0	1	0	0	1	2	0	4	0	4	2	1	0	1	1	4	0	0	0	1	2	1	0	1	2	2	7	2	0	0	1	2	2	0	4	1
o354	0	0	0	1	2	2	4	0	0	0	1	0	3	7	3	1	0	2	2	4	2	2	2	0	4	0	4	2	0	3	2	2	0	2	1	0	0	1	0	0	2	2	4	2	7	1	0	0	1	0	3	0	0	0	4	2	2	2	0	2	2	2	3	0	1	0	1	0	3	0	1	1	2	0	1	3	0	1	1	0
o355	0	1	2	5	2	4	1	1	0	1	1	2	0	2	0	4	1	1	2	0	2	1	2	1	3	0	1	1	0	1	0	1	0	0	3	2	0	4	0	3	1	1	1	2	4	1	2	1	1	2	2	2	1	2	1	1	1	2	0	2	0	0	1	0	0	4	0	1	3	1	3	2	2	1	3	0	3	3	0	1
o356	1	2	3	2	1	1	1	1	3	0	0	1	3	0	2	4	2	1	0	3	2	0	0	4	1	1	1	0	5	2	0	9	2	0	1	0	2	1	3	2	0	2	5	1	0	0	4	0	1	0	0	1	3	1	0	0	5	1	4	4	0	3	1	1	4	3	3	0	0	2	0	1	0	2	0	3	1	0	5	2
o357	1	1	0	2	2	2	2	0	1	0	1	4	0	0	0	1	1	4	0	0	4	1	0	0	1	0	0	3	0	2	1	0	0	1	1	3	0	0	2	2	0	0	1	2	2	1	1	0	3	1	2	2	4	0	2	6	2	2	3	2	0	4	0	3	1	1	3	5	0	0	1	1	0	0	3	1	0	0	1	0
o358	4	0	0	4	0	4	3	3	1	2	0	2	2	5	1	0	2	0	2	2	1	2	1	5	1	0	1	1	3	0	1	1	0	0	1	0	0	1	2	2	4	1	4	1	0	1	3	6	0	0	6	0	1	0	2	0	1	0	1	3	1	3	6	0	1	2	4	1	2	1	0	2	1	0	0	1	6	3	1	2
o359	3	0	0	4	3	2	0	4	0	1	0	2	0	1	0	2	3	0	1	0	0	1	0	0	0	1	0	2	0	1	0	4	2	0	0	2	1	3	1	0	0	2	1	0	0	2	1	3	3	0	2	0	0	0	3	0	0	3	2	2	0	0	2	3	1	3	1	0	2	0	3	4	1	0	0	1	5	2	2	1
o360	0	0	0	1	2	2	0	1	3	8	0	1	0	0	2	0	1	1	1	0	4	0	0	1	0	0	1	1	4	4	2	2	3	0	4	3	2	2	1	5	2	2	0	2	0	1	4	0	5	1	2	0	0	3	0	0	1	0	0	0	2	0	5	1	1	0	3	1	1	4	0	0	1	0	2	4	2	5	3	1
o361	0	1	1	2	2	2	0	0	0	0	1	0	0	1	1	1	0	2	1	0	4	0	1	3	1	1	0	7	0	2	3	2	3	1	2	2	0	0	0	0	1	0	2	1	2	3	0	4	2	1	0	6	3	1	2	0	5	0	0	1	4	2	0	2	0	0	0	2	2	0	3	0	3	0	0	0	1	4	0	0
o362	4	0	2	1	2	0	0	0	6	0	0	9	4	0	4	0	7	1	1	1	8	0	1	0	1	2	2	2	0	2	5	0	0	1	3	0	7	1	0	1	0	3	0	0	0	1	3	1	0	0	5	0	0	7	0	2	1	3	0	4	3	0	2	1	1	0	1	3	5	0	2	3	0	0	0	3	1	0	1	1
o363	1	2	1	2	1	1	1	2	2	1	2	5	4	5	6	0	2	0	4	1	2	0	0	3	1	0	0	0	1	1	5	1	1	0	0	3	0	2	0	0	1	5	2	1	2	1	0	4	0	0	0	2	9	0	2	0	1	0	3	4	0	3	2	0	1	1	2	1	2	1	2	1	3	2	0	2	0	0	4	1
o364	1	0	1	0	1	0	0	0	2	0	1	5	0	0	1	2	3	0	0	2	3	1	2	0	0	3	1	8	0	0	0	1	2	6	2	2	0	0	0	1	3	2	0	0	2	1	4	4	0	1	5	1	4	0	0	0	2	2	1	0	2	0	1	4	1	0	1	2	4	1	4	2	1	2	0	1	0	6	1	0
o365	6	4	2	5	3	2	1	0	0	1	0	4	1	0	0	7	1	3	5	2	0	1	0	0	1	4	0	0	1	0	1	2	0	2	3	0	3	1	2	2	0	0	3	1	1	1	0	4	0	0	8	0	1	0	1	3	4	3	5	2	0	2	1	0	0	3	0	3	1	1	0	1	1	0	2	0	0	1	2	5
o366	0	2	3	4	2	4	1	1	0	2	4	1	0	0	1	0	1	3	0	1	2	2	2	3	1	4	3	0	2	2	1	0	7	2	0	6	0	1	2	1	0	2	0	1	0	0	1	3	0	1	5	0	0	1	1	1	3	2	0	2	3	1	0	0	0	2	1	0	0	0	2	0	0	0	0	3	0	8	3	1
o367	0	3	3	0	1	0	1	0	6	0	0	0	3	2	1	0	3	1	0	1	1	1	0	0	0	0	0	3	0	3	0	0	0	0	4	0	2	1	0	3	3	4	1	0	1	0	0	1	1	2	0	0	0	0	4	0	1	1	0	3	0	2	0	4	1	5	0	0	2	2	0	0	0	0	4	3	2	1	0	0
o368	1	0	1	1	4	0	0	0	1	0	0	2	3	2	6	0	1	1	1	0	2	6	0	0	0	0	0	0	2	3	0	5	1	5	8	0	5	0	1	2	0	2	2	1	0	0	2	2	1	1	0	0	4	1	0	4	2	0	2	1	0	2	1	3	0	1	4	1	0	0	0	2	2	1	0	5	0	6	0	3
o369	4	0	1	0	3	1	1	0	3	2	1	0	5	4	5	2	1	1	2	0	0	1	0	0	8	0	3	3	1	1	5	1	5	2	2	2	0	0	2	2	2	2	1	3	0	0	3	0	4	1	0	3	1	3	5	0	2	2	0	0	0	2	1	0	2	1	3	4	3	0	1	0	1	1	3	2	0	0	0	3
o370	0	1	1	3	0	0	3	0	3	1	1	2	0	2	2	0	0	0	0	6	0	0	1	2	0	0	0	0	0	0	5	4	0	1	0	0	3	0	0	5	2	2	4	1	0	1	5	5	6	3	1	1	2	1	1	0	1	3	1	0	5	2	1	3	2	1	0	2	0	4	0	2	0	2	4	0	0	4	2	0
o371	1	0	0	1	6	0	1	0	0	2	3	0	3	5	1	0	1	3	0	5	1	1	6	7	0	4	3	0	0	0	3	0	5	1	3	0	1	1	0	0	4	3	1	0	1	1	3	1	1	1	1	2	1	0	2	3	2	2	0	4	0	6	2	0	0	1	0	3	1	0	0	4	3	3	3	2	0	4	1	1
o372	0	1	3	0	1	0	0	0	0	3	0	1	1	0	0	1	1	2	4	2	2	0	1	0	0	1	1	0	2	0	4	2	2	1	2	1	1	0	0	3	1	1	3	1	0	0	1	1	1	3	6	0	2	0	2	4	1	1	3	2	1	0	1	1	2	6	0	4	0	5	0	1	1	0	1	5	2	2	0	1
o373	2	0	1	4	2	0	1	0	0	1	1	3	1	2	0	1	0	0	1	3	3	1	4	0	0	0	0	3	3	2	2	0	4	0	0	2	0	3	0	2	0	1	0	3	0	0	0	2	2	4	5	2	3	0	0	3	2	0	0	0	4	0	1	1	2	2	1	0	2	1	2	0	0	0	1	3	0	6	1	0
o374	1	0	0	2	4	0	7	2	1	0	3	0	0	4	3	4	0	1	0	1	1	0	1	0	0	1	4	3	0	0	1	1	0	4	0	3	0	4	0	2	2	1	4	0	0	3	4	5	0	2	4	0	0	0	0	0	0	0	2	3	2	0	0	1	2	1	1	0	0	3	2	3	1	4	0	7	3	2	0	2
o375	6	2	1	0	1	0	5	0	4	1	1	0	1	0	0	2	5	1	2	5	1	2	3	5	1	0	1	1	3	1	0	2	0	1	1	2	1	2	0	2	0	0	3	3	0	0	0	0	3	0	0	0	0	4	3	1	0	2	0	5	4	2	0	3	0	5	0	0	1	0	3	3	1	2	2	1	4	3	0	1
o376	0	1	1	2	2	5	5	0	1	2	3	3	3	1	2	0	1	0	2	3	2	1	2	0	0	3	5	2	4	1	3	2	0	0	2	1	1	0	1	4	3	3	3	0	0	1	1	2	2	1	0	2	1	0	1	3	1	3	0	2	0	0	1	2	2	2	0	1	2	0	0	1	2	1	0	1	2	1	0	2
o377	1	0	0	2	1	1	0	1	4	3	1	2	3	2	2	4	3	3	1	0	1	4	4	1	0	0	4	6	3	1	1	2	6	1	3	2	1	0	2	0	2	3	0	0	2	3	1	6	0	1	1	0	2	0	4	0	0	2	4	0	3	0	0	2	0	0	0	1	0	3	1	0	0	0	5	2	3	0	1	5
o378	0	2	3	3	1	0	2	0	0	0	2	5	5	2	0	3	1	7	6	7	2	1	0	4	3	0	5	0	1	4	2	2	2	3	1	2	2	4	0	0	4	4	1	0	3	8	0	0	1	2	0	1	4	2	0	0	4	4	0	6	5	1	3	0	1	0	0	3	0	2	0	0	0	6	3	5	0	0	0	0
o379	2	0	5	2	0	4	1	2	4	2	2	2	0	1	0	0	2	4	1	2	1	4	0	1	0	1	0	2	1	0	1	0	3	0	0	2	0	4	0	2	2	0	3	3	0	1	3	4	2	0	2	0	0	0	2	1	2	0	1	3	0	2	1	1	2	4	0	0	0	2	4	0	0	1	2	1	4	1	1	1
o380	0	1	8	0	0	2	0	2	4	2	0	1	1	2	2	1	6	0	0	3	0	0	3	0	0	6	0	1	0	0	1	1	1	3	0	2	0	0	2	2	1	2	1	3	0	2	4	0	3	2	5	2	0	0	2	4	5	0	3	1	3	2	1	1	2	0	4	5	1	5	1	2	0	0	2	4	0	0	0	1
o381	2	0	0	2	1	5	1	5	1	1	2	1	1	2	1	1	1	0	1	0	7	1	0	0	3	0	1	3	1	2	1	1	0	1	1	3	1	1	9	2	0	2	0	0	1	0	0	1	0	3	2	4	0	4	0	4	0	0	1	2	2	1	0	2	0	0	0	1	5	0	2	3	0	1	7	1	0	0	1	0
o382	1	3	0	4	0	3	3	5	1	0	4	0	1	2	2	4	0	0	0	0	3	0	0	3	0	2	0	5	1	1	0	0	1	0	0	0	0	6	0	1	5	1	1	2	0	5	1	0	1	0	0	0	2	2	1	1	2	1	7	1	1	2	3	0	0	0	0	2	5	0	0	0	2	2	0	4	2	1	0	3
o383	0	4	1	0	5	3	0	1	1	4	1	0	3	3	4	0	0	0	0	0	0	1	1	0	0	1	0	1	4	0	1	2	1	1	0	3	1	1	3	2	0	2	1	1	1	0	0	2	2	0	4	1	1	0	0	0	2	2	1	1	3	1	0	0	0	0	0	1	0	3	3	2	1	0	0	1	1	3	1	0
o384	0	2	0	1	1	0	0	2	1	1	1	0	1	0	0	1	5	2	1	0	0	3	3	1	0	2	0	1	1	3	2	2	0	0	3	2	5	4	5	2	2	0	2	1	5	0	0	0	0	0	4	0	3	5	0	2	0	0	1	0	2	5	1	0	0	5	0	0	0	4	1	2	0	2	0	0	6	6	0	1
o385	1	4	3	0	5	0	0	2	0	0	0	3	1	0	2	0	1	1	0	1	1	1	4	1	1	2	5	0	0	0	0	2	0	1	1	0	0	1	1	0	2	0	0	0	0	0	0	1	2	0	2	4	2	0	1	2	1	1	1	1	0	0	6	3	0	0	1	4	1	3	0	2	4	2	2	1	3	1	0	0
o386	3	1	1	0	0	0	3	0	0	2	0	0	0	2	2	6	2	0	1	2	1	3	0	1	4	0	1	0	1	1	0	1	0	3	3	2	4	1	2	0	0	7	3	0	0	3	2	0	1	1	1	1	1	5	9	2	0	3	1	3	7	4	0	0	3	0	1	0	0	0	0	1	1	5	3	0	1	5	1	3
o387	5	0	0	1	4	0	1	0	3	0	0	3	1	5	0	0	0	1	0	1	3	1	2	0	0	2	2	3	2	1	2	3	0	0	4	1	0	0	7	1	0	1	0	1	3	4	5	1	0	1	1	0	0	0	2	1	3	3	3	3	2	3	0	3	0	0	0	4	0	0	0	4	0	2	0	0	6	0	0	0
o388	0	0	1	2	0	2	1	1	2	4	4	1	0	0	2	0	4	1	1	6	1	1	2	2	1	6	0	1	1	1	3	2	4	1	0	0	0	4	4	3	3	1	7	5	0	1	2	2	1	5	0	2	0	0	1	0	2	5	1	2	1	0	1	4	1	1	3	0	0	0	1	6	2	0	0	0	1	0	7	2
o389	0	7	1	0	0	5	0	4	0	1	1	2	1	0	0	0	5	1	7	1	0	2	6	2	1	0	2	0	1	0	4	2	0	0	2	0	0	1	0	0	2	2	1	0	0	0	2	1	4	0	1	1	2	0	1	3	2	0	4	2	2	0	1	4	0	3	5	0	1	2	0	0	1	1	0	0	2	0	1	1
o390	2	2	1	7	1	2	1	1	3	2	1	3	0	0	0	6	0	1	1	4	1	6	4	1	7	5	0	1	0	1	3	1	0	2	3	2	3	4	7	0	0	1	2	1	5	0	0	0	0	0	2	1	2	0	1	1	0	3	0	3	3	4	4	2	3	3	1	0	2	2	2	0	0	1	1	2	0	1	0	0
o391	0	2	4	3	0	2	4	0	4	0	5	1	0	4	0	0	0	0	1	1	1	1	6	1	2	1	2	1	0	0	0	1	2	4	0	4	0	1	2	0	1	4	1	2	3	3	1	1	0	0	2	1	1	3	1	2	0	0	1	0	1	0	0	1	3	1	2	2	1	1	3	3	2	2	0	1	0	3	2	0
o392	1	0	2	1	0	0	1	7	0	0	0	5	1	1	0	4	1	1	5	0	3	4	1	1	0	5	0	0	6	5	1	7	0	3	0	1	10	1	0	2	2	0	1	0	0	0	0	0	1	6	0	2	1	2	1	0	0	0	0	0	1	4	1	1	2	1	1	0	0	1	2	1	2	4	0	0	0	2	3	0
o393	5	2	0	1	2	0	0	0	0	3	1	0	1	0	1	1	2	0	8	0	0	0	0	1	1	1	0	2	2	0	1	0	3	0	0	2	0	2	1	5	0	0	0	1	1	0	0	1	2	0	2	0	0	1	2	4	0	1	0	1	2	2	2	0	0	1	2	3	0	0	0	2	0	0	4	0	0	3	4	1
o394	0	1	2	2	0	0	3	6	0	4	3	1	1	0	2	4	0	0	5	2	2	1	3	1	3	0	0	0	0	3	2	6	0	3	1	1	5	0	0	0	4	4	0	1	1	1	0	1	0	4	1	0	3	0	4	0	3	0	3	2	0	0	3	0	4	2	6	1	0	3	0	2	3	3	3	4	1	0	0	2
o395	0	0	1	8	0	0	0	5	1	2	0	4	2	2	0	0	1	0	1	3	7	0	0	1	3	0	1	2	5	0	5	1	1	2	0	1	0	0	3	1	2	1	1	2	0	2	1	2	1	0	0	1	0	2	2	1	0	4	0	0	0	3	1	0	3	1	2	2	5	1	0	0	0	1	0	3	2	2	4	4
o396	0	8	0	1	0	0	1	0	1	0	0	1	1	5	0	0	4	1	0	2	4	3	1	1	0	0	3	0	1	0	3	0	2	0	2	3	2	0	0	0	3	1	0	3	0	3	1	5	0	0	1	1	1	1	4	3	2	5	0	1	2	1	3	2	3	2	0	0	0	0	0	3	0	1	2	0	1	1	1	0
o397	0	0	1	1	3	3	0	2	1	0	5	3	2	3	4	0	0	0	3	0	3	2	2	0	0	3	0	0	0	1	2	3	4	1	3	2	5	0	6	0	2	0	2	1	2	2	0	1	6	2	1	2	0	1	0	3	1	0	0	0	0	2	0	1	0	2	2	0	1	2	3	0	0	4	2	0	0	0	1	1
o398	1	3	1	0	2	1	2	1	0	0	1	0	3	2	2	4	0	2	3	1	0	1	2	2	3	1	0	2	2	1	2	2	1	1	7	1	2	0	1	2	2	1	1	0	1	1	0	0	2	2	6	1	0	2	2	0	0	1	1	0	3	3	0	6	0	0	0	2	0	2	1	0	2	2	2	0	0	7	3	1
o399	1	1	1	0	6	4	7	6	6	5	0	1	0	0	2	5	0	3	0	1	0	1	3	3	0	1	1	0	6	0	3	2	5	0	0	3	1	3	0	2	1	1	1	2	6	2	1	0	0	0	3	0	1	2	0	0	1	0	0	1	1	3	1	7	0	5	0	5	1	1	1	3	1	1	0	2	1	0	4	1
o400	5	0	3	2	4	2	1	3	0	0	3	0	0	3	4	0	0	4	1	5	1	2	1	3	1	2	4	3	1	1	0	5	2	1	2	0	6	0	4	2	0	4	2	0	0	1	0	0	0	0	2	3	1	0	1	2	2	1	1	2	2	2	2	0	2	1	0	1	1	0	0	2	8	0	3	0	5	2	5	1
o401	2	1	0	4	0	1	1	0	1	1	1	1	0	0	0	3	1	3	0	0	1	1	0	1	1	0	1	0	2	3	3	0	0	2	3	1	6	1	0	3	6	0	0	0	1	1	0	3	1	0	1	0	0	2	1	0	0	6	2	2	1	0	4	3	4	0	0	4	0	5	0	2	3	0	0	0	7	1	0	2
o402	0	5	0	0	1	0	0	0	0	2	3	2	0	1	0	5	1	0	0	0	0	0	0	4	2	0	5	1	0	0	0	0	0	4	0	2	1	3	2	1	1	5	2	1	0	3	1	4	3	1	0	0	0	1	3	0	2	0	0	1	2	2	2	1	0	1	2	1	3	3	2	7	1	3	1	2	0	4	1	1
o403	0	2	5	1	2	0	3	4	3	5	0	0	3	4	0	0	0	1	0	1	2	2	0	1	0	0	0	0	3	4	6	2	0	1	6	0	1	3	1	0	2	0	0	1	3	4	1	0	1	1	5	2	4	0	3	0	1	2	0	6	2	4	3	0	5	1	0	1	0	2	3	2	1	1	1	3	0	2	4	5
o404	0	4	1	0	3	1	1	3	6	1	0	2	0	0	0	5	0	1	1	0	4	0	1	1	0	2	0	3	0	2	1	1	0	3	1	1	0	1	4	3	0	0	0	0	1	0	1	1	1	2	0	1	3	2	5	0	0	1	3	1	1	4	0	1	5	0	4	0	0	0	1	0	4	0	4	3	2	0	1	0
o405	1	2	1	1	1	2	1	0	0	0	1	0	2	2	1	0	0	4	0	0	2	8	2	0	2	0	2	7	1	2	0	4	0	1	0	1	0	2	1	2	1	5	1	0	0	0	2	2	1	3	4	3	2	2	2	1	0	0	1	7	4	0	5	0	4	3	1	4	0	4	1	0	0	0	0	0	2	2	1	2
o406	3	0	1	2	0	2	3	0	2	1	1	1	1	2	0	0	0	2	6	3	1	0	2	0	4	0	4	0	2	0	2	1	0	0	3	0	1	1	1	0	6	3	2	4	0	1	5	2	2	0	5	2	3	1	1	2	2	1	2	0	3	3	1	1	0	3	1	2	0	1	2	0	1	1	5	2	1	7	4	1
o407	1	2	2	4	0	0	4	1	2	5	0	5	0	0	0	0	0	2	1	0	0	7	3	1	1	1	1	4	0	1	4	1	1	1	4	3	1	1	0	1	2	5	3	1	0	0	2	1	0	1	0	5	0	1	0	4	1	1	3	0	2	0	3	0	3	0	0	2	3	0	2	2	0	5	0	5	0	1	4	0
o408	0	1	5	0	0	0	0	0	2	1	1	2	1	3	0	1	1	8	0	0	8	1	2	1	1	0	1	0	0	1	1	1	2	2	0	2	2	3	0	1	4	0	7	2	1	0	6	1	0	5	0	2	0	0	1	0	1	0	0	2	0	3	0	3	0	2	1	0	1	0	1	3	0	3	3	2	7	2	1	1
o409	1	0	1	0	1	0	0	4	0	0	0	0	1	0	0	3	3	4	1	5	5	0	0	0	1	2	1	0	2	0	0	0	0	1	2	2	0	1	1	2	0	2	0	0	1	5	0	1	4	0	6	1	0	2	0	0	1	0	3	0	9	0	2	1	2	3	1	2	1	0	2	0	0	6	1	0	3	1	0	0
o410	0	5	1	3	3	1	0	3	3	0	1	3	1	4	2	3	1	0	5	2	3	0	1	1	1	1	1	0	0	2	0	0	4	1	3	0	0	1	7	0	2	4	2	1	4	1	2	1	0	2	2	3	0	3	2	3	4	0	1	4	5	1	4	1	2	1	1	0	0	1	1	0	1	5	0	4	2	0	0	6
o411	0	0	0	1	5	0	3	4	1	3	1	2	0	3	0	9	3	2	3	0	2	1	0	0	0	0	1	1	0	2	1	6	1	0	0	0	4	2	0	0	0	0	3	0	0	0	2	0	1	4	0	2	2	1	0	1	1	2	0	0	2	2	2	0	2	0	10	2	0	0	0	3	2	3	0	0	2	1	1	0
o412	0	1	0	0	2	1	1	5	4	5	7	0	0	2	0	4	2	0	1	0	1	0	0	0	2	0	0	0	1	0	1	0	1	0	2	2	3	6	1	0	0	0	1	1	3	3	2	1	2	3	2	0	4	1	0	0	4	2	2	0	0	0	1	0	0	5	1	0	1	1	0	2	3	6	0	1	3	0	0	3
o413	0	0	0	1	4	0	1	3	1	3	0	0	0	0	7	3	0	0	1	0	1	3	0	3	0	0	1	1	2	2	1	0	3	2	2	2	5	2	0	1	0	0	4	0	1	0	1	1	5	2	1	1	3	0	0	0	0	0	3	6	2	2	3	1	0	0	1	0	0	1	1	0	0	0	0	4	0	0	0	4
o414	3	2	0	0	0	1	2	4	4	0	0	2	5	0	0	1	4	4	1	1	0	1	2	1	0	0	2	0	3	0	2	0	0	3	7	0	1	2	0	2	0	1	0	0	2	1	0	4	0	0	4	5	0	2	0	4	0	1	2	2	0	0	3	1	0	4	0	0	5	3	1	1	3	2	1	0	2	0	2	0
o415	2	1	1	0	0	0	2	2	3	3	1	0	3	1	0	3	3	1	0	2	2	1	3	0	4	0	2	1	0	4	0	0	0	0	6	0	2	2	0	0	0	0	0	2	0	1	1	1	1	2	0	1	1	2	4	0	1	2	1	6	2	4	2	2	0	1	0	0	0	2	0	1	1	0	1	0	5	4	0	0
o416	0	0	1	0	1	0	0	3	0	0	1	0	0	1	0	0	1	0	1	5	0	3	6	3	0	5	0	1	1	2	2	2	1	0	0	0	2	0	2	1	0	0	5	2	2	1	1	6	0	0	3	0	0	2	1	0	1	0	1	1	3	4	1	0	2	1	4	0	3	0	2	3	2	1	2	2	4	2	0	0
o417	0	3	5	4	0	0	0	4	5	1	0	3	0	1	5	4	0	2	0	0	2	2	2	0	2	0	0	1	0	3	0	4	4	3	2	2	4	0	3	1	3	1	0	3	1	1	1	0	1	1	1	0	4	1	0	0	0	1	0	2	1	0	1	0	0	0	0	7	2	3	0	3	1	4	2	0	3	1	0	1
o418	4	3	0	1	2	2	0	3	4	0	4	5	0	1	3	1	1	2	1	4	1	0	0	3	0	1	1	0	0	1	0	1	3	4	2	0	0	0	2	0	1	2	0	1	0	0	0	0	1	2	2	1	0	3	1	0	0	2	0	6	3	0	1	1	4	1	0	8	0	1	2	0	0	3	1	1	2	0	0	0
o419	1	2	1	0	0	0	0	0	1	2	2	2	1	2	3	2	0	1	3	2	1	3	1	4	1	4	1	4	2	1	1	2	0	1	3	1	4	2	0	0	1	1	0	3	1	1	2	3	7	1	0	1	5	2	0	2	4	1	1	3	2	0	0	0	0	0	0	5	0	1	0	0	1	2	1	4	1	0	2	0
o420	2	3	0	0	2	2	0	1	1	2	0	0	0	2	0	2	0	3	1	2	1	1	3	0	0	0	2	0	2	2	2	2	2	1	7	1	2	0	2	2	0	0	0	1	0	1	1	3	0	0	4	0	5	1	5	0	0	1	3	0	0	1	2	3	2	0	0	1	5	6	2	1	1	0	0	2	3	1	1	1
o421	1	0	1	0	2	3	5	2	1	1	1	0	1	0	1	1	0	2	0	0	0	1	0	2	0	1	2	2	1	3	1	3	0	5	2	0	2	4	2	3	6	0	3	3	1	0	2	0	2	5	0	0	1	4	0	0	3	0	0	1	2	1	0	1	4	1	1	0	4	4	6	7	0	2	0	0	1	2	2	1
o422	1	1	3	0	1	1	0	3	0	0	0	1	1	1	4	1	1	2	1	3	5	1	3	0	0	1	1	4	0	1	0	0	4	1	0	2	0	1	2	1	2	4	3	1	0	0	3	0	0	5	1	0	0	2	1	2	0	0	0	2	4	2	3	5	2	1	1	2	0	0	0	1	0	0	0	1	3	1	2	7
o423	4	2	0	0	1	0	0	1	1	0	3	0	0	1	5	6	3	0	0	0	1	4	1	0	5	0	0	5	0	4	0	0	0	0	2	0	2	4	0	2	3	1	1	0	6	4	4	0	0	2	5	0	1	1	0	2	0	0	0	3	0	2	0	0	0	1	1	2	1	1	1	3	0	2	1	4	3	4	2	4
o424	0	2	1	0	1	0	1	2	1	3	0	0	0	0	0	1	1	4	2	2	1	1	0	0	2	2	0	0	0	0	0	2	3	1	2	0	0	1	0	1	0	2	4	4	0	0	6	0	0	0	1	1	1	0	4	0	0	4	2	0	0	0	0	1	0	1	1	4	1	2	4	0	2	1	0	1	2	0	0	1
o425	1	0	1	1	1	4	1	0	0	0	2	3	0	3	0	1	3	4	1	1	1	1	1	0	3	0	0	5	0	1	3	3	5	0	2	1	5	1	1	0	1	1	0	1	1	2	4	0	4	3	6	2	2	0	0	1	3	1	1	0	1	0	0	7	1	6	0	0	0	2	2	1	1	0	0	5	3	0	0	0
o426	0	1	5	0	0	0	7	0	1	0	1	4	0	0	0	0	0	2	1	4	5	2	1	1	0	1	2	1	1	1	2	0	2	0	0	0	3	0	0	3	4	0	2	6	3	1	0	1	0	3	0	2	0	1	1	3	3	2	0	0	6	1	1	0	4	5	2	0	0	0	0	0	0	0	0	0	0	2	4	3
o427	1	2	3	1	0	5	0	0	1	0	0	0	1	1	3	3	1	1	0	3	2	4	4	0	1	5	4	0	0	2	0	2	3	0	0	1	3	1	0	2	1	0	1	1	4	0	1	0	0	1	2	0	0	0	3	2	1	1	1	4	0	1	1	0	0	0	1	0	0	0	0	4	0	1	1	2	1	0	6	1
o428	1	2	1	1	0	0	4	0	3	0	1	1	0	3	6	1	1	1	2	0	2	3	1	0	2	3	2	1	0	4	2	3	0	1	1	1	1	0	2	3	6	1	0	5	0	4	3	5	0	0	1	0	3	1	3	0	1	1	1	0	3	0	1	0	2	1	0	0	0	1	0	0	0	0	0	4	6	0	6	1
o429	3	1	3	2	3	4	1	1	6	2	0	1	2	3	2	2	0	3	1	0	7	1	1	2	2	5	5	1	1	2	0	0	0	0	2	3	4	1	0	5	0	1	1	7	2	0	1	4	0	0	2	1	2	0	1	0	3	1	0	3	2	6	0	0	1	2	0	0	0	0	0	1	7	0	0	2	0	2	1	0
o430	0	1	0	0	0	1	1	3	2	3	1	3	6	1	0	0	2	0	3	0	2	1	1	1	1	5	0	7	2	1	1	0	0	4	0	0	2	1	1	6	3	1	0	2	1	2	0	0	3	1	5	1	2	1	3	0	0	1	0	1	0	1	3	0	3	3	0	2	1	0	2	0	0	2	0	1	2	0	0	1
o431	0	2	4	2	3	1	1	0	0	1	2	0	2	0	2	1	2	0	1	2	0	7	1	0	1	0	0	3	0	4	0	2	0	0	0	0	1	1	9	1	0	0	2	1	2	3	0	3	3	0	5	1	2	1	1	2	3	0	0	0	1	0	3	0	0	1	2	0	0	1	2	0	0	0	1	2	2	0	0	1
o432	1	0	5	0	2	0	0	4	1	0	0	3	8	2	2	2	0	2	3	0	0	5	3	2	2	0	3	4	0	1	1	0	3	3	1	0	2	0	7	0	1	4	1	1	0	0	1	0	3	2	1	2	0	0	0	0	0	0	3	1	0	8	0	0	3	2	1	0	0	2	1	0	1	1	1	5	4	1	2	3
o433	7	1	3	3	1	2	0	1	3	5	4	1	1	4	4	3	0	5	3	0	0	1	3	3	2	0	3	1	0	0	1	0	3	2	0	4	3	2	0	2	0	2	0	0	2	0	0	0	3	2	4	0	0	5	0	1	7	6	3	1	2	0	0	1	1	2	0	5	0	0	2	1	2	0	1	1	0	2	3	8
o434	0	1	1	0	1	2	0	1	3	1	0	0	0	4	0	1	0	1	4	0	1	1	0	1	3	2	0	4	0	0	1	2	0	0	2	1	2	1	0	2	0	3	0	3	0	0	0	0	3	2	1	0	1	0	1	4	2	4	0	0	0	2	1	1	3	4	1	0	3	0	2	3	4	0	0	0	1	5	0	1
o435	3	2	0	0	1	1	0	2	1	0	0	0	0	1	0	3	2	2	4	1	0	5	2	1	0	1	2	2	1	1	2	2	0	0	1	1	0	0	0	2	3	0	0	1	0	0	0	0	1	0	3	2	0	1	3	1	0	2	0	1	1	7	3	1	1	1	1	1	1	6	0	0	0	2	1	2	1	8	1	1
o436	0	4	0	1	6	1	7	2	4	1	0	1	0	0	2	3	0	0	1	1	0	1	0	1	1	2	1	3	0	2	2	1	0	0	6	2	0	0	3	0	3	0	3	1	0	2	6	2	0	1	0	1	0	3	0	4	0	0	1	2	3	0	0	3	0	1	1	1	2	4	2	5	2	4	1	0	3	0	1	1
o437	0	0	0	2	2	1	1	4	1	0	2	1	1	2	0	3	2	0	0	1	0	5	1	5	4	0	1	2	1	2	4	0	0	0	0	1	2	4	0	2	0	0	5	0	4	1	5	0	5	1	0	1	6	1	1	1	7	3	1	2	6	2	3	0	1	1	1	0	0	1	2	2	0	4	1	2	0	0	0	0
o438	2	1	0	4	1	1	1	0	0	5	0	2	1	3	1	0	0	0	0	0	3	0	1	4	0	2	2	1	0	0	1	5	2	0	2	0	1	4	2	1	3	0	0	5	0	1	0	4	1	0	3	3	1	0	4	1	3	2	4	3	1	0	0	0	3	0	3	1	0	1	1	0	3	2	0	5	0	0	0	0
o439	0	0	2	1	1	0	3	1	0	1	0	2	1	3	4	0	3	1	7	0	2	1	2	9	0	3	0	0	2	0	0	0	0	4	4	1	3	5	0	5	0	0	0	3	3	2	3	0	1	1	6	1	0	3	1	3	0	2	3	1	1	4	3	1	0	0	1	2	5	3	4	0	1	1	2	2	1	6	0	1
o440	3	0	1	2	0	2	3	5	0	6	0	2	1	1	1	0	0	1	0	4	4	1	1	0	0	0	2	4	4	0	0	1	3	1	4	0	2	0	0	0	4	1	0	0	0	1	0	0	0	0	0	4	0	0	7	0	10	5	1	0	2	0	1	2	1	4	3	0	1	0	0	0	2	3	1	0	0	1	0	0
o441	0	2	2	2	2	0	0	0	0	1	1	3	0	0	2	8	0	0	0	0	0	0	2	2	4	0	3	1	0	0	1	4	3	0	1	3	2	2	0	1	4	0	0	0	3	1	4	2	1	2	0	2	4	3	0	0	1	0	2	0	0	4	0	0	4	0	0	0	2	0	6	1	0	1	1	1	0	2	3	1
o442	0	4	0	0	0	0	4	0	8	3	0	2	3	0	0	0	2	0	0	2	0	2	0	0	2	0	3	2	1	4	0	1	1	0	0	8	1	3	0	0	0	2	0	2	2	0	0	3	2	2	3	0	0	1	0	3	1	0	2	2	1	2	4	1	1	5	1	0	2	5	2	0	1	1	0	3	0	2	0	1
o443	0	4	0	3	1	0	0	1	3	0	6	1	1	0	4	1	0	2	1	3	1	5	3	3	2	2	2	0	0	0	0	0	0	1	2	2	4	4	4	0	3	0	0	5	0	0	0	0	0	1	1	0	4	5	0	4	0	2	1	0	0	0	0	4	0	0	4	0	2	1	3	3	1	1	5	2	1	1	4	0
o444	2	3	1	0	0	0	3	0	3	2	1	4	0	5	0	3	1	2	0	0	3	1	6	1	0	4	0	1	0	5	0	9	0	0	0	0	0	6	1	0	3	2	0	7	5	1	1	3	0	4	1	5	0	0	1	0	0	0	1	1	3	2	0	0	0	1	0	2	2	0	0	0	0	1	0	4	1	1	6	2
o445	0	4	0	1	4	4	1	2	0	5	1	4	4	0	5	0	1	0	0	0	0	0	5	0	1	5	3	1	6	0	0	2	0	3	1	3	0	4	1	2	0	3	0	2	1	1	9	5	1	0	1	0	1	2	2	0	0	1	3	1	5	2	1	2	5	1	0	2	2	3	1	0	1	2	0	0	0	0	0	1
o446	3	0	2	2	1	1	0	2	0	0	2	2	0	0	1	5	4	1	3	2	5	3	1	3	1	3	6	0	1	3	0	0	3	2	0	2	1	0	6	2	0	0	2	1	3	3	1	0	1	3	0	0	1	2	1	1	0	0	6	2	0	2	0	0	0	0	1	0	2	0	3	0	2	0	0	3	5	0	4	0
o447	4	2	3	5	1	0	0	4	0	0	0	1	1	0	1	0	1	1	3	0	0	1	2	2	3	1	0	1	2	3	0	0	0	0	1	0	7	0	0	0	2	3	1	0	0	3	3	2	5	0	2	0	0	0	0	2	3	8	2	0	8	2	0	1	1	10	5	0	1	6	4	2	0	0	2	0	4	0	1	1
o448	0	0	0	0	0	0	0	2	3	0	0	1	0	2	1	1	2	0	0	1	0	3	2	0	0	0	5	2	2	3	2	1	2	0	0	1	3	0	3	0	0	2	1	0	1	1	8	3	1	0	4	1	2	1	0	2	1	2	1	1	0	4	4	0	0	0	1	0	4	1	2	2	0	2	0	2	0	1	2	0
o449	0	0	1	1	2	0	0	0	1	1	4	1	1	0	4	0	2	4	1	0	2	1	0	0	7	2	1	1	0	1	0	0	4	0	4	2	0	0	6	2	2	2	0	3	1	2	0	3	0	1	4	1	0	2	0	0	0	0	1	0	5	2	0	1	0	8	1	2	2	1	0	3	0	2	0	2	3	0	3	3
o450	6	0	0	0	3	0	3	0	2	5	0	4	2	0	2	1	3	5	0	1	0	1	0	0	1	3	0	2	0	0	0	3	1	4	0	0	2	2	0	0	0	0	0	1	0	3	0	1	0	0	0	1	0	5	3	4	1	2	4	0	3	1	0	2	3	0	5	0	3	1	5	0	0	2	2	2	0	8	0	2
o451	6	0	1	2	1	1	1	3	0	1	0	0	4	3	0	0	3	1	1	0	1	0	0	1	3	2	3	1	0	0	2	0	0	2	2	3	0	0	2	3	0	4	2	2	0	5	4	1	0	0	2	0	3	5	0	4	2	0	4	1	5	0	1	0	2	8	0	0	5	2	2	0	2	7	4	0	2	2	0	1
o452	2	3	2	0	0	1	1	5	0	4	2	4	1	1	4	3	4	0	1	0	0	0	0	1	3	5	3	1	7	0	0	0	1	3	1	0	1	0	2	0	1	0	4	0	0	0	6	2	0	1	0	0	3	0	5	1	4	1	2	1	3	2	1	0	2	0	7	4	1	2	1	1	2	0	3	1	1	0	0	1
o453	2	2	0	5	7	1	1	0	1	1	2	0	5	3	4	0	4	0	0	3	6	3	0	6	0	0	2	0	3	4	2	0	0	1	0	2	1	0	1	1	0	2	0	1	4	0	1	1	4	1	1	5	0	6	2	2	2	0	6	3	0	4	0	0	0	1	1	0	0	0	0	4	0	3	0	1	0	1	1	1
o454	5	0	1	1	0	1	1	0	6	0	2	2	3	0	0	0	1	4	0	1	0	2	7	1	2	1	4	1	6	3	2	0	0	3	2	4	2	3	0	6	3	0	3	0	3	0	4	0	1	1	1	0	2	0	4	0	4	1	2	6	1	0	2	2	0	0	0	0	2	0	3	0	0	1	0	1	1	6	0	3
o455	0	0	4	1	2	5	1	1	0	2	0	0	3	2	1	2	3	6	8	2	0	7	2	1	7	0	0	7	0	1	2	2	2	0	2	0	0	1	1	1	5	0	1	2	2	1	5	0	1	0	5	2	0	2	6	0	0	3	2	0	4	0	0	1	1	1	2	0	0	0	2	0	0	3	0	1	0	2	4	6
o456	0	2	0	0	5	2	2	0	0	0	3	2	1	1	2	0	1	2	6	0	0	1	0	1	0	1	0	0	0	3	3	1	2	0	2	6	0	5	2	1	2	5	1	0	0	0	1	3	1	0	2	0	2	2	0	2	0	7	8	0	2	1	0	1	2	1	1	0	0	0	0	1	2	0	1	1	2	5	3	0
o457	0	2	0	0	0	1	0	1	1	0	0	2	3	1	3	3	2	0	1	0	2	1	2	0	1	0	0	2	1	4	2	0	0	0	0	0	1	2	1	0	0	0	0	2	0	4	1	2	0	2	1	1	1	3	1	0	3	2	1	2	0	0	5	0	5	3	3	2	1	0	2	0	7	3	1	7	1	0	1	8
o458	7	2	2	1	2	3	4	4	7	0	3	4	5	1	0	2	0	0	0	1	0	2	0	0	0	2	4	6	3	0	0	1	2	3	0	2	0	1	6	0	3	0	0	6	0	2	1	0	1	0	1	3	1	1	3	0	4	4	0	1	0	0	6	3	3	1	3	1	0	0	2	0	0	1	4	1	4	4	0	1
o459	1	2	0	1	0	0	0	2	1	1	0	0	1	4	0	3	0	2	0	1	1	1	2	0	3	2	0	3	0	0	0	1	1	1	2	0	2	0	0	3	1	2	0	6	0	4	5	1	3	4	0	1	0	2	4	1	1	1	0	3	0	0	1	2	3	0	0	2	2	1	0	1	2	0	1	0	1	0	1	1
o460	4	0	0	0	3	0	0	1	4	2	1	0	0	0	0	1	3	0	0	1	2	5	0	3	2	0	0	0	4	2	3	0	4	3	0	0	1	0	4	1	2	3	1	1	1	0	1	1	3	6	1	1	2	0	1	0	0	0	1	3	0	0	2	1	1	0	3	0	0	4	2	1	1	1	2	1	1	0	0	1
o461	1	0	3	0	4	0	2	0	2	1	3	6	2	3	1	3	1	4	0	3	3	2	0	2	3	1	1	3	2	1	4	0	0	1	0	3	0	0	2	3	1	5	0	0	2	1	5	2	1	0	0	1	0	4	1	1	0	1	6	2	2	5	0	1	0	0	2	4	1	0	1	1	0	0	1	0	0	0	2	3
o462	2	3	0	2	0	2	1	2	3	0	1	0	0	2	0	1	5	0	4	1	1	1	0	0	3	5	1	1	2	2	0	2	3	1	0	0	2	1	4	0	1	3	4	1	0	3	2	1	3	3	1	0	0	3	1	0	0	1	3	2	0	5	1	3	0	0	4	0	5	2	0	0	1	0	0	0	1	0	0	2
o463	3	2	0	0	2	0	4	4	0	0	4	3	0	2	0	0	1	5	3	1	0	3	3	0	2	0	7	0	2	0	3	0	0	2	4	1	2	1	1	3	2	0	0	0	0	1	3	0	1	8	0	1	0	2	0	2	2	3	2	0	0	0	1	1	0	0	6	4	0	0	5	1	0	2	0	1	5	1	2	1
o464	3	0	0	0	4	0	0	3	0	0	0	1	1	0	1	2	0	3	1	2	1	1	1	4	6	0	2	1	5	2	0	2	0	1	2	1	0	2	2	8	2	0	0	0	1	0	2	5	3	3	1	1	0	1	1	1	0	4	2	1	1	2	0	1	1	0	0	2	0	0	0	0	2	3	1	5	0	3	4	2
o465	3	0	4	1	3	2	4	4	0	3	2	0	1	0	6	3	1	1	0	2	0	1	2	2	4	5	0	1	2	0	0	4	1	5	3	4	2	0	0	0	0	0	2	6	1	1	3	0	1	3	0	0	3	0	0	2	0	5	1	0	0	0	0	1	1	1	3	1	0	0	2	1	2	2	0	0	1	0	1	0
o466	3	0	2	3	1	0	1	8	0	0	1	1	1	6	2	0	1	0	3	6	0	2	1	3	1	1	0	0	4	0	3	2	0	1	4	2	2	0	0	0	0	3	2	1	1	1	5	4	6	6	2	1	1	8	0	3	5	3	1	6	2	3	2	0	4	1	1	0	2	4	1	0	1	0	1	0	0	1	2	0
o467	4	0	1	4	7	2	1	1	1	0	0	3	1	1	0	0	0	4	0	0	2	0	9	0	0	0	3	0	5	0	1	0	2	0	2	0	1	1	2	2	1	0	0	2	3	2	3	0	0	1	0	5	2	2	0	2	3	3	2	2	0	3	4	0	2	0	0	1	4	1	6	5	3	3	0	0	0	5	0	1
o468	1	0	3	4	1	3	2	9	0	4	2	0	2	2	5	0	0	1	0	1	2	0	0	1	3	2	1	0	1	5	3	1	4	0	2	6	0	0	2	2	0	1	5	1	0	0	0	0	1	3	2	2	1	0	3	2	5	0	2	0	0	0	1	0	2	1	2	0	1	2	3	0	8	3	1	0	1	1	0	2
o469	2	0	1	2	2	0	0	1	0	1	1	1	0	2	0	1	0	0	7	4	2	4	0	1	2	0	2	0	0	2	2	4	1	0	2	0	0	6	1	0	0	1	0	1	3	4	0	2	0	1	0	1	2	1	1	0	0	1	4	0	0	2	1	2	0	2	0	0	3	5	2	0	3	0	1	3	0	2	1	0
o470	0	2	4	0	4	2	1	0	1	0	4	1	4	2	2	1	6	1	0	0	2	2	5	1	1	0	0	0	3	0	0	4	0	1	0	0	3	3	0	1	1	3	0	2	0	1	0	1	0	1	2	1	0	6	1	2	1	1	2	0	0	2	3	0	3	0	2	2	0	1	2	2	1	1	0	4	4	0	0	0
o471	3	3	2	3	0	5	0	2	0	0	1	0	2	2	2	2	0	2	0	1	1	1	6	3	6	1	1	1	0	3	1	0	0	6	0	0	0	6	5	4	0	0	0	0	1	0	0	2	0	0	2	0	1	0	1	0	2	3	0	1	0	1	1	0	3	3	0	0	4	4	0	0	1	0	2	3	2	2	1	5
o472	1	4	0	2	2	4	1	0	3	3	1	9	1	2	0	3	1	3	0	2	2	2	4	0	4	1	0	1	0	2	0	1	2	1	4	3	0	0	0	0	2	5	2	0	0	0	1	0	1	1	3	4	2	0	3	1	0	2	0	1	7	1	0	0	0	1	1	0	3	5	1	3	3	5	0	4	2	3	2	3
o473	2	1	0	2	2	0	0	2	7	3	4	0	0	0	1	0	2	0	3	2	1	2	0	2	0	1	0	3	1	2	4	4	2	3	0	3	0	3	3	4	4	1	0	3	0	0	0	1	3	3	0	0	0	7	2	2	2	3	0	1	0	2	1	0	2	0	1	1	0	0	0	0	3	3	3	0	1	0	0	0
o474	0	1	5	3	0	0	0	0	1	1	1	2	1	0	2	2	1	1	1	0	2	0	1	0	0	0	5	2	0	0	6	2	0	1	4	0	1	2	2	0	2	3	0	1	1	4	0	1	1	0	0	1	1	5	0	3	2	0	6	0	0	0	0	0	2	3	0	5	2	1	2	0	3	4	0	2	0	0	3	2
o475	2	5	1	3	0	1	6	0	0	1	0	1	0	0	5	2	4	1	1	0	0	1	3	1	0	2	1	2	0	0	1	0	5	2	4	0	1	1	1	7	4	0	3	2	0	0	0	1	3	1	1	0	0	3	1	1	1	0	2	0	0	0	1	8	1	1	1	0	0	0	2	0	0	4	2	1	2	1	1	4
o476	2	0	3	2	1	0	3	3	1	3	2	2	2	1	0	0	1	0	0	0	1	1	6	1	1	4	0	7	2	3	0	4	2	1	1	3	0	2	0	5	0	0	0	0	1	3	4	1	7	1	0	3	2	0	3	0	4	0	0	0	0	1	0	3	1	0	0	4	2	2	0	0	0	0	1	7	1	5	0	3
o477	2	2	4	1	1	3	0	0	0	0	0	0	1	0	0	0	0	1	1	0	2	1	1	1	1	1	5	8	0	2	1	1	1	1	2	1	0	0	1	3	0	1	0	2	0	3	1	2	1	0	1	3	2	0	2	0	3	0	2	2	1	1	1	2	1	1	5	1	1	0	1	0	0	0	2	0	2	0	1	1
o478	3	3	1	0	2	2	4	2	0	3	3	1	0	1	2	3	3	0	0	1	4	0	0	0	3	0	0	1	0	2	0	2	0	0	7	2	1	0	5	4	3	4	2	1	2	1	0	0	3	0	0	9	1	1	1	1	5	0	1	0	0	0	1	5	3	0	3	2	0	0	2	2	0	2	2	2	1	1	4	1
o479	0	6	0	2	1	2	0	2	0	0	5	3	1	1	0	1	6	2	1	4	1	0	2	1	0	0	1	1	1	1	1	1	0	0	1	1	3	0	2	0	0	0	1	2	4	1	3	3	0	0	0	0	0	2	0	3	2	0	1	1	0	8	0	4	1	1	5	0	2	1	2	0	5	1	0	1	0	3	2	2
o480	0	0	3	0	3	2	1	6	4	2	2	0	3	3	1	2	1	2	0	0	0	1	5	4	1	2	2	0	0	4	4	1	0	0	0	0	2	4	0	0	1	1	0	0	0	5	6	1	1	1	2	4	1	0	3	2	3	4	4	2	0	6	0	2	10	0	0	0	2	2	4	0	0	4	0	1	1	1	0	1
o481	1	0	0	0	1	0	5	2	0	1	0	0	1	0	5	4	1	0	2	0	3	1	1	1	0	3	0	0	0	2	2	0	2	1	0	1	2	0	4	0	0	1	4	0	2	0	2	2	0	0	2	1	2	0	0	1	2	5	3	7	2	0	1	0	2	0	3	1	3	1	0	1	0	2	3	0	2	0	1	1
o482	2	1	5	1	2	1	1	0	5	3	0	0	0	0	3	1	2	0	1	1	0	0	2	0	2	0	0	3	0	6	0	1	0	2	2	0	3	1	2	2	1	3	3	0	1	2	0	0	0	2	0	1	0	0	1	2	4	6	0	1	4	0	1	1	3	1	1	0	1	1	5	4	1	2	0	0	1	3	0	0
o483	1	3	1	2	0	0	3	7	0	1	1	1	3	0	4	1	1	0	4	0	0	0	0	0	0	0	4	0	0	2	3	0	2	0	0	0	1	0	2	1	0	0	0	2	1	3	1	1	7	3	0	2	0	1	1	2	2	0	2	0	0	3	1	0	3	2	0	0	0	2	0	0	1	1	0	2	0	2	0	0
o484	0	4	0	4	0	1	1	0	2	5	3	1	1	3	2	2	0	0	5	0	2	3	0	1	0	0	0	0	4	1	1	3	0	1	1	0	1	3	2	0	0	3	0	0	1	0	0	0	0	0	1	0	0	5	0	3	0	0	1	0	0	0	2	2	0	5	2	0	1	0	0	2	1	2	2	2	1	1	3	1
o485	0	2	1	2	1	2	0	0	1	0	3	2	2	0	3	1	7	0	0	6	1	0	1	1	1	1	3	0	0	2	2	5	0	1	0	0	3	1	2	2	4	2	2	0	1	1	1	0	2	0	1	2	0	1	1	4	3	0	3	3	5	0	5	1	0	3	3	0	4	3	1	0	3	0	2	0	3	1	0	8
o486	1	1	0	0	1	1	5	0	0	2	0	4	0	4	0	0	1	3	2	2	4	0	0	1	7	0	0	0	2	2	1	3	0	4	2	3	0	6	0	3	0	3	1	1	0	1	1	8	0	2	0	0	0	0	0	3	1	2	3	0	0	1	1	1	3	0	4	2	2	0	3	0	3	1	0	0	0	0	0	0
o487	1	2	2	0	0	2	2	2	0	2	3	4	0	0	5	0	1	1	0	2	2	1	1	0	0	0	1	1	2	5	5	5	4	1	1	1	0	0	3	2	0	0	1	2	1	0	0	1	0	0	1	0	0	0	0	3	1	5	3	1	0	3	0	0	4	3	3	4	1	2	0	4	1	0	2	0	4	0	0	3
o488	0	2	5	2	4	3	1	1	1	3	0	3	1	3	0	0	0	4	2	0	0	0	0	0	0	0	2	2	0	0	1	0	0	3	1	3	3	3	2	0	0	0	0	4	1	0	2	0	0	2	0	0	2	5	0	3	0	8	5	0	0	3	4	3	2	1	0	5	0	0	1	0	3	0	2	1	1	3	0	0
o489	2	4	1	0	0	3	0	0	0	9	1	1	0	1	0	5	2	1	0	0	0	0	1	0	3	1	2	4	0	1	2	0	1	0	0	1	0	2	2	7	2	1	1	3	0	2	0	3	0	3	0	1	2	3	0	2	2	1	3	0	1	2	2	1	2	1	4	3	1	0	0	1	2	0	1	3	3	0	1	0
o490	0	7	0	1	1	2	0	6	5	4	0	2	0	0	1	1	2	5	0	0	0	1	0	1	5	0	0	1	3	0	0	4	1	0	0	1	3	1	0	2	2	1	3	5	4	1	0	1	0	0	1	3	4	0	1	0	1	1	0	0	5	0	3	3	0	0	0	1	4	1	4	0	0	2	3	2	0	4	0	5
o491	0	0	4	3	0	2	1	3	0	0	1	0	0	0	0	0	1	5	1	3	0	1	0	2	3	0	0	1	1	3	1	5	2	1	0	2	5	3	0	3	2	3	2	1	1	1	3	1	1	4	1	0	2	5	1	1	0	6	0	0	0	2	3	0	3	1	0	0	1	0	0	1	0	1	4	0	0	2	0	1
o492	0	2	0	3	0	0	4	0	1	0	1	0	1	1	0	3	1	3	2	1	0	3	5	0	2	2	4	3	2	0	2	3	4	3	1	1	2	0	1	0	0	0	0	5	1	0	0	2	1	0	1	0	2	1	0	0	0	2	2	1	2	3	3	3	0	0	0	3	2	5	2	3	0	2	0	1	1	2	0	2
o493	0	2	6	2	4	2	1	0	1	3	1	1	0	0	1	0	2	0	1	0	1	1	3	1	1	1	1	2	0	6	6	2	4	3	1	2	0	1	1	0	0	4	1	2	2	4	1	0	1	1	2	1	3	2	1	1	1	0	1	0	0	0	4	0	1	0	0	2	4	3	6	0	0	3	1	1	3	3	4	0
o494	0	0	0	0	6	1	1	4	5	1	0	0	0	2	1	1	0	0	1	0	2	0	5	1	0	4	2	0	3	0	3	0	2	0	3	6	0	1	1	1	4	1	0	1	1	2	2	2	1	3	0	2	0	0	4	0	2	2	3	1	0	0	1	1	2	1	0	0	2	3	2	3	3	2	1	1	0	0	1	0
o495	2	2	0	0	1	1	0	3	5	2	3	0	3	0	2	2	2	1	1	2	1	1	6	4	0	0	0	0	3	0	2	1	0	0	1	3	2	0	5	2	2	2	2	0	1	1	3	2	2	0	0	0	3	0	5	0	0	4	2	5	1	1	4	0	0	0	3	3	1	1	2	0	1	1	3	2	0	1	3	3
o496	2	5	0	0	5	0	0	1	0	2	0	0	0	0	0	1	1	0	4	3	2	4	2	0	0	0	2	0	0	2	3	4	0	3	0	6	3	2	6	1	0	1	0	1	1	8	4	0	0	1	0	1	2	1	1	4	0	7	1	6	1	0	3	2	0	1	0	3	1	2	1	3	3	4	2	0	0	3	3	2
o497	2	3	1	1	1	1	1	0	1	1	2	0	0	1	5	1	0	2	1	0	1	0	5	4	0	1	2	0	0	1	1	0	2	3	0	0	0	1	2	0	3	1	4	1	1	1	0	0	0	0	0	0	0	0	2	0	4	2	0	2	3	1	0	1	6	2	0	0	1	5	4	3	2	0	0	0	2	3	1	0
o498	0	1	1	1	0	3	0	1	0	2	0	0	1	1	1	0	3	0	1	1	3	0	0	0	0	1	2	6	0	0	4	0	2	1	1	1	0	3	1	3	0	1	0	0	1	0	2	0	5	3	4	3	2	1	2	0	4	1	1	1	5	0	4	5	1	0	5	0	2	5	0	7	1	3	0	1	0	1	2	9
o499	6	1	1	1	3	0	3	4	1	0	0	1	1	1	0	0	0	1	2	1	1	0	0	5	1	1	4	0	1	0	1	0	4	1	1	0	1	2	4	0	0	4	0	2	0	1	2	2	1	1	1	0	1	3	1	3	3	0	1	5	1	2	1	1	0	1	0	0	0	0	1	0	0	2	1	0	5	0	0	1
o500	0	0	0	0	1	1	0	0	0	1	7	0	0	1	0	1	3	2	0	2	3	5	2	4	5	3	2	1	1	2	2	3	1	5	3	0	0	0	3	2	4	0	0	0	3	1	1	0	1	1	0	4	4	2	0	0	3	2	0	0	0	1	2	1	0	3	2	2	0	0	5	1	0	3	4	1	2	1	0	3
o501	0	0	0	0	1	1	0	0	0	1	7	0	0	1	0	1	3	2	0	2	3	5	2	4	5	3	2	1	1	2	2	3	1	5	3	0	0	0	3	2	4	0	0	0	3	1	1	0	1	1	0	4	4	2	0	0	3	2	0	0	0	1	2	1	0	3	2	2	0	0	5	1	0	3	4	1	2	1	0	3
o502	4	5	4	7	9	8	7	8	5	9	15	7	4	9	4	9	13	10	5	11	13	13	11	12	14	11	11	9	9	11	11	12	9	13	12	7	7	8	12	10	12	9	4	6	11	9	8	8	8	8	5	12	11	11	3	3	10	9	7	7	9	7	11	9	7	11	11	10	8	9	13	8	2	11	13	8	12	10	6	13
o503	5	8	3	6	10	10	7	8	5	8	16	6	2	9	6	9	10	10	6	10	11	15	10	13	13	12	10	9	9	11	11	10	8	14	12	7	5	8	11	10	13	7	6	6	13	11	9	9	10	9	3	13	14	10	4	4	13	10	7	8	8	9	11	11	7	12	11	11	7	7	14	9	3	12	13	10	11	9	5	12
o504	0	0	0	0	1	0	0	0	0	1	6	0	0	1	0	1	5	2	0	2	5	3	2	3	4	2	3	1	1	2	3	4	1	4	3	0	0	1	3	2	2	1	0	0	2	1	0	0	0	1	0	3	2	3	0	0	1	1	0	0	1	0	2	1	0	2	2	2	0	1	4	0	0	2	4	0	3	2	0	4
o505	0	1	0	0	2	2	0	1	0	0	7	0	0	1	0	1	1	2	0	2	2	7	2	4	4	3	1	1	1	2	2	1	1	5	3	0	0	0	2	2	4	0	0	0	4	3	1	1	2	1	0	5	5	1	0	0	5	2	0	1	0	2	2	3	0	3	2	3	0	0	5	1	0	4	3	2	2	1	0	3
o506	0	0	0	0	1	0	0	0	0	1	5	0	0	1	0	1	5	2	0	2	5	2	2	2	4	2	3	1	1	2	3	5	1	4	3	0	0	1	3	2	2	2	0	0	1	1	0	0	0	1	0	2	1	3	0	0	1	1	0	0	2	0	2	0	0	1	2	2	0	2	4	0	0	2	4	0	3	2	0	4
o507	0	2	0	0	2	2	0	1	0	0	7	0	0	1	0	1	1	2	0	1	1	7	2	4	4	3	1	2	1	2	2	1	0	5	3	0	0	0	2	2	5	0	1	0	4	3	2	1	3	1	0	5	6	1	0	0	5	2	0	1	0	2	2	4	0	3	2	3	0	0	5	1	0	4	3	3	2	1	0	3
o508	0	0	0	0	1	0	0	0	0	2	5	1	0	1	0	1	5	2	0	2	5	1	2	2	4	2	4	1	1	2	3	5	1	3	2	0	1	1	3	2	2	2	0	0	1	1	0	0	0	1	0	2	1	3	0	0	1	1	0	0	2	0	2	0	0	1	2	1	0	2	3	0	0	1	4	0	3	2	0	4
o509	0	2	0	0	2	2	0	1	0	0	7	0	0	1	0	1	1	2	0	1	1	7	1	4	4	3	1	2	1	2	2	1	0	5	3	0	0	0	2	2	5	0	1	0	4	3	2	1	3	1	0	5	6	1	0	0	5	2	0	1	0	2	2	4	1	3	2	3	0	0	5	2	0	4	3	3	1	1	0	2
o510	0	0	0	0	1	0	0	0	0	2	4	1	0	1	0	0	6	1	0	2	5	1	2	2	4	2	4	1	1	2	2	5	1	3	2	0	1	1	3	2	2	2	0	0	1	0	0	0	0	1	0	2	1	3	0	0	0	1	0	0	2	0	2	0	0	1	2	1	1	2	3	0	0	1	4	0	3	2	1	3
o511	0	2	0	0	2	3	0	1	0	0	7	0	0	1	1	1	0	2	1	1	1	7	1	4	3	3	1	2	1	2	2	0	0	5	2	0	0	0	2	2	5	0	1	0	4	3	2	1	3	1	0	5	6	1	0	0	6	2	0	1	0	2	1	4	1	3	2	3	0	0	4	2	0	4	3	3	1	1	0	2
o512	0	0	0	0	1	1	0	0	0	1	7	0	0	1	0	1	3	2	0	2	3	5	2	4	5	3	2	1	1	2	2	3	1	5	3	0	0	0	3	2	4	0	0	0	3	1	1	0	1	1	0	4	4	2	0	0	3	2	0	0	0	1	2	1	0	3	2	2	0	0	5	1	0	3	4	1	2	1	0	3
o513	5	3	5	3	1	1	3	2	4	2	0	3	7	1	5	1	0	0	4	0	0	0	0	0	0	0	0	1	1	0	0	0	1	0	0	2	4	2	0	1	0	2	5	4	0	0	2	2	1	1	6	0	0	0	5	6	0	1	3	2	2	2	0	0	2	0	0	0	2	2	0	1	7	0	0	1	0	1	3	0
o514	0	0	0	0	1	1	0	0	0	0	7	0	0	1	0	1	2	2	0	2	2	6	2	4	4	3	2	1	1	2	2	2	1	5	3	0	0	0	2	2	4	0	0	0	4	2	1	1	1	1	0	4	5	2	0	0	4	2	0	0	0	1	2	3	0	3	2	3	0	0	5	1	0	4	4	2	2	1	0	3
o515	5	4	5	3	1	2	3	2	4	1	0	2	6	1	5	2	0	1	4	0	0	0	0	0	0	0	0	1	1	0	0	0	1	0	0	2	3	2	0	1	0	1	6	4	0	1	2	2	1	2	5	0	0	0	6	6	0	1	3	3	1	2	0	1	2	0	0	0	2	1	0	2	8	0	0	2	0	1	3	0
o516	0	1	0	0	2	2	0	1	0	0	7	0	0	1	0	1	1	2	0	2	2	7	2	4	4	3	1	1	1	2	2	1	1	5	3	0	0	0	2	2	4	0	0	0	4	3	1	1	2	1	0	5	5	1	0	0	5	2	0	1	0	2	2	3	0	3	2	3	0	0	5	1	0	4	3	2	2	1	0	3
o517	5	5	4	3	1	2	2	2	4	1	0	2	5	1	6	2	0	1	5	0	0	0	0	0	0	0	0	1	1	0	0	0	1	0	0	2	2	1	0	1	0	1	6	4	0	1	2	2	2	2	4	0	1	0	7	6	1	1	3	3	1	3	0	1	3	0	0	1	2	1	0	2	8	0	0	2	0	0	2	0
o518	0	2	0	0	2	2	0	1	0	0	7	0	0	1	0	1	1	2	0	1	1	7	2	4	4	3	1	2	1	2	2	1	0	5	3	0	0	0	2	2	5	0	1	0	4	3	2	1	3	1	0	5	6	1	0	0	5	2	0	1	0	2	2	4	0	3	2	3	0	0	5	1	0	4	3	3	2	1	0	3
o519	5	6	3	2	1	3	2	2	3	1	0	2	4	1	6	2	0	1	5	0	0	0	0	0	0	0	0	1	2	0	0	0	1	0	0	2	2	1	0	1	0	0	7	3	0	1	2	2	3	2	3	0	1	0	7	6	2	1	3	3	1	3	0	2	3	0	0	1	2	1	0	2	8	1	0	3	0	0	1	0
o520	0	2	0	0	2	2	0	1	0	0	7	0	0	1	0	1	1	2	0	1	1	7	1	4	4	3	1	2	1	2	2	1	0	5	3	0	0	0	2	2	5	0	1	0	4	3	2	1	3	1	0	5	6	1	0	0	5	2	0	1	0	2	2	4	1	3	2	3	0	0	5	2	0	4	3	3	1	1	0	2
o521	5	6	3	2	1	3	2	2	3	1	0	2	3	1	6	2	0	1	5	0	0	0	0	0	0	0	0	2	2	0	0	0	1	0	0	2	2	1	0	1	0	0	7	3	1	1	2	2	3	2	3	0	1	0	7	6	2	2	3	3	1	3	0	2	3	0	0	1	2	1	0	2	8	1	0	3	0	0	1	0
o522	0	2	0	0	2	3	0	1	0	0	7	0	0	1	1	1	0	2	1	1	1	7	1	4	3	3	1	2	1	2	2	0	0	5	2	0	0	0	2	2	5	0	1	0	4	3	2	1	3	1	0	5	6	1	0	0	6	2	0	1	0	2	1	4	1	3	2	3	0	0	4	2	0	4	3	3	1	1	0	2
o523	5	6	3	2	1	3	2	2	3	1	0	2	3	1	6	2	0	1	5	0	0	1	0	0	0	0	0	2	2	0	0	0	1	0	0	2	1	1	0	1	0	0	7	3	1	1	3	2	3	2	2	0	2	0	7	6	2	2	3	3	0	3	0	3	3	1	0	1	2	0	0	2	8	1	0	3	0	0	1	0
