# Constructed from biom file
#OTU ID	s0	s1	s2	s3	s4	s5	s6	s7	s8	s9	s10	s11	s12	s13	s14	s15	s16	s17	s18	s19	s20	s21	s22	s23	s24	s25	s26	s27	s28	s29	s30	s31	s32	s33	s34	s35	s36	s37	s38	s39	s40	s41	s42	s43	s44	s45	s46	s47	s48	s49
o0	1000.0	1100.0	1200.0	1500.0	1800.0	2300.0	2900.0	3400.0	3500.0	3000.0	2100.0	1500.0	1100.0	1000.0	1000.0	1100.0	1400.0	1700.0	2100.0	2700.0	3200.0	3500.0	3200.0	2400.0	1700.0	1200.0	1000.0	1000.0	1100.0	1300.0	1600.0	2000.0	2500.0	3000.0	3500.0	3400.0	2700.0	1900.0	1300.0	1100.0	1000.0	1100.0	1200.0	1500.0	1800.0	2300.0	2900.0	3300.0	3500.0	3000.0
o1	1000.0	700.0	600.0	500.0	400.0	400.0	500.0	700.0	1100.0	1700.0	2000.0	1800.0	1500.0	1100.0	800.0	600.0	500.0	400.0	400.0	500.0	600.0	1000.0	1500.0	1900.0	1900.0	1600.0	1200.0	900.0	700.0	500.0	400.0	400.0	400.0	600.0	800.0	1300.0	1800.0	2000.0	1700.0	1400.0	1000.0	800.0	600.0	500.0	400.0	400.0	500.0	700.0	1100.0	1600.0
o2	1000.0	1000.0	900.0	800.0	700.0	600.0	600.0	500.0	500.0	400.0	400.0	400.0	400.0	500.0	500.0	500.0	600.0	700.0	700.0	800.0	900.0	1000.0	1000.0	1000.0	1000.0	900.0	800.0	700.0	600.0	500.0	500.0	400.0	400.0	400.0	400.0	400.0	500.0	500.0	600.0	600.0	700.0	800.0	900.0	900.0	1000.0	1000.0	1000.0	900.0	800.0	700.0
o3	1000.0	1100.0	1200.0	1300.0	1300.0	1300.0	1300.0	1300.0	1200.0	1100.0	1000.0	1000.0	900.0	800.0	800.0	800.0	700.0	700.0	700.0	800.0	800.0	900.0	1000.0	1100.0	1200.0	1200.0	1300.0	1300.0	1300.0	1300.0	1200.0	1200.0	1100.0	1000.0	900.0	900.0	800.0	800.0	700.0	700.0	700.0	700.0	800.0	800.0	900.0	1000.0	1100.0	1200.0	1300.0	1300.0
o4	1000.0	1300.0	2000.0	3000.0	4400.0	6600.0	9900.0	14800.0	22000.0	32800.0	49000.0	2400.0	1100.0	1500.0	2300.0	3400.0	5100.0	7600.0	11300.0	16900.0	25200.0	37600.0	54200.0	1100.0	1200.0	1800.0	2600.0	3900.0	5800.0	8700.0	13000.0	19300.0	28800.0	43000.0	19100.0	1000.0	1400.0	2000.0	3000.0	4500.0	6700.0	10000.0	14900.0	22200.0	33100.0	49300.0	2200.0	1100.0	1500.0	2300.0
o5	1000.0	0.0	0.0	0.0	0.0	0.0	0.0	0.0	0.0	0.0	0.0	11100.0	300.0	0.0	0.0	0.0	0.0	0.0	0.0	0.0	0.0	0.0	1000.0	3400.0	100.0	0.0	0.0	0.0	0.0	0.0	0.0	0.0	0.0	0.0	19900.0	1000.0	0.0	0.0	0.0	0.0	0.0	0.0	0.0	0.0	0.0	0.0	10400.0	300.0	0.0	0.0
o6	1000.0	47300.0	300.0	8500.0	600.0	1600.0	70900.0	400.0	13600.0	300.0	2400.0	62900.0	500.0	21800.0	200.0	3900.0	9200.0	800.0	34800.0	200.0	6200.0	1400.0	1200.0	54600.0	300.0	9900.0	500.0	1800.0	76800.0	400.0	15900.0	300.0	2800.0	40000.0	600.0	25400.0	200.0	4500.0	4500.0	900.0	40400.0	300.0	7200.0	900.0	1300.0	62600.0	300.0	11600.0	400.0	2100.0
o7	1000.0	700.0	5400.0	200.0	30300.0	600.0	3400.0	3400.0	200.0	19100.0	400.0	30000.0	2100.0	200.0	11900.0	300.0	57600.0	1400.0	300.0	7400.0	200.0	41000.0	900.0	1000.0	4600.0	200.0	26100.0	600.0	6900.0	2900.0	200.0	16300.0	400.0	47200.0	1800.0	200.0	10200.0	300.0	53200.0	1200.0	500.0	6400.0	200.0	35400.0	800.0	1700.0	4000.0	200.0	22400.0	500.0
o8	1000.0	500.0	300.0	200.0	100.0	100.0	0.0	0.0	0.0	0.0	0.0	0.0	0.0	0.0	0.0	0.0	0.0	0.0	0.0	0.0	0.0	0.0	0.0	0.0	0.0	0.0	0.0	0.0	0.0	0.0	0.0	0.0	0.0	0.0	0.0	0.0	0.0	0.0	0.0	0.0	0.0	0.0	0.0	0.0	0.0	0.0	0.0	0.0	0.0	0.0
o9	1000.0	700.0	400.0	200.0	100.0	100.0	0.0	0.0	0.0	0.0	0.0	0.0	0.0	0.0	0.0	0.0	0.0	0.0	0.0	0.0	0.0	0.0	0.0	0.0	0.0	0.0	0.0	0.0	0.0	0.0	0.0	0.0	0.0	0.0	0.0	0.0	0.0	0.0	0.0	0.0	0.0	0.0	0.0	0.0	0.0	0.0	0.0	0.0	0.0	0.0
o10	1000.0	700.0	500.0	400.0	400.0	300.0	300.0	300.0	300.0	300.0	300.0	200.0	200.0	200.0	200.0	200.0	200.0	200.0	200.0	200.0	200.0	200.0	200.0	200.0	100.0	100.0	100.0	100.0	100.0	100.0	100.0	100.0	100.0	100.0	100.0	100.0	100.0	100.0	100.0	100.0	100.0	100.0	100.0	100.0	100.0	100.0	100.0	100.0	100.0	100.0
o11	1000.0	700.0	500.0	300.0	200.0	100.0	100.0	0.0	0.0	0.0	0.0	0.0	0.0	0.0	0.0	0.0	0.0	0.0	0.0	0.0	0.0	0.0	0.0	0.0	0.0	0.0	0.0	0.0	0.0	0.0	0.0	0.0	0.0	0.0	0.0	0.0	0.0	0.0	0.0	0.0	0.0	0.0	0.0	0.0	0.0	0.0	0.0	0.0	0.0	0.0
o12	1000.0	700.0	600.0	500.0	400.0	400.0	400.0	400.0	400.0	400.0	400.0	400.0	400.0	400.0	400.0	400.0	400.0	400.0	400.0	400.0	400.0	400.0	400.0	400.0	400.0	400.0	400.0	400.0	400.0	400.0	400.0	400.0	400.0	400.0	400.0	400.0	400.0	400.0	400.0	400.0	400.0	400.0	400.0	400.0	400.0	400.0	400.0	400.0	400.0	400.0
o13	1000.0	700.0	500.0	300.0	200.0	100.0	100.0	0.0	0.0	0.0	0.0	0.0	0.0	0.0	0.0	0.0	0.0	0.0	0.0	0.0	0.0	0.0	0.0	0.0	0.0	0.0	0.0	0.0	0.0	0.0	0.0	0.0	0.0	0.0	0.0	0.0	0.0	0.0	0.0	0.0	0.0	0.0	0.0	0.0	0.0	0.0	0.0	0.0	0.0	0.0
o14	1000.0	600.0	400.0	200.0	100.0	100.0	0.0	0.0	0.0	0.0	0.0	0.0	0.0	0.0	0.0	0.0	0.0	0.0	0.0	0.0	0.0	0.0	0.0	0.0	0.0	0.0	0.0	0.0	0.0	0.0	0.0	0.0	0.0	0.0	0.0	0.0	0.0	0.0	0.0	0.0	0.0	0.0	0.0	0.0	0.0	0.0	0.0	0.0	0.0	0.0
o15	1000.0	1300.0	1500.0	1600.0	1700.0	1700.0	1700.0	1700.0	1700.0	1700.0	1700.0	1700.0	1700.0	1700.0	1700.0	1700.0	1700.0	1700.0	1700.0	1700.0	1700.0	1700.0	1700.0	1700.0	1700.0	1700.0	1700.0	1700.0	1700.0	1700.0	1700.0	1700.0	1700.0	1700.0	1700.0	1700.0	1800.0	1800.0	1800.0	1800.0	1800.0	1800.0	1800.0	1800.0	1800.0	1800.0	1800.0	1800.0	1800.0	1800.0
o16	1000.0	0.0	0.0	0.0	0.0	0.0	0.0	0.0	0.0	0.0	0.0	0.0	0.0	0.0	0.0	0.0	0.0	0.0	0.0	0.0	0.0	0.0	0.0	0.0	0.0	0.0	0.0	0.0	100.0	100.0	200.0	200.0	300.0	500.0	800.0	1100.0	1700.0	200.0	0.0	0.0	0.0	0.0	0.0	0.0	0.0	0.0	0.0	0.0	0.0	0.0
o17	1000.0	1200.0	700.0	400.0	200.0	100.0	100.0	0.0	0.0	0.0	0.0	0.0	0.0	0.0	0.0	0.0	0.0	0.0	0.0	0.0	0.0	0.0	0.0	0.0	0.0	0.0	0.0	0.0	0.0	0.0	0.0	0.0	0.0	0.0	0.0	0.0	0.0	1600.0	1000.0	500.0	300.0	200.0	100.0	0.0	0.0	0.0	0.0	0.0	0.0	0.0
o18	1000.0	100.0	100.0	100.0	100.0	100.0	100.0	100.0	100.0	100.0	100.0	100.0	100.0	100.0	100.0	100.0	100.0	100.0	100.0	100.0	100.0	100.0	100.0	100.0	100.0	100.0	100.0	100.0	100.0	100.0	100.0	100.0	100.0	100.0	100.0	100.0	100.0	100.0	100.0	100.0	100.0	100.0	100.0	100.0	100.0	100.0	100.0	100.0	100.0	100.0
o19	1000.0	200.0	100.0	100.0	100.0	100.0	100.0	100.0	100.0	100.0	100.0	100.0	100.0	100.0	100.0	100.0	100.0	100.0	100.0	100.0	100.0	100.0	100.0	100.0	100.0	100.0	100.0	100.0	100.0	100.0	100.0	100.0	100.0	100.0	100.0	100.0	100.0	100.0	100.0	100.0	100.0	100.0	100.0	100.0	100.0	100.0	100.0	100.0	100.0	100.0
o20	1100.0	800.0	200.0	800.0	2000.0	2300.0	100.0	400.0	1100.0	0.0	100.0	1400.0	2000.0	800.0	900.0	800.0	1800.0	300.0	3400.0	1700.0	2300.0	400.0	0.0	100.0	0.0	700.0	200.0	2100.0	1800.0	700.0	2300.0	100.0	600.0	600.0	100.0	1200.0	100.0	0.0	2300.0	200.0	1600.0	700.0	500.0	500.0	1700.0	2900.0	1600.0	0.0	200.0	200.0
o21	1400.0	400.0	100.0	1500.0	1100.0	5400.0	1400.0	400.0	100.0	100.0	200.0	1500.0	0.0	600.0	800.0	6100.0	300.0	1900.0	100.0	600.0	400.0	3300.0	1000.0	500.0	300.0	700.0	2300.0	0.0	600.0	0.0	300.0	400.0	2100.0	900.0	2100.0	100.0	500.0	400.0	4100.0	100.0	0.0	1200.0	800.0	1000.0	300.0	2100.0	1400.0	2400.0	3500.0	3100.0
o22	3200.0	2600.0	0.0	900.0	400.0	2400.0	1000.0	1900.0	1400.0	0.0	600.0	100.0	700.0	6100.0	600.0	100.0	2800.0	1800.0	200.0	800.0	2200.0	500.0	0.0	500.0	3600.0	200.0	2400.0	500.0	1300.0	2200.0	300.0	500.0	1400.0	1000.0	700.0	1900.0	1400.0	200.0	1000.0	1200.0	500.0	3000.0	900.0	100.0	500.0	100.0	0.0	1000.0	200.0	900.0
o23	100.0	700.0	200.0	400.0	1300.0	1600.0	1300.0	900.0	500.0	700.0	0.0	900.0	400.0	100.0	1500.0	200.0	300.0	400.0	2900.0	1300.0	1000.0	600.0	100.0	500.0	2000.0	700.0	300.0	400.0	1500.0	500.0	200.0	2300.0	1300.0	0.0	0.0	1100.0	400.0	0.0	100.0	500.0	300.0	300.0	1400.0	700.0	1000.0	2300.0	900.0	800.0	1000.0	100.0
o24	1000.0	900.0	2100.0	100.0	4000.0	0.0	2300.0	400.0	1400.0	100.0	300.0	1500.0	1100.0	0.0	100.0	1600.0	700.0	300.0	2600.0	1300.0	300.0	800.0	100.0	400.0	200.0	3000.0	2000.0	100.0	1400.0	200.0	500.0	600.0	1300.0	1000.0	200.0	1700.0	700.0	100.0	400.0	400.0	200.0	100.0	1200.0	1600.0	800.0	400.0	200.0	400.0	1600.0	0.0
o25	200.0	300.0	1200.0	500.0	2400.0	100.0	100.0	100.0	600.0	700.0	2200.0	600.0	2300.0	700.0	2800.0	1200.0	200.0	900.0	1700.0	1300.0	1600.0	2400.0	300.0	0.0	300.0	700.0	500.0	800.0	600.0	0.0	1100.0	400.0	200.0	2900.0	600.0	1900.0	1100.0	200.0	1400.0	0.0	300.0	700.0	700.0	100.0	200.0	0.0	500.0	800.0	200.0	600.0
o26	400.0	400.0	300.0	200.0	1000.0	300.0	300.0	2700.0	700.0	1800.0	400.0	400.0	100.0	900.0	0.0	200.0	200.0	1800.0	200.0	800.0	1200.0	2200.0	100.0	1400.0	500.0	600.0	2300.0	1900.0	100.0	1200.0	1200.0	1200.0	300.0	400.0	0.0	1100.0	200.0	200.0	1000.0	300.0	1800.0	600.0	2100.0	200.0	400.0	2100.0	100.0	200.0	200.0	700.0
o27	300.0	500.0	500.0	2200.0	300.0	400.0	0.0	200.0	600.0	200.0	0.0	600.0	100.0	700.0	1400.0	100.0	1000.0	200.0	0.0	1000.0	100.0	200.0	1700.0	800.0	100.0	0.0	700.0	1100.0	700.0	500.0	200.0	0.0	300.0	1300.0	1600.0	200.0	0.0	900.0	800.0	1800.0	400.0	200.0	3000.0	0.0	2000.0	0.0	100.0	2800.0	2900.0	400.0
o28	700.0	400.0	400.0	600.0	100.0	1700.0	100.0	600.0	500.0	1000.0	700.0	1300.0	1000.0	800.0	100.0	200.0	1400.0	6500.0	4500.0	800.0	500.0	1300.0	800.0	400.0	2300.0	5000.0	800.0	200.0	1100.0	800.0	0.0	1000.0	0.0	100.0	500.0	100.0	1400.0	500.0	2100.0	400.0	700.0	800.0	200.0	1500.0	700.0	1700.0	200.0	2300.0	200.0	1400.0
o29	3600.0	600.0	1200.0	100.0	800.0	1000.0	400.0	600.0	800.0	100.0	500.0	0.0	400.0	800.0	0.0	2900.0	1700.0	100.0	1100.0	700.0	1400.0	2000.0	700.0	300.0	400.0	2000.0	0.0	300.0	1100.0	2000.0	800.0	200.0	500.0	2200.0	0.0	600.0	1400.0	5200.0	500.0	0.0	400.0	3100.0	1900.0	200.0	100.0	1700.0	1300.0	1700.0	300.0	3200.0
o30	700.0	1800.0	200.0	300.0	100.0	2400.0	200.0	200.0	200.0	500.0	1600.0	1400.0	400.0	2000.0	0.0	600.0	1600.0	600.0	2200.0	1900.0	100.0	100.0	400.0	300.0	700.0	2000.0	400.0	400.0	200.0	400.0	1100.0	800.0	300.0	1000.0	3500.0	2700.0	400.0	700.0	300.0	3900.0	600.0	1000.0	600.0	500.0	2100.0	2100.0	3500.0	1000.0	1500.0	300.0
o31	1000.0	1900.0	200.0	800.0	500.0	100.0	1100.0	3300.0	400.0	600.0	200.0	2300.0	800.0	400.0	0.0	600.0	500.0	300.0	800.0	700.0	500.0	300.0	400.0	300.0	500.0	700.0	2900.0	200.0	600.0	100.0	2300.0	1800.0	1300.0	900.0	500.0	300.0	1700.0	1200.0	1100.0	1700.0	0.0	2300.0	3900.0	500.0	0.0	200.0	2900.0	200.0	4900.0	1700.0
o32	800.0	200.0	900.0	800.0	1400.0	500.0	3400.0	800.0	100.0	200.0	200.0	100.0	1300.0	0.0	1500.0	100.0	700.0	2000.0	100.0	1500.0	300.0	200.0	200.0	400.0	1800.0	1100.0	1800.0	800.0	1000.0	100.0	500.0	2300.0	900.0	2000.0	500.0	0.0	700.0	500.0	100.0	1400.0	2100.0	0.0	2300.0	1600.0	200.0	800.0	900.0	700.0	1000.0	2100.0
o33	200.0	1300.0	700.0	300.0	2100.0	200.0	800.0	200.0	1000.0	200.0	3500.0	800.0	300.0	800.0	600.0	1700.0	700.0	700.0	300.0	1200.0	1200.0	200.0	800.0	800.0	200.0	3200.0	500.0	4400.0	100.0	1200.0	1100.0	500.0	700.0	200.0	500.0	300.0	300.0	600.0	200.0	300.0	900.0	1000.0	800.0	700.0	700.0	300.0	500.0	300.0	1200.0	1600.0
o34	1100.0	600.0	1600.0	1400.0	500.0	100.0	1800.0	2200.0	1400.0	300.0	1600.0	600.0	800.0	700.0	400.0	100.0	100.0	1700.0	300.0	100.0	300.0	2700.0	200.0	1600.0	1400.0	500.0	2000.0	500.0	200.0	800.0	200.0	2200.0	900.0	200.0	2400.0	1000.0	1200.0	700.0	0.0	400.0	900.0	300.0	200.0	0.0	1500.0	3100.0	300.0	200.0	0.0	200.0
o35	800.0	900.0	200.0	0.0	0.0	100.0	100.0	300.0	100.0	2800.0	800.0	300.0	200.0	2500.0	400.0	1900.0	0.0	1900.0	400.0	3000.0	200.0	1300.0	100.0	600.0	1800.0	4600.0	4200.0	900.0	700.0	1200.0	2000.0	200.0	200.0	400.0	1700.0	600.0	600.0	0.0	1200.0	1200.0	500.0	400.0	2400.0	500.0	200.0	1200.0	100.0	300.0	3000.0	1200.0
o36	3200.0	100.0	400.0	600.0	800.0	200.0	200.0	0.0	500.0	400.0	1000.0	200.0	100.0	3700.0	1300.0	3000.0	2400.0	0.0	0.0	0.0	700.0	2000.0	800.0	0.0	900.0	100.0	1300.0	900.0	300.0	100.0	100.0	2900.0	1800.0	700.0	2300.0	400.0	1500.0	500.0	700.0	2700.0	400.0	2600.0	800.0	2400.0	100.0	600.0	1000.0	100.0	700.0	100.0
o37	400.0	800.0	2200.0	200.0	100.0	200.0	900.0	100.0	300.0	1800.0	400.0	1000.0	1100.0	100.0	1900.0	700.0	1000.0	1900.0	200.0	700.0	500.0	500.0	600.0	300.0	1200.0	2500.0	100.0	700.0	100.0	900.0	600.0	2100.0	300.0	2200.0	700.0	1900.0	1100.0	500.0	1400.0	900.0	300.0	400.0	200.0	2700.0	400.0	4400.0	100.0	200.0	3800.0	1200.0
o38	2400.0	1100.0	1000.0	900.0	3300.0	900.0	200.0	0.0	2000.0	900.0	1800.0	300.0	1700.0	300.0	1300.0	3400.0	1600.0	700.0	700.0	700.0	800.0	1200.0	100.0	500.0	500.0	700.0	300.0	800.0	700.0	1500.0	900.0	1600.0	1400.0	1600.0	700.0	2500.0	100.0	1000.0	900.0	100.0	200.0	1300.0	600.0	100.0	600.0	300.0	900.0	1300.0	1700.0	1000.0
o39	300.0	1700.0	2300.0	500.0	300.0	400.0	600.0	800.0	1500.0	200.0	1000.0	2000.0	600.0	1400.0	300.0	400.0	500.0	400.0	500.0	300.0	600.0	100.0	1500.0	200.0	600.0	800.0	1000.0	1700.0	500.0	500.0	500.0	400.0	2300.0	0.0	1000.0	0.0	400.0	100.0	600.0	1900.0	300.0	100.0	1700.0	500.0	0.0	2400.0	200.0	100.0	1000.0	700.0
o40	0.0	0.0	3100.0	1400.0	300.0	800.0	1600.0	1700.0	1000.0	500.0	600.0	1000.0	1900.0	1700.0	100.0	0.0	600.0	1300.0	600.0	200.0	1400.0	200.0	400.0	800.0	1300.0	100.0	400.0	100.0	300.0	1000.0	3500.0	500.0	0.0	1500.0	1300.0	300.0	1300.0	1100.0	600.0	2800.0	1400.0	100.0	100.0	400.0	0.0	3100.0	500.0	600.0	2700.0	900.0
o41	1900.0	1300.0	100.0	800.0	1300.0	100.0	200.0	1400.0	1300.0	200.0	100.0	0.0	100.0	2000.0	100.0	300.0	600.0	400.0	1300.0	900.0	1600.0	700.0	1200.0	100.0	100.0	0.0	500.0	1300.0	1800.0	100.0	2500.0	1000.0	2000.0	2000.0	200.0	900.0	1500.0	1000.0	0.0	800.0	200.0	0.0	200.0	1100.0	100.0	700.0	600.0	200.0	500.0	300.0
o42	5700.0	200.0	700.0	3400.0	100.0	2000.0	200.0	2900.0	0.0	300.0	600.0	200.0	2600.0	1200.0	600.0	2300.0	2000.0	700.0	600.0	100.0	1100.0	2600.0	1700.0	600.0	800.0	100.0	0.0	300.0	2600.0	900.0	100.0	2000.0	600.0	300.0	300.0	100.0	0.0	600.0	1400.0	2800.0	400.0	1300.0	6700.0	2600.0	500.0	1200.0	1600.0	0.0	1700.0	0.0
o43	1000.0	1600.0	800.0	2600.0	100.0	1000.0	400.0	1500.0	400.0	1200.0	200.0	2000.0	500.0	1600.0	900.0	700.0	1000.0	100.0	300.0	600.0	3800.0	100.0	3100.0	1800.0	800.0	1600.0	0.0	200.0	300.0	1200.0	600.0	1700.0	100.0	1200.0	2600.0	100.0	700.0	200.0	2100.0	100.0	100.0	400.0	1900.0	2200.0	1900.0	1700.0	200.0	400.0	1700.0	1200.0
o44	600.0	700.0	500.0	2000.0	400.0	400.0	600.0	1000.0	300.0	400.0	500.0	3800.0	1100.0	200.0	400.0	300.0	3200.0	500.0	300.0	100.0	500.0	1500.0	800.0	600.0	1500.0	1900.0	200.0	4500.0	1300.0	500.0	900.0	100.0	1100.0	1000.0	1000.0	1300.0	500.0	100.0	300.0	0.0	1200.0	1700.0	500.0	1300.0	100.0	500.0	2200.0	1100.0	200.0	1100.0
o45	300.0	700.0	400.0	1000.0	100.0	300.0	0.0	600.0	200.0	100.0	300.0	1000.0	800.0	1300.0	2300.0	100.0	100.0	100.0	200.0	500.0	2300.0	400.0	300.0	100.0	900.0	0.0	500.0	500.0	1300.0	400.0	100.0	600.0	1100.0	1000.0	3000.0	600.0	1300.0	500.0	1300.0	2200.0	100.0	1400.0	300.0	400.0	200.0	1900.0	1900.0	100.0	2200.0	300.0
o46	200.0	1100.0	900.0	700.0	0.0	1500.0	1300.0	200.0	400.0	0.0	1000.0	400.0	400.0	100.0	600.0	500.0	1500.0	700.0	1600.0	800.0	3600.0	400.0	100.0	500.0	2900.0	2100.0	0.0	700.0	1800.0	1800.0	800.0	500.0	1200.0	600.0	700.0	4100.0	1300.0	800.0	900.0	300.0	500.0	500.0	300.0	800.0	700.0	3000.0	700.0	500.0	100.0	400.0
o47	200.0	1400.0	2400.0	100.0	400.0	300.0	100.0	1300.0	100.0	800.0	200.0	1700.0	500.0	600.0	1900.0	0.0	700.0	0.0	100.0	2700.0	2600.0	3300.0	500.0	2000.0	700.0	100.0	100.0	100.0	100.0	2300.0	500.0	3300.0	300.0	400.0	600.0	2600.0	2500.0	500.0	400.0	500.0	600.0	100.0	2000.0	700.0	300.0	3300.0	1200.0	400.0	2300.0	500.0
o48	1700.0	500.0	2200.0	1300.0	900.0	2000.0	200.0	500.0	0.0	0.0	1600.0	600.0	500.0	100.0	100.0	1300.0	700.0	1000.0	1000.0	0.0	100.0	100.0	600.0	900.0	900.0	1300.0	800.0	300.0	2400.0	1100.0	1900.0	1000.0	600.0	200.0	200.0	2200.0	2700.0	0.0	1100.0	200.0	400.0	100.0	2500.0	1100.0	900.0	1400.0	600.0	500.0	1600.0	100.0
o49	0.0	100.0	1700.0	3700.0	1600.0	1400.0	800.0	500.0	200.0	1400.0	900.0	1100.0	600.0	400.0	200.0	2400.0	300.0	200.0	100.0	1000.0	100.0	400.0	600.0	1300.0	700.0	2400.0	2200.0	100.0	1200.0	1800.0	1900.0	900.0	500.0	1400.0	200.0	900.0	400.0	400.0	0.0	100.0	400.0	900.0	300.0	200.0	100.0	400.0	1200.0	300.0	3700.0	100.0
o50	1400.0	400.0	700.0	0.0	700.0	500.0	800.0	200.0	700.0	1000.0	1300.0	2500.0	200.0	1600.0	1900.0	1300.0	800.0	400.0	300.0	1500.0	100.0	3700.0	3300.0	900.0	0.0	1700.0	2300.0	5200.0	1600.0	6100.0	300.0	700.0	1600.0	100.0	2200.0	2300.0	300.0	3200.0	200.0	5400.0	600.0	100.0	100.0	1100.0	500.0	1600.0	400.0	200.0	1100.0	300.0
o51	1600.0	900.0	400.0	500.0	900.0	2100.0	1400.0	1800.0	1700.0	1300.0	1400.0	200.0	300.0	0.0	2400.0	1300.0	900.0	5100.0	1900.0	700.0	300.0	1000.0	200.0	100.0	2400.0	1600.0	400.0	1200.0	600.0	4300.0	1600.0	3300.0	1100.0	200.0	1600.0	500.0	1400.0	1300.0	1500.0	1000.0	1200.0	200.0	300.0	800.0	1700.0	100.0	2400.0	1300.0	500.0	600.0
o52	100.0	600.0	400.0	2000.0	200.0	1500.0	2500.0	100.0	900.0	1600.0	200.0	800.0	300.0	1100.0	200.0	2700.0	700.0	2000.0	200.0	0.0	700.0	100.0	1500.0	100.0	1700.0	100.0	100.0	100.0	600.0	600.0	100.0	1500.0	800.0	1700.0	1400.0	400.0	700.0	1400.0	200.0	1200.0	300.0	100.0	2400.0	1100.0	1000.0	600.0	700.0	1500.0	700.0	400.0
o53	300.0	1300.0	100.0	500.0	100.0	1600.0	300.0	600.0	1500.0	100.0	100.0	800.0	1800.0	200.0	100.0	2400.0	300.0	1500.0	100.0	1100.0	1300.0	500.0	1200.0	200.0	200.0	500.0	1100.0	200.0	3300.0	600.0	200.0	500.0	600.0	500.0	1300.0	1600.0	2000.0	2200.0	600.0	800.0	700.0	400.0	1300.0	0.0	2400.0	100.0	0.0	500.0	600.0	600.0
o54	100.0	1200.0	500.0	900.0	1100.0	1700.0	3600.0	1900.0	1400.0	1800.0	1300.0	400.0	600.0	400.0	100.0	4100.0	0.0	500.0	700.0	200.0	100.0	800.0	200.0	200.0	1300.0	300.0	0.0	600.0	0.0	1200.0	2700.0	200.0	300.0	700.0	200.0	100.0	5100.0	400.0	100.0	200.0	2600.0	100.0	300.0	1700.0	300.0	700.0	400.0	3000.0	4000.0	400.0
o55	1400.0	300.0	800.0	300.0	700.0	200.0	200.0	200.0	1000.0	1200.0	1400.0	1100.0	500.0	1100.0	400.0	500.0	1100.0	500.0	400.0	500.0	500.0	300.0	1700.0	0.0	1100.0	500.0	1500.0	200.0	700.0	3900.0	1100.0	800.0	500.0	700.0	2300.0	1200.0	500.0	100.0	100.0	5600.0	2800.0	100.0	200.0	800.0	800.0	100.0	300.0	500.0	900.0	0.0
o56	100.0	800.0	100.0	400.0	1000.0	400.0	500.0	1200.0	400.0	0.0	400.0	1500.0	600.0	300.0	600.0	200.0	300.0	1700.0	1000.0	4000.0	500.0	1900.0	400.0	200.0	2300.0	200.0	100.0	1800.0	400.0	500.0	300.0	800.0	400.0	1300.0	100.0	900.0	1500.0	1200.0	2000.0	700.0	1200.0	3500.0	1900.0	100.0	500.0	300.0	100.0	600.0	6300.0	500.0
o57	900.0	5400.0	300.0	2000.0	300.0	800.0	900.0	2200.0	400.0	700.0	800.0	300.0	300.0	800.0	100.0	1000.0	600.0	2100.0	700.0	600.0	600.0	800.0	3000.0	300.0	1200.0	200.0	1000.0	900.0	1000.0	500.0	800.0	3300.0	200.0	2700.0	1600.0	300.0	300.0	200.0	900.0	500.0	1600.0	1500.0	500.0	400.0	1100.0	400.0	900.0	500.0	1900.0	300.0
o58	3900.0	400.0	1900.0	1800.0	500.0	600.0	800.0	1100.0	2900.0	200.0	2300.0	400.0	500.0	1500.0	200.0	700.0	1400.0	300.0	400.0	1900.0	200.0	3500.0	700.0	2000.0	1600.0	400.0	800.0	2000.0	1400.0	100.0	300.0	300.0	200.0	900.0	200.0	1300.0	3700.0	1700.0	0.0	100.0	200.0	200.0	200.0	600.0	2700.0	300.0	2300.0	300.0	1200.0	100.0
o59	1000.0	200.0	1500.0	100.0	600.0	1500.0	700.0	1100.0	200.0	2200.0	1200.0	300.0	200.0	0.0	2300.0	2400.0	0.0	4900.0	800.0	2400.0	500.0	600.0	400.0	0.0	400.0	200.0	400.0	1700.0	400.0	900.0	100.0	800.0	900.0	1500.0	4100.0	1500.0	700.0	2300.0	200.0	1100.0	300.0	700.0	300.0	300.0	300.0	1700.0	1800.0	1000.0	400.0	500.0
o60	0.0	0.0	2300.0	100.0	0.0	0.0	300.0	10500.0	600.0	2600.0	0.0	100.0	200.0	100.0	0.0	200.0	100.0	100.0	300.0	300.0	2300.0	300.0	100.0	400.0	700.0	0.0	1900.0	0.0	0.0	100.0	0.0	0.0	0.0	0.0	100.0	0.0	0.0	2200.0	1100.0	100.0	0.0	1200.0	800.0	0.0	0.0	0.0	1700.0	1100.0	100.0	1700.0
o61	0.0	0.0	100.0	1700.0	0.0	300.0	100.0	200.0	0.0	100.0	200.0	3600.0	0.0	1400.0	0.0	1400.0	2900.0	200.0	100.0	200.0	500.0	200.0	400.0	100.0	400.0	0.0	1100.0	15700.0	1700.0	100.0	100.0	200.0	200.0	0.0	0.0	2600.0	200.0	100.0	0.0	0.0	100.0	100.0	0.0	100.0	0.0	100.0	400.0	1900.0	100.0	1400.0
o62	0.0	100.0	100.0	0.0	0.0	0.0	200.0	0.0	200.0	0.0	500.0	100.0	500.0	0.0	0.0	0.0	0.0	0.0	100.0	300.0	100.0	0.0	100.0	1400.0	0.0	100.0	600.0	2800.0	200.0	100.0	200.0	300.0	2600.0	100.0	0.0	0.0	100.0	100.0	0.0	0.0	0.0	200.0	0.0	2400.0	1300.0	200.0	800.0	100.0	0.0	400.0
o63	0.0	0.0	0.0	1200.0	100.0	400.0	200.0	800.0	1200.0	0.0	5000.0	0.0	300.0	0.0	100.0	0.0	2100.0	100.0	200.0	100.0	0.0	0.0	200.0	300.0	0.0	0.0	0.0	0.0	100.0	60800.0	2400.0	500.0	600.0	400.0	0.0	3600.0	800.0	300.0	100.0	700.0	0.0	600.0	0.0	0.0	800.0	1900.0	200.0	7100.0	0.0	0.0
o64	1900.0	700.0	0.0	0.0	0.0	1200.0	0.0	500.0	0.0	100.0	200.0	500.0	1000.0	0.0	500.0	200.0	8300.0	100.0	0.0	4000.0	0.0	200.0	0.0	700.0	0.0	200.0	0.0	0.0	600.0	600.0	100.0	300.0	200.0	300.0	600.0	0.0	200.0	200.0	0.0	100.0	0.0	2600.0	800.0	100.0	0.0	100.0	4100.0	100.0	0.0	1000.0
o65	300.0	500.0	0.0	100.0	800.0	200.0	300.0	0.0	0.0	0.0	0.0	100.0	0.0	500.0	100.0	100.0	300.0	1100.0	500.0	200.0	0.0	600.0	100.0	300.0	0.0	500.0	0.0	0.0	100.0	0.0	100.0	400.0	100.0	600.0	100.0	0.0	0.0	200.0	900.0	0.0	0.0	0.0	16700.0	0.0	200.0	0.0	400.0	0.0	100.0	200.0
o66	200.0	400.0	0.0	400.0	300.0	200.0	0.0	100.0	200.0	300.0	200.0	100.0	2200.0	0.0	0.0	700.0	100.0	100.0	0.0	2800.0	0.0	100.0	200.0	600.0	0.0	43400.0	6500.0	700.0	0.0	100.0	0.0	1000.0	400.0	0.0	500.0	500.0	0.0	112900.0	100.0	100.0	0.0	400.0	400.0	200.0	2600.0	14600.0	100.0	100.0	0.0	100.0
o67	6400.0	500.0	100.0	400.0	2300.0	1500.0	1600.0	300.0	100.0	200.0	100.0	0.0	100.0	0.0	300.0	0.0	0.0	200.0	0.0	1700.0	300.0	300.0	1800.0	100.0	1800.0	0.0	400.0	200.0	300.0	1500.0	100.0	400.0	100.0	0.0	0.0	300.0	0.0	1300.0	0.0	100.0	100.0	0.0	100.0	0.0	0.0	300.0	100.0	0.0	1200.0	0.0
o68	200.0	0.0	0.0	13500.0	0.0	200.0	100.0	100.0	1000.0	100.0	0.0	100.0	700.0	0.0	100.0	3500.0	100.0	100.0	300.0	400.0	0.0	1100.0	700.0	1700.0	3000.0	0.0	200.0	0.0	100.0	800.0	1000.0	0.0	200.0	300.0	100.0	200.0	0.0	2200.0	400.0	4600.0	0.0	0.0	0.0	800.0	0.0	0.0	0.0	0.0	0.0	0.0
o69	100.0	200.0	100.0	0.0	0.0	200.0	6300.0	900.0	300.0	100.0	100.0	0.0	100.0	0.0	100.0	0.0	500.0	600.0	200.0	200.0	200.0	300.0	200.0	100.0	9300.0	700.0	2700.0	100.0	100.0	100.0	400.0	0.0	0.0	0.0	100.0	1000.0	400.0	100.0	0.0	600.0	0.0	100.0	100.0	200.0	0.0	31000.0	100.0	300.0	0.0	0.0
o70	0.0	100.0	0.0	100.0	2500.0	2500.0	0.0	7300.0	0.0	2000.0	0.0	100.0	100.0	100.0	200.0	100.0	100.0	0.0	0.0	0.0	0.0	1000.0	900.0	0.0	100.0	0.0	6300.0	600.0	1000.0	0.0	0.0	400.0	500.0	100.0	0.0	0.0	0.0	100.0	100.0	0.0	0.0	0.0	100.0	400.0	0.0	0.0	400.0	100.0	400.0	100.0
o71	0.0	500.0	0.0	100.0	400.0	0.0	0.0	400.0	100.0	3200.0	100.0	100.0	1000.0	0.0	500.0	800.0	100.0	200.0	800.0	0.0	200.0	300.0	100.0	0.0	100.0	300.0	100.0	1800.0	0.0	200.0	0.0	0.0	100.0	300.0	400.0	100.0	0.0	0.0	0.0	700.0	100.0	200.0	100.0	0.0	300.0	0.0	1400.0	200.0	4200.0	500.0
o72	62000.0	300.0	0.0	100.0	300.0	400.0	0.0	0.0	400.0	100.0	0.0	1300.0	800.0	0.0	0.0	100.0	500.0	100.0	0.0	300.0	300.0	200.0	0.0	0.0	0.0	0.0	0.0	100.0	2300.0	0.0	0.0	100.0	100.0	100.0	4700.0	300.0	500.0	0.0	100.0	0.0	0.0	0.0	200.0	300.0	100.0	0.0	0.0	0.0	300.0	500.0
o73	5100.0	0.0	2300.0	100.0	2000.0	0.0	0.0	0.0	100.0	0.0	300.0	500.0	0.0	0.0	1200.0	100.0	100.0	0.0	200.0	0.0	0.0	1100.0	3800.0	400.0	1000.0	4800.0	1400.0	0.0	0.0	300.0	400.0	0.0	0.0	100.0	10900.0	200.0	500.0	200.0	100.0	100.0	0.0	0.0	0.0	0.0	0.0	0.0	800.0	0.0	0.0	100.0
o74	0.0	0.0	100.0	2300.0	100.0	0.0	500.0	0.0	0.0	600.0	100.0	400.0	0.0	100.0	100.0	200.0	100.0	0.0	0.0	0.0	400.0	0.0	0.0	0.0	100.0	0.0	0.0	400.0	100.0	0.0	400.0	100.0	0.0	0.0	6600.0	0.0	0.0	100.0	0.0	500.0	100.0	0.0	800.0	100.0	100.0	700.0	0.0	0.0	800.0	100.0
o75	700.0	100.0	0.0	400.0	1200.0	200.0	300.0	2400.0	7400.0	0.0	200.0	100.0	300.0	0.0	0.0	300.0	200.0	100.0	500.0	1400.0	200.0	900.0	100.0	100.0	0.0	0.0	0.0	0.0	2800.0	2100.0	100.0	800.0	100.0	1800.0	0.0	100.0	500.0	0.0	100.0	100.0	500.0	200.0	0.0	0.0	2300.0	0.0	200.0	0.0	0.0	300.0
o76	0.0	0.0	100.0	0.0	100.0	1300.0	100.0	100.0	0.0	0.0	0.0	500.0	0.0	0.0	0.0	1300.0	2700.0	1400.0	100.0	100.0	2400.0	800.0	0.0	0.0	0.0	0.0	500.0	300.0	0.0	0.0	100.0	100.0	1200.0	100.0	0.0	0.0	200.0	0.0	100.0	0.0	0.0	400.0	100.0	600.0	100.0	0.0	100.0	600.0	1500.0	0.0
o77	300.0	0.0	700.0	0.0	1900.0	0.0	0.0	0.0	200.0	100.0	800.0	100.0	900.0	200.0	2200.0	0.0	100.0	200.0	200.0	1600.0	300.0	100.0	100.0	0.0	3000.0	0.0	24700.0	0.0	0.0	100.0	0.0	0.0	100.0	300.0	100.0	0.0	0.0	1900.0	200.0	0.0	100.0	100.0	0.0	0.0	100.0	0.0	200.0	0.0	0.0	7000.0
o78	100.0	0.0	200.0	0.0	2900.0	100.0	100.0	2300.0	200.0	600.0	5300.0	200.0	100.0	1200.0	0.0	0.0	0.0	0.0	100.0	300.0	0.0	0.0	100.0	100.0	100.0	400.0	100.0	1600.0	900.0	0.0	0.0	100.0	4000.0	2600.0	0.0	0.0	0.0	100.0	0.0	0.0	100.0	300.0	200.0	1900.0	0.0	1200.0	100.0	0.0	0.0	800.0
o79	0.0	200.0	100.0	0.0	0.0	100.0	0.0	1700.0	0.0	200.0	0.0	100.0	2100.0	3000.0	100.0	0.0	600.0	100.0	0.0	0.0	0.0	9400.0	0.0	0.0	300.0	2300.0	0.0	100.0	200.0	0.0	0.0	7200.0	0.0	100.0	1100.0	0.0	2200.0	3800.0	2200.0	200.0	100.0	0.0	0.0	1400.0	100.0	300.0	100.0	1700.0	700.0	700.0
o80	0.0	500.0	15100.0	0.0	0.0	0.0	300.0	100.0	400.0	7500.0	300.0	0.0	200.0	2200.0	8300.0	0.0	500.0	0.0	0.0	100.0	100.0	200.0	0.0	1600.0	0.0	200.0	0.0	0.0	2700.0	700.0	100.0	100.0	800.0	100.0	0.0	0.0	1600.0	0.0	100.0	1200.0	200.0	0.0	1300.0	900.0	100.0	200.0	500.0	0.0	2000.0	200.0
o81	300.0	0.0	800.0	3600.0	100.0	0.0	100.0	200.0	300.0	0.0	0.0	500.0	0.0	100.0	0.0	300.0	100.0	0.0	800.0	0.0	0.0	0.0	100.0	300.0	200.0	0.0	700.0	100.0	100.0	0.0	200.0	0.0	2600.0	0.0	200.0	600.0	0.0	0.0	100.0	1500.0	0.0	0.0	2500.0	100.0	0.0	100.0	200.0	0.0	200.0	0.0
o82	100.0	35400.0	0.0	500.0	200.0	0.0	100.0	1200.0	0.0	0.0	0.0	100.0	500.0	100.0	900.0	300.0	100.0	4200.0	100.0	0.0	100.0	0.0	100.0	0.0	200.0	100.0	3600.0	100.0	2600.0	1500.0	0.0	1200.0	300.0	0.0	400.0	0.0	0.0	300.0	400.0	100.0	100.0	200.0	100.0	1000.0	700.0	900.0	200.0	0.0	200.0	24300.0
o83	0.0	200.0	2000.0	200.0	0.0	400.0	400.0	100.0	100.0	1700.0	18000.0	0.0	1200.0	0.0	200.0	0.0	300.0	100.0	100.0	100.0	600.0	0.0	300.0	2300.0	100.0	100.0	800.0	100.0	0.0	6100.0	1000.0	100.0	500.0	0.0	200.0	600.0	0.0	300.0	0.0	300.0	0.0	0.0	400.0	100.0	100.0	100.0	400.0	0.0	0.0	400.0
o84	0.0	0.0	100.0	1100.0	300.0	100.0	100.0	0.0	0.0	6000.0	100.0	0.0	100.0	100.0	200.0	100.0	500.0	0.0	0.0	100.0	2400.0	0.0	100.0	0.0	0.0	0.0	600.0	200.0	800.0	400.0	100.0	300.0	100.0	2900.0	100.0	0.0	200.0	100.0	0.0	0.0	100.0	100.0	0.0	100.0	400.0	600.0	100.0	800.0	900.0	2800.0
o85	100.0	1400.0	200.0	500.0	0.0	0.0	0.0	300.0	0.0	400.0	200.0	0.0	300.0	0.0	500.0	100.0	0.0	600.0	500.0	100.0	100.0	0.0	300.0	100.0	100.0	4300.0	0.0	300.0	200.0	0.0	13400.0	100.0	400.0	100.0	100.0	200.0	500.0	0.0	0.0	100.0	0.0	0.0	1400.0	0.0	400.0	200.0	200.0	0.0	4400.0	400.0
o86	0.0	100.0	300.0	0.0	200.0	900.0	0.0	500.0	400.0	0.0	3200.0	100.0	100.0	0.0	0.0	400.0	0.0	100.0	0.0	0.0	0.0	300.0	0.0	300.0	500.0	3200.0	0.0	0.0	700.0	0.0	0.0	300.0	0.0	300.0	0.0	0.0	16700.0	500.0	800.0	0.0	0.0	100.0	1000.0	2700.0	100.0	1200.0	300.0	300.0	600.0	200.0
o87	500.0	500.0	300.0	1000.0	0.0	200.0	1200.0	0.0	0.0	300.0	200.0	100.0	300.0	0.0	100.0	2700.0	4400.0	100.0	0.0	100.0	100.0	0.0	3000.0	7500.0	1000.0	100.0	100.0	0.0	0.0	100.0	0.0	200.0	0.0	1300.0	0.0	0.0	200.0	100.0	0.0	400.0	0.0	200.0	0.0	0.0	700.0	100.0	0.0	7700.0	100.0	100.0
o88	100.0	0.0	100.0	200.0	0.0	100.0	3500.0	0.0	200.0	0.0	100.0	0.0	0.0	200.0	600.0	100.0	0.0	600.0	100.0	100.0	500.0	1000.0	1600.0	0.0	0.0	100.0	400.0	300.0	0.0	100.0	100.0	0.0	0.0	300.0	100.0	0.0	1100.0	0.0	0.0	100.0	0.0	700.0	100.0	100.0	100.0	0.0	0.0	10400.0	0.0	0.0
o89	0.0	4500.0	100.0	1600.0	100.0	200.0	200.0	100.0	0.0	500.0	300.0	800.0	0.0	100.0	200.0	0.0	0.0	0.0	300.0	2500.0	100.0	1600.0	0.0	0.0	2100.0	3500.0	500.0	200.0	700.0	0.0	100.0	800.0	0.0	300.0	100.0	0.0	0.0	100.0	1400.0	0.0	0.0	1800.0	300.0	0.0	100.0	200.0	600.0	0.0	4800.0	100.0
o90	0.0	1500.0	22300.0	0.0	100.0	600.0	100.0	200.0	900.0	0.0	800.0	0.0	500.0	200.0	0.0	2600.0	400.0	300.0	100.0	0.0	0.0	300.0	100.0	0.0	0.0	200.0	200.0	600.0	2000.0	100.0	0.0	0.0	100.0	900.0	600.0	0.0	1000.0	100.0	100.0	3000.0	100.0	100.0	800.0	0.0	1300.0	400.0	0.0	0.0	0.0	0.0
o91	0.0	0.0	1100.0	1500.0	0.0	400.0	0.0	0.0	100.0	100.0	0.0	200.0	1400.0	0.0	0.0	100.0	200.0	800.0	600.0	100.0	100.0	600.0	0.0	400.0	0.0	1600.0	400.0	1500.0	200.0	800.0	5900.0	2000.0	0.0	100.0	8500.0	1300.0	0.0	0.0	1100.0	100.0	0.0	400.0	0.0	0.0	500.0	100.0	600.0	0.0	300.0	4800.0
o92	300.0	0.0	400.0	100.0	100.0	0.0	100.0	100.0	0.0	100.0	0.0	0.0	100.0	600.0	1200.0	100.0	100.0	0.0	0.0	0.0	400.0	1500.0	0.0	200.0	0.0	0.0	0.0	300.0	0.0	100.0	1800.0	0.0	200.0	100.0	13300.0	500.0	3500.0	0.0	2600.0	200.0	100.0	100.0	200.0	1700.0	200.0	400.0	0.0	600.0	700.0	0.0
o93	0.0	100.0	1400.0	100.0	0.0	300.0	5100.0	300.0	100.0	0.0	200.0	700.0	100.0	0.0	0.0	0.0	2200.0	600.0	100.0	0.0	0.0	100.0	200.0	400.0	200.0	0.0	0.0	200.0	100.0	0.0	0.0	300.0	200.0	100.0	200.0	100.0	0.0	100.0	200.0	0.0	600.0	100.0	800.0	0.0	800.0	0.0	0.0	0.0	0.0	0.0
o94	100.0	300.0	0.0	300.0	2700.0	800.0	700.0	0.0	9700.0	100.0	0.0	0.0	0.0	2900.0	0.0	1300.0	200.0	2500.0	300.0	0.0	200.0	200.0	0.0	100.0	300.0	500.0	0.0	0.0	100.0	100.0	700.0	200.0	200.0	100.0	0.0	0.0	600.0	0.0	4800.0	3100.0	0.0	100.0	100.0	1100.0	100.0	0.0	700.0	100.0	0.0	100.0
o95	100.0	200.0	100.0	0.0	500.0	600.0	300.0	0.0	300.0	0.0	0.0	1300.0	0.0	2800.0	0.0	600.0	0.0	0.0	0.0	0.0	200.0	0.0	100.0	0.0	2000.0	200.0	3400.0	200.0	100.0	0.0	7000.0	7200.0	300.0	200.0	0.0	700.0	0.0	0.0	0.0	0.0	200.0	0.0	300.0	200.0	100.0	700.0	100.0	0.0	200.0	2100.0
o96	800.0	400.0	13500.0	300.0	0.0	4700.0	5100.0	17700.0	700.0	0.0	100.0	600.0	300.0	1400.0	100.0	0.0	100.0	400.0	1600.0	1000.0	0.0	0.0	0.0	0.0	8100.0	400.0	300.0	200.0	100.0	2200.0	500.0	300.0	0.0	2900.0	0.0	200.0	100.0	100.0	0.0	0.0	700.0	1200.0	300.0	0.0	100.0	0.0	0.0	1800.0	0.0	0.0
o97	0.0	1600.0	300.0	400.0	100.0	100.0	0.0	1400.0	0.0	0.0	100.0	100.0	0.0	400.0	200.0	200.0	400.0	300.0	0.0	1200.0	500.0	1800.0	100.0	0.0	0.0	100.0	0.0	500.0	100.0	100.0	0.0	100.0	100.0	0.0	100.0	0.0	0.0	100.0	0.0	0.0	100.0	300.0	0.0	0.0	0.0	100.0	8000.0	1300.0	100.0	0.0
o98	100.0	0.0	100.0	9000.0	100.0	100.0	100.0	700.0	100.0	3000.0	0.0	500.0	300.0	100.0	0.0	0.0	0.0	0.0	0.0	100.0	500.0	100.0	3400.0	600.0	0.0	100.0	700.0	200.0	6500.0	3000.0	0.0	0.0	0.0	200.0	100.0	1500.0	0.0	0.0	0.0	0.0	500.0	3100.0	1700.0	200.0	100.0	100.0	100.0	200.0	0.0	100.0
o99	100.0	100.0	1500.0	0.0	100.0	1600.0	1500.0	1300.0	0.0	100.0	0.0	100.0	1600.0	0.0	100.0	0.0	1000.0	0.0	0.0	100.0	100.0	5700.0	100.0	0.0	100.0	100.0	0.0	0.0	100.0	600.0	200.0	1700.0	800.0	0.0	0.0	100.0	400.0	0.0	100.0	0.0	100.0	0.0	100.0	0.0	2900.0	600.0	300.0	200.0	0.0	0.0