# Constructed from biom file
#OTU ID	s0	s1	s2	s3	s4	s5	s6	s7	s8	s9	s10	s11	s12	s13	s14	s15	s16	s17	s18	s19	s20	s21	s22	s23	s24	s25	s26	s27	s28	s29	s30	s31	s32	s33	s34	s35	s36	s37	s38	s39	s40	s41	s42	s43	s44	s45	s46	s47	s48	s49
o0	300.0	304.0	305.0	304.0	302.0	299.0	294.0	288.0	282.0	274.0	266.0	258.0	249.0	240.0	232.0	224.0	217.0	210.0	205.0	200.0	197.0	195.0	195.0	196.0	199.0	203.0	210.0	217.0	226.0	237.0	249.0	262.0	276.0	291.0	307.0	323.0	340.0	356.0	373.0	389.0	405.0	420.0	435.0	448.0	460.0	471.0	481.0	489.0	495.0	300.0
o1	50.0	248.0	305.0	64.0	234.0	227.0	76.0	208.0	282.0	186.0	92.0	96.0	101.0	240.0	232.0	224.0	100.0	210.0	0.0	200.0	197.0	0.0	141.0	196.0	199.0	203.0	157.0	217.0	226.0	237.0	249.0	262.0	181.0	291.0	117.0	0.0	0.0	155.0	373.0	210.0	192.0	420.0	213.0	222.0	460.0	471.0	481.0	489.0	246.0	300.0
o2	0.0	0.0	0.0	0.0	0.0	227.0	76.0	208.0	197.0	186.0	92.0	96.0	0.0	0.0	109.0	0.0	0.0	0.0	125.0	0.0	0.0	0.0	0.0	145.0	50.0	0.0	0.0	0.0	0.0	68.0	75.0	85.0	95.0	185.0	0.0	0.0	0.0	0.0	0.0	389.0	214.0	218.0	0.0	448.0	231.0	0.0	0.0	0.0	246.0	300.0
o3	282.0	275.0	304.0	308.0	271.0	275.0	276.0	292.0	314.0	274.0	280.0	234.0	226.0	239.0	200.0	203.0	230.0	211.0	186.0	173.0	238.0	211.0	199.0	200.0	233.0	187.0	209.0	225.0	235.0	216.0	281.0	259.0	276.0	284.0	313.0	343.0	361.0	363.0	373.0	422.0	393.0	440.0	469.0	456.0	441.0	467.0	501.0	493.0	481.0	287.0
o4	314.0	268.0	224.0	253.0	266.0	93.0	54.0	298.0	282.0	0.0	285.0	82.0	242.0	220.0	118.0	131.0	104.0	110.0	78.0	0.0	122.0	54.0	201.0	194.0	199.0	177.0	221.0	206.0	174.0	242.0	251.0	0.0	114.0	116.0	198.0	145.0	191.0	388.0	374.0	234.0	429.0	0.0	401.0	466.0	208.0	221.0	460.0	244.0	510.0	317.0
o5	0.0	270.0	280.0	0.0	0.0	273.0	0.0	0.0	0.0	0.0	0.0	0.0	93.0	0.0	0.0	0.0	204.0	73.0	208.0	0.0	0.0	0.0	0.0	0.0	187.0	73.0	60.0	0.0	211.0	0.0	98.0	0.0	0.0	163.0	306.0	0.0	0.0	0.0	0.0	0.0	0.0	213.0	229.0	230.0	215.0	0.0	0.0	241.0	0.0	0.0
o6	332.0	337.0	329.0	314.0	303.0	261.0	307.0	290.0	264.0	269.0	246.0	343.0	279.0	228.0	156.0	265.0	218.0	191.0	192.0	212.0	224.0	162.0	171.0	273.0	190.0	260.0	236.0	150.0	201.0	232.0	251.0	209.0	273.0	232.0	318.0	270.0	407.0	326.0	362.0	395.0	385.0	378.0	435.0	375.0	475.0	453.0	521.0	477.0	450.0	329.0
o7	251.0	59.0	247.0	65.0	256.0	282.0	286.0	99.0	241.0	257.0	81.0	84.0	219.0	221.0	218.0	0.0	151.0	229.0	153.0	143.0	119.0	252.0	59.0	147.0	284.0	4.0	155.0	18.0	187.0	212.0	239.0	0.0	301.0	101.0	234.0	282.0	0.0	249.0	0.0	0.0	419.0	189.0	195.0	201.0	441.0	287.0	529.0	511.0	535.0	18.0
o8	0.0	238.0	0.0	0.0	0.0	210.0	326.0	0.0	0.0	0.0	0.0	75.0	0.0	0.0	133.0	0.0	159.0	0.0	0.0	0.0	258.0	181.0	0.0	17.0	0.0	55.0	275.0	129.0	87.0	0.0	0.0	291.0	0.0	168.0	0.0	0.0	0.0	0.0	0.0	184.0	259.0	0.0	0.0	270.0	0.0	266.0	223.0	263.0	0.0	212.0
o9	296.0	287.0	280.0	273.0	264.0	256.0	247.0	239.0	230.0	223.0	215.0	209.0	204.0	199.0	197.0	195.0	195.0	197.0	200.0	204.0	211.0	219.0	228.0	239.0	251.0	264.0	279.0	294.0	310.0	326.0	343.0	359.0	376.0	392.0	408.0	423.0	437.0	451.0	462.0	473.0	482.0	490.0	496.0	301.0	304.0	305.0	305.0	303.0	300.0	296.0
o10	75.0	287.0	85.0	89.0	264.0	256.0	146.0	105.0	230.0	223.0	215.0	121.0	204.0	199.0	197.0	195.0	53.0	197.0	200.0	154.0	211.0	0.0	228.0	239.0	0.0	264.0	182.0	108.0	310.0	132.0	144.0	359.0	170.0	392.0	194.0	423.0	437.0	0.0	231.0	235.0	0.0	490.0	0.0	250.0	249.0	305.0	63.0	303.0	229.0	296.0
o11	75.0	206.0	0.0	89.0	264.0	0.0	0.0	133.0	109.0	109.0	215.0	121.0	0.0	0.0	63.0	0.0	53.0	146.0	200.0	0.0	158.0	57.0	0.0	0.0	0.0	86.0	0.0	0.0	190.0	0.0	198.0	0.0	0.0	0.0	0.0	205.0	0.0	224.0	0.0	0.0	0.0	243.0	0.0	0.0	0.0	0.0	0.0	0.0	300.0	0.0
o12	310.0	276.0	312.0	296.0	270.0	270.0	244.0	206.0	207.0	262.0	191.0	201.0	244.0	201.0	192.0	196.0	199.0	177.0	194.0	185.0	174.0	230.0	229.0	252.0	263.0	233.0	277.0	254.0	317.0	323.0	367.0	339.0	401.0	387.0	429.0	426.0	435.0	435.0	433.0	517.0	505.0	528.0	468.0	293.0	336.0	312.0	292.0	322.0	280.0	294.0
o13	71.0	216.0	0.0	268.0	151.0	280.0	95.0	223.0	221.0	262.0	75.0	233.0	0.0	0.0	157.0	231.0	188.0	148.0	0.0	212.0	197.0	80.0	222.0	178.0	61.0	270.0	285.0	252.0	97.0	199.0	331.0	363.0	367.0	191.0	439.0	194.0	0.0	0.0	453.0	228.0	478.0	257.0	487.0	226.0	305.0	343.0	58.0	295.0	221.0	282.0
o14	68.0	77.0	0.0	0.0	160.0	0.0	161.0	117.0	0.0	0.0	118.0	244.0	133.0	118.0	71.0	0.0	0.0	0.0	173.0	0.0	0.0	0.0	0.0	174.0	0.0	0.0	84.0	254.0	205.0	0.0	143.0	0.0	388.0	0.0	0.0	0.0	211.0	236.0	248.0	0.0	0.0	253.0	0.0	0.0	0.0	77.0	258.0	0.0	0.0	0.0
o15	341.0	291.0	268.0	298.0	199.0	332.0	187.0	244.0	252.0	182.0	163.0	260.0	158.0	220.0	209.0	203.0	179.0	190.0	287.0	211.0	279.0	223.0	305.0	233.0	277.0	242.0	300.0	295.0	313.0	342.0	415.0	326.0	411.0	358.0	397.0	437.0	506.0	425.0	414.0	491.0	534.0	579.0	477.0	359.0	310.0	301.0	343.0	362.0	349.0	288.0
o16	264.0	248.0	166.0	263.0	134.0	139.0	160.0	192.0	83.0	152.0	0.0	290.0	96.0	0.0	95.0	182.0	161.0	149.0	143.0	105.0	0.0	261.0	252.0	222.0	77.0	109.0	211.0	119.0	382.0	340.0	0.0	0.0	445.0	369.0	262.0	233.0	376.0	455.0	238.0	483.0	469.0	416.0	226.0	262.0	297.0	275.0	290.0	198.0	329.0	231.0
o17	203.0	66.0	0.0	223.0	0.0	193.0	303.0	0.0	0.0	0.0	100.0	66.0	149.0	216.0	0.0	0.0	0.0	0.0	0.0	279.0	0.0	104.0	99.0	0.0	0.0	0.0	212.0	172.0	0.0	0.0	0.0	116.0	206.0	0.0	203.0	0.0	184.0	0.0	0.0	449.0	0.0	0.0	201.0	0.0	228.0	0.0	0.0	0.0	0.0	0.0
o18	250.0	237.0	229.0	221.0	214.0	208.0	203.0	199.0	196.0	195.0	195.0	197.0	201.0	206.0	212.0	220.0	230.0	241.0	253.0	267.0	281.0	297.0	313.0	329.0	346.0	363.0	379.0	395.0	411.0	426.0	440.0	453.0	465.0	475.0	484.0	491.0	497.0	301.0	304.0	305.0	305.0	303.0	299.0	295.0	289.0	282.0	275.0	267.0	259.0	250.0
o19	250.0	237.0	229.0	221.0	96.0	122.0	203.0	199.0	196.0	57.0	53.0	197.0	201.0	51.0	212.0	220.0	167.0	171.0	175.0	179.0	99.0	297.0	0.0	134.0	346.0	160.0	172.0	395.0	215.0	426.0	440.0	453.0	231.0	475.0	484.0	243.0	0.0	0.0	304.0	245.0	64.0	68.0	299.0	295.0	0.0	282.0	275.0	92.0	163.0	150.0
o20	100.0	131.0	110.0	0.0	0.0	208.0	126.0	69.0	134.0	138.0	0.0	146.0	201.0	0.0	0.0	58.0	63.0	0.0	0.0	179.0	99.0	110.0	122.0	134.0	0.0	0.0	207.0	0.0	215.0	219.0	0.0	226.0	0.0	235.0	0.0	0.0	0.0	250.0	0.0	0.0	0.0	0.0	228.0	0.0	0.0	0.0	0.0	0.0	0.0	0.0
o21	272.0	219.0	229.0	198.0	231.0	227.0	221.0	194.0	168.0	160.0	178.0	162.0	211.0	202.0	253.0	221.0	215.0	240.0	253.0	248.0	312.0	292.0	307.0	294.0	373.0	383.0	385.0	395.0	414.0	444.0	444.0	483.0	465.0	513.0	503.0	465.0	472.0	254.0	288.0	341.0	268.0	308.0	289.0	296.0	254.0	299.0	282.0	271.0	245.0	254.0
o22	210.0	273.0	264.0	0.0	222.0	0.0	129.0	190.0	43.0	145.0	167.0	33.0	0.0	153.0	219.0	159.0	232.0	57.0	253.0	165.0	119.0	293.0	320.0	187.0	334.0	0.0	361.0	405.0	194.0	188.0	443.0	419.0	459.0	215.0	451.0	247.0	498.0	265.0	267.0	309.0	284.0	303.0	57.0	277.0	0.0	87.0	181.0	232.0	236.0	261.0
o23	0.0	0.0	0.0	0.0	0.0	0.0	0.0	85.0	0.0	0.0	176.0	37.0	0.0	63.0	0.0	154.0	0.0	75.0	0.0	0.0	0.0	89.0	0.0	0.0	176.0	0.0	208.0	191.0	0.0	184.0	0.0	0.0	243.0	252.0	0.0	499.0	271.0	0.0	65.0	0.0	0.0	58.0	56.0	94.0	74.0	208.0	0.0	93.0	274.0	0.0
o24	264.0	211.0	155.0	242.0	183.0	183.0	295.0	186.0	223.0	174.0	114.0	173.0	168.0	262.0	267.0	231.0	191.0	219.0	263.0	292.0	214.0	277.0	261.0	294.0	312.0	406.0	347.0	434.0	382.0	458.0	469.0	373.0	431.0	554.0	558.0	501.0	545.0	313.0	307.0	309.0	295.0	277.0	268.0	328.0	245.0	279.0	346.0	238.0	279.0	302.0
o25	72.0	205.0	134.0	150.0	182.0	197.0	31.0	110.0	152.0	0.0	208.0	193.0	223.0	178.0	101.0	166.0	155.0	82.0	218.0	280.0	143.0	0.0	149.0	351.0	395.0	215.0	403.0	361.0	0.0	407.0	250.0	453.0	250.0	253.0	255.0	280.0	492.0	228.0	89.0	321.0	90.0	0.0	239.0	0.0	236.0	295.0	307.0	157.0	312.0	206.0
o26	174.0	0.0	0.0	0.0	0.0	94.0	132.0	0.0	0.0	0.0	0.0	76.0	0.0	129.0	116.0	206.0	0.0	0.0	0.0	87.0	77.0	0.0	0.0	89.0	0.0	0.0	0.0	145.0	0.0	393.0	0.0	190.0	252.0	203.0	209.0	289.0	0.0	298.0	0.0	0.0	0.0	0.0	0.0	60.0	0.0	156.0	258.0	95.0	0.0	84.0
o27	300.0	302.0	303.0	302.0	301.0	299.0	297.0	294.0	291.0	287.0	283.0	279.0	274.0	270.0	266.0	262.0	258.0	255.0	252.0	250.0	249.0	248.0	247.0	248.0	250.0	252.0	255.0	259.0	263.0	268.0	274.0	281.0	288.0	295.0	303.0	311.0	320.0	328.0	336.0	345.0	353.0	360.0	367.0	374.0	380.0	386.0	390.0	394.0	398.0	300.0
o28	300.0	199.0	303.0	195.0	192.0	188.0	0.0	179.0	117.0	287.0	283.0	123.0	125.0	270.0	129.0	262.0	258.0	135.0	252.0	250.0	249.0	248.0	247.0	248.0	100.0	100.0	255.0	0.0	263.0	109.0	274.0	0.0	166.0	295.0	303.0	172.0	320.0	0.0	178.0	345.0	353.0	176.0	367.0	374.0	190.0	0.0	196.0	394.0	398.0	100.0
o29	0.0	199.0	0.0	107.0	0.0	0.0	184.0	0.0	174.0	119.0	0.0	0.0	0.0	127.0	0.0	131.0	0.0	0.0	137.0	139.0	249.0	0.0	0.0	0.0	100.0	0.0	0.0	156.0	158.0	109.0	0.0	117.0	166.0	0.0	134.0	0.0	320.0	152.0	0.0	0.0	353.0	0.0	0.0	0.0	0.0	0.0	0.0	394.0	198.0	0.0
o30	278.0	310.0	303.0	295.0	315.0	293.0	295.0	283.0	282.0	290.0	277.0	265.0	285.0	266.0	283.0	276.0	261.0	243.0	237.0	256.0	244.0	270.0	230.0	235.0	260.0	241.0	254.0	254.0	249.0	272.0	264.0	295.0	293.0	289.0	319.0	313.0	313.0	327.0	344.0	356.0	332.0	367.0	380.0	361.0	372.0	388.0	393.0	372.0	394.0	299.0
o31	93.0	303.0	314.0	294.0	103.0	180.0	117.0	284.0	105.0	299.0	168.0	288.0	137.0	132.0	140.0	121.0	262.0	124.0	257.0	0.0	245.0	248.0	142.0	97.0	139.0	101.0	99.0	104.0	276.0	154.0	284.0	120.0	307.0	280.0	168.0	322.0	143.0	338.0	190.0	358.0	171.0	188.0	374.0	361.0	199.0	380.0	185.0	399.0	193.0	110.0
o32	0.0	190.0	0.0	0.0	0.0	0.0	0.0	0.0	0.0	156.0	0.0	0.0	0.0	0.0	138.0	277.0	0.0	0.0	145.0	0.0	0.0	155.0	0.0	243.0	105.0	0.0	100.0	102.0	260.0	0.0	155.0	0.0	0.0	127.0	0.0	144.0	0.0	175.0	333.0	0.0	350.0	187.0	0.0	197.0	0.0	0.0	0.0	403.0	0.0	0.0
o33	306.0	326.0	320.0	331.0	271.0	335.0	298.0	309.0	300.0	297.0	282.0	239.0	244.0	259.0	264.0	258.0	291.0	254.0	256.0	269.0	233.0	273.0	258.0	258.0	244.0	246.0	279.0	297.0	258.0	272.0	298.0	304.0	325.0	299.0	288.0	317.0	322.0	353.0	308.0	360.0	395.0	354.0	329.0	365.0	390.0	364.0	363.0	376.0	401.0	304.0
o34	309.0	332.0	285.0	112.0	291.0	325.0	162.0	202.0	0.0	301.0	0.0	112.0	131.0	0.0	127.0	127.0	244.0	259.0	265.0	282.0	116.0	282.0	138.0	95.0	161.0	97.0	111.0	250.0	144.0	0.0	174.0	282.0	321.0	260.0	127.0	301.0	301.0	328.0	0.0	188.0	318.0	345.0	403.0	380.0	0.0	211.0	418.0	404.0	370.0	307.0
o35	0.0	0.0	110.0	115.0	0.0	309.0	0.0	169.0	0.0	152.0	140.0	291.0	0.0	256.0	116.0	269.0	127.0	0.0	0.0	0.0	0.0	0.0	0.0	0.0	0.0	0.0	0.0	154.0	166.0	0.0	143.0	0.0	121.0	0.0	142.0	0.0	333.0	0.0	0.0	0.0	0.0	167.0	0.0	173.0	0.0	192.0	0.0	0.0	0.0	113.0
o36	298.0	294.0	290.0	286.0	282.0	278.0	274.0	269.0	265.0	261.0	258.0	255.0	252.0	250.0	248.0	248.0	248.0	248.0	250.0	252.0	255.0	259.0	264.0	269.0	276.0	282.0	289.0	297.0	305.0	313.0	321.0	330.0	338.0	346.0	354.0	362.0	369.0	375.0	381.0	387.0	391.0	395.0	398.0	300.0	302.0	303.0	302.0	302.0	300.0	298.0
o37	185.0	116.0	118.0	0.0	282.0	154.0	274.0	142.0	130.0	261.0	134.0	136.0	114.0	250.0	0.0	248.0	248.0	248.0	0.0	252.0	255.0	103.0	264.0	160.0	162.0	164.0	289.0	297.0	305.0	313.0	174.0	330.0	338.0	346.0	172.0	0.0	369.0	375.0	381.0	387.0	391.0	199.0	200.0	300.0	199.0	303.0	0.0	193.0	110.0	298.0
o38	185.0	0.0	0.0	120.0	0.0	0.0	274.0	142.0	0.0	132.0	124.0	136.0	0.0	0.0	142.0	0.0	146.0	148.0	0.0	0.0	0.0	103.0	0.0	0.0	276.0	0.0	166.0	129.0	0.0	0.0	0.0	0.0	0.0	346.0	0.0	0.0	182.0	0.0	0.0	192.0	0.0	199.0	200.0	0.0	199.0	0.0	302.0	0.0	110.0	0.0
o39	279.0	288.0	287.0	286.0	278.0	277.0	256.0	256.0	269.0	270.0	260.0	258.0	268.0	256.0	241.0	250.0	248.0	248.0	244.0	253.0	266.0	262.0	271.0	271.0	265.0	277.0	293.0	295.0	297.0	304.0	321.0	324.0	328.0	358.0	365.0	345.0	392.0	372.0	377.0	399.0	381.0	392.0	400.0	298.0	319.0	303.0	306.0	286.0	299.0	306.0
o40	194.0	293.0	305.0	276.0	281.0	158.0	128.0	268.0	146.0	124.0	113.0	246.0	255.0	133.0	255.0	0.0	113.0	92.0	239.0	0.0	160.0	168.0	151.0	161.0	275.0	273.0	304.0	303.0	180.0	312.0	147.0	332.0	329.0	187.0	0.0	173.0	191.0	378.0	201.0	185.0	395.0	372.0	188.0	291.0	313.0	301.0	99.0	107.0	194.0	293.0
o41	0.0	0.0	0.0	0.0	282.0	144.0	0.0	139.0	0.0	126.0	0.0	0.0	137.0	0.0	0.0	0.0	0.0	0.0	0.0	149.0	158.0	150.0	286.0	0.0	0.0	174.0	165.0	164.0	0.0	131.0	318.0	0.0	0.0	177.0	184.0	0.0	0.0	198.0	195.0	188.0	0.0	0.0	0.0	203.0	192.0	0.0	193.0	0.0	0.0	189.0
o42	268.0	273.0	334.0	278.0	318.0	305.0	287.0	264.0	278.0	289.0	300.0	239.0	254.0	250.0	256.0	263.0	294.0	221.0	249.0	258.0	266.0	247.0	301.0	275.0	236.0	270.0	330.0	274.0	277.0	308.0	346.0	296.0	374.0	355.0	376.0	376.0	361.0	374.0	416.0	389.0	389.0	403.0	403.0	315.0	291.0	297.0	282.0	323.0	297.0	294.0
o43	202.0	310.0	312.0	116.0	136.0	275.0	299.0	109.0	144.0	244.0	111.0	133.0	94.0	94.0	259.0	108.0	154.0	225.0	221.0	137.0	0.0	97.0	109.0	0.0	253.0	265.0	283.0	142.0	138.0	309.0	318.0	189.0	155.0	361.0	176.0	335.0	396.0	398.0	0.0	191.0	410.0	390.0	201.0	320.0	305.0	0.0	344.0	277.0	94.0	300.0
o44	135.0	0.0	164.0	267.0	155.0	0.0	0.0	0.0	0.0	0.0	0.0	116.0	0.0	150.0	0.0	112.0	100.0	160.0	150.0	76.0	113.0	0.0	0.0	0.0	0.0	141.0	300.0	0.0	168.0	0.0	169.0	0.0	0.0	0.0	0.0	0.0	175.0	0.0	174.0	0.0	0.0	199.0	214.0	0.0	0.0	0.0	0.0	270.0	94.0	173.0
o45	275.0	269.0	264.0	261.0	257.0	254.0	251.0	249.0	248.0	247.0	248.0	249.0	250.0	253.0	256.0	260.0	265.0	271.0	277.0	283.0	291.0	298.0	306.0	315.0	323.0	331.0	340.0	348.0	355.0	363.0	370.0	376.0	382.0	387.0	392.0	396.0	399.0	301.0	302.0	303.0	302.0	301.0	300.0	297.0	295.0	291.0	288.0	284.0	279.0	275.0
o46	275.0	269.0	264.0	261.0	0.0	254.0	251.0	140.0	248.0	247.0	146.0	249.0	250.0	253.0	154.0	260.0	265.0	110.0	162.0	164.0	291.0	0.0	136.0	172.0	148.0	0.0	0.0	348.0	183.0	363.0	183.0	376.0	382.0	195.0	392.0	396.0	200.0	301.0	199.0	105.0	195.0	192.0	300.0	0.0	115.0	291.0	119.0	284.0	156.0	275.0
o47	125.0	0.0	130.0	0.0	0.0	0.0	0.0	140.0	0.0	0.0	101.0	148.0	150.0	0.0	0.0	0.0	158.0	0.0	0.0	0.0	0.0	130.0	0.0	0.0	148.0	155.0	179.0	181.0	355.0	178.0	183.0	0.0	192.0	195.0	195.0	199.0	199.0	0.0	0.0	198.0	195.0	192.0	0.0	0.0	0.0	0.0	119.0	0.0	123.0	0.0
o48	262.0	273.0	278.0	262.0	247.0	250.0	256.0	249.0	251.0	240.0	245.0	251.0	235.0	236.0	248.0	275.0	285.0	258.0	278.0	286.0	299.0	309.0	324.0	323.0	328.0	344.0	353.0	341.0	360.0	347.0	358.0	375.0	394.0	386.0	382.0	381.0	411.0	293.0	294.0	294.0	300.0	292.0	307.0	296.0	304.0	313.0	286.0	289.0	277.0	274.0
o49	131.0	252.0	265.0	265.0	124.0	0.0	114.0	141.0	133.0	245.0	101.0	148.0	108.0	247.0	106.0	257.0	166.0	261.0	118.0	119.0	135.0	310.0	136.0	144.0	154.0	321.0	333.0	329.0	359.0	181.0	176.0	375.0	180.0	375.0	198.0	186.0	190.0	293.0	295.0	309.0	283.0	312.0	190.0	116.0	297.0	127.0	292.0	0.0	290.0	140.0
o50	149.0	127.0	143.0	0.0	0.0	0.0	0.0	0.0	138.0	0.0	110.0	0.0	139.0	154.0	100.0	115.0	149.0	0.0	116.0	0.0	134.0	0.0	168.0	0.0	0.0	0.0	0.0	361.0	161.0	0.0	0.0	200.0	184.0	0.0	193.0	380.0	416.0	0.0	0.0	0.0	0.0	102.0	196.0	0.0	0.0	166.0	0.0	0.0	0.0	0.0
o51	273.0	239.0	257.0	275.0	279.0	252.0	271.0	248.0	257.0	225.0	238.0	238.0	243.0	233.0	230.0	263.0	295.0	272.0	299.0	290.0	318.0	323.0	337.0	311.0	315.0	353.0	337.0	346.0	376.0	407.0	377.0	385.0	367.0	390.0	403.0	396.0	388.0	296.0	340.0	328.0	304.0	286.0	327.0	273.0	286.0	270.0	280.0	315.0	270.0	293.0
o52	170.0	269.0	0.0	251.0	268.0	132.0	235.0	116.0	255.0	290.0	292.0	79.0	274.0	278.0	0.0	160.0	283.0	283.0	279.0	0.0	150.0	290.0	305.0	311.0	146.0	179.0	358.0	358.0	363.0	340.0	360.0	383.0	382.0	195.0	205.0	391.0	180.0	102.0	113.0	201.0	196.0	97.0	175.0	118.0	194.0	0.0	190.0	167.0	110.0	285.0
o53	0.0	0.0	0.0	131.0	129.0	0.0	0.0	0.0	105.0	234.0	0.0	146.0	0.0	0.0	0.0	126.0	164.0	184.0	0.0	100.0	108.0	0.0	0.0	0.0	150.0	0.0	161.0	167.0	150.0	0.0	177.0	0.0	0.0	370.0	213.0	195.0	0.0	0.0	0.0	0.0	0.0	184.0	125.0	0.0	162.0	0.0	116.0	0.0	299.0	0.0
o54	300.0	301.0	301.0	301.0	301.0	300.0	299.0	297.0	295.0	294.0	292.0	289.0	287.0	285.0	283.0	281.0	279.0	278.0	276.0	275.0	274.0	274.0	274.0	274.0	275.0	276.0	277.0	279.0	282.0	284.0	287.0	290.0	294.0	298.0	302.0	306.0	310.0	314.0	318.0	322.0	326.0	330.0	334.0	337.0	340.0	343.0	345.0	347.0	349.0	300.0
o55	125.0	127.0	301.0	173.0	301.0	300.0	132.0	133.0	134.0	0.0	156.0	289.0	287.0	285.0	143.0	281.0	279.0	278.0	132.0	275.0	274.0	274.0	148.0	125.0	125.0	276.0	277.0	153.0	154.0	155.0	287.0	134.0	294.0	0.0	160.0	306.0	148.0	163.0	318.0	157.0	160.0	330.0	166.0	337.0	170.0	172.0	345.0	173.0	349.0	125.0
o56	175.0	0.0	174.0	129.0	130.0	0.0	132.0	133.0	0.0	0.0	292.0	0.0	150.0	0.0	0.0	0.0	0.0	0.0	144.0	275.0	0.0	127.0	0.0	0.0	125.0	0.0	0.0	0.0	0.0	0.0	156.0	0.0	158.0	0.0	0.0	0.0	162.0	0.0	154.0	165.0	326.0	0.0	334.0	168.0	0.0	0.0	173.0	0.0	175.0	0.0
o57	298.0	297.0	303.0	302.0	295.0	304.0	303.0	299.0	294.0	295.0	294.0	295.0	287.0	287.0	284.0	278.0	276.0	270.0	278.0	278.0	272.0	276.0	269.0	278.0	284.0	272.0	280.0	279.0	274.0	284.0	292.0	296.0	295.0	291.0	292.0	306.0	319.0	310.0	320.0	333.0	326.0	333.0	331.0	332.0	340.0	341.0	345.0	345.0	356.0	291.0
o58	302.0	303.0	133.0	300.0	0.0	126.0	0.0	131.0	135.0	0.0	156.0	284.0	292.0	288.0	147.0	284.0	143.0	137.0	279.0	144.0	126.0	150.0	127.0	271.0	269.0	284.0	284.0	132.0	149.0	159.0	289.0	136.0	298.0	297.0	312.0	144.0	157.0	308.0	156.0	156.0	320.0	330.0	0.0	345.0	171.0	342.0	343.0	171.0	347.0	299.0
o59	0.0	0.0	168.0	303.0	0.0	0.0	127.0	0.0	132.0	0.0	155.0	0.0	155.0	0.0	139.0	136.0	139.0	139.0	133.0	128.0	123.0	0.0	0.0	0.0	271.0	156.0	158.0	0.0	0.0	0.0	0.0	0.0	141.0	0.0	137.0	0.0	158.0	0.0	0.0	0.0	169.0	166.0	172.0	165.0	0.0	0.0	0.0	0.0	0.0	176.0
o60	277.0	312.0	311.0	304.0	306.0	302.0	297.0	291.0	293.0	275.0	291.0	294.0	271.0	302.0	270.0	293.0	278.0	262.0	253.0	274.0	269.0	268.0	271.0	278.0	290.0	265.0	273.0	285.0	276.0	297.0	294.0	296.0	296.0	303.0	292.0	327.0	310.0	304.0	309.0	318.0	313.0	339.0	335.0	332.0	325.0	335.0	352.0	361.0	348.0	312.0
o61	127.0	0.0	186.0	301.0	164.0	303.0	176.0	301.0	155.0	0.0	298.0	143.0	127.0	0.0	284.0	130.0	138.0	0.0	270.0	135.0	263.0	154.0	147.0	292.0	286.0	266.0	263.0	262.0	295.0	273.0	121.0	297.0	281.0	160.0	293.0	324.0	310.0	316.0	168.0	332.0	331.0	0.0	337.0	179.0	160.0	163.0	340.0	350.0	370.0	0.0
o62	0.0	179.0	184.0	0.0	0.0	164.0	157.0	135.0	132.0	0.0	0.0	0.0	0.0	138.0	0.0	0.0	269.0	0.0	0.0	265.0	0.0	0.0	0.0	136.0	156.0	0.0	0.0	119.0	0.0	0.0	0.0	0.0	167.0	145.0	152.0	157.0	0.0	0.0	152.0	0.0	0.0	0.0	0.0	170.0	162.0	168.0	164.0	179.0	356.0	0.0
o63	299.0	297.0	295.0	293.0	291.0	289.0	287.0	285.0	283.0	281.0	279.0	277.0	276.0	275.0	274.0	274.0	274.0	274.0	275.0	276.0	278.0	280.0	282.0	285.0	288.0	291.0	295.0	298.0	302.0	307.0	311.0	315.0	319.0	323.0	327.0	331.0	334.0	338.0	341.0	343.0	346.0	348.0	349.0	300.0	301.0	301.0	301.0	301.0	300.0	299.0
o64	299.0	297.0	295.0	293.0	155.0	289.0	287.0	285.0	283.0	281.0	279.0	134.0	132.0	275.0	274.0	0.0	126.0	125.0	275.0	276.0	152.0	280.0	154.0	155.0	156.0	291.0	137.0	159.0	302.0	161.0	162.0	315.0	164.0	158.0	161.0	0.0	168.0	168.0	341.0	171.0	173.0	348.0	349.0	0.0	301.0	127.0	173.0	301.0	130.0	168.0
o65	0.0	0.0	0.0	158.0	0.0	152.0	0.0	285.0	283.0	0.0	142.0	0.0	0.0	130.0	0.0	0.0	0.0	0.0	275.0	0.0	126.0	0.0	128.0	0.0	0.0	134.0	0.0	139.0	0.0	0.0	162.0	163.0	164.0	0.0	0.0	167.0	334.0	0.0	0.0	0.0	172.0	174.0	0.0	175.0	0.0	127.0	128.0	0.0	0.0	131.0
o66	295.0	296.0	299.0	286.0	286.0	283.0	288.0	284.0	284.0	286.0	283.0	280.0	273.0	271.0	268.0	282.0	268.0	280.0	269.0	278.0	280.0	289.0	285.0	288.0	288.0	288.0	287.0	297.0	299.0	312.0	315.0	316.0	322.0	322.0	327.0	337.0	335.0	332.0	337.0	333.0	347.0	358.0	347.0	303.0	303.0	301.0	300.0	307.0	299.0	299.0
o67	298.0	299.0	298.0	157.0	161.0	136.0	141.0	280.0	141.0	134.0	277.0	269.0	270.0	132.0	275.0	129.0	125.0	268.0	277.0	157.0	148.0	277.0	287.0	150.0	126.0	301.0	0.0	153.0	306.0	301.0	0.0	307.0	164.0	320.0	161.0	334.0	170.0	347.0	0.0	337.0	342.0	360.0	341.0	0.0	0.0	312.0	293.0	129.0	134.0	165.0
o68	127.0	127.0	287.0	154.0	0.0	147.0	275.0	0.0	140.0	0.0	139.0	0.0	147.0	0.0	0.0	133.0	126.0	125.0	0.0	0.0	0.0	148.0	0.0	0.0	0.0	0.0	159.0	0.0	145.0	146.0	0.0	0.0	159.0	0.0	0.0	335.0	0.0	0.0	0.0	0.0	0.0	0.0	178.0	0.0	0.0	0.0	169.0	0.0	131.0	300.0
o69	303.0	283.0	299.0	300.0	286.0	296.0	295.0	285.0	287.0	273.0	261.0	285.0	277.0	266.0	281.0	260.0	262.0	277.0	274.0	278.0	299.0	287.0	290.0	297.0	275.0	294.0	302.0	296.0	303.0	315.0	313.0	308.0	299.0	327.0	332.0	327.0	335.0	323.0	334.0	348.0	330.0	333.0	332.0	301.0	284.0	286.0	290.0	299.0	296.0	302.0
o70	167.0	0.0	311.0	157.0	289.0	293.0	274.0	128.0	281.0	133.0	288.0	287.0	126.0	136.0	142.0	291.0	274.0	147.0	0.0	297.0	120.0	274.0	151.0	274.0	291.0	0.0	0.0	320.0	290.0	298.0	158.0	151.0	156.0	166.0	0.0	165.0	321.0	327.0	336.0	170.0	346.0	354.0	356.0	123.0	180.0	301.0	306.0	287.0	181.0	132.0
o71	134.0	170.0	165.0	0.0	146.0	0.0	136.0	0.0	0.0	276.0	142.0	0.0	0.0	0.0	280.0	142.0	134.0	0.0	141.0	135.0	126.0	0.0	275.0	166.0	0.0	0.0	151.0	289.0	0.0	0.0	0.0	0.0	0.0	0.0	0.0	169.0	0.0	0.0	0.0	0.0	0.0	0.0	0.0	314.0	0.0	0.0	183.0	123.0	0.0	0.0
o72	288.0	284.0	282.0	280.0	279.0	277.0	276.0	275.0	274.0	274.0	274.0	274.0	275.0	276.0	278.0	280.0	283.0	285.0	288.0	292.0	295.0	299.0	303.0	307.0	311.0	316.0	320.0	324.0	328.0	331.0	335.0	338.0	341.0	344.0	346.0	348.0	349.0	300.0	301.0	301.0	301.0	301.0	300.0	299.0	297.0	296.0	294.0	292.0	290.0	288.0
o73	288.0	284.0	282.0	280.0	142.0	277.0	276.0	0.0	274.0	274.0	274.0	125.0	150.0	151.0	278.0	127.0	128.0	155.0	288.0	0.0	295.0	140.0	303.0	307.0	311.0	316.0	320.0	324.0	161.0	331.0	167.0	169.0	0.0	171.0	346.0	348.0	174.0	125.0	175.0	174.0	0.0	301.0	130.0	299.0	132.0	133.0	294.0	135.0	153.0	150.0
o74	150.0	0.0	140.0	139.0	0.0	0.0	132.0	0.0	146.0	147.0	0.0	0.0	0.0	0.0	0.0	0.0	128.0	0.0	132.0	292.0	295.0	0.0	303.0	0.0	162.0	163.0	0.0	165.0	0.0	0.0	168.0	0.0	341.0	0.0	174.0	0.0	0.0	0.0	0.0	301.0	0.0	0.0	130.0	0.0	0.0	0.0	159.0	156.0	0.0	0.0
o75	291.0	277.0	278.0	285.0	274.0	280.0	270.0	274.0	278.0	273.0	283.0	277.0	271.0	277.0	284.0	274.0	276.0	290.0	289.0	300.0	290.0	292.0	305.0	304.0	317.0	315.0	323.0	332.0	327.0	333.0	337.0	346.0	338.0	337.0	347.0	345.0	355.0	308.0	308.0	300.0	304.0	292.0	305.0	301.0	297.0	288.0	297.0	289.0	287.0	291.0
o76	284.0	289.0	284.0	145.0	0.0	282.0	130.0	0.0	0.0	274.0	152.0	271.0	278.0	151.0	123.0	275.0	287.0	133.0	135.0	283.0	139.0	154.0	146.0	166.0	144.0	158.0	330.0	330.0	172.0	325.0	326.0	340.0	340.0	172.0	0.0	178.0	344.0	131.0	132.0	125.0	299.0	299.0	299.0	292.0	129.0	166.0	138.0	292.0	288.0	288.0
o77	0.0	0.0	142.0	0.0	140.0	280.0	0.0	130.0	124.0	145.0	124.0	155.0	129.0	0.0	147.0	0.0	0.0	0.0	129.0	0.0	0.0	0.0	306.0	0.0	157.0	0.0	0.0	159.0	0.0	0.0	329.0	0.0	175.0	0.0	171.0	0.0	0.0	0.0	0.0	174.0	128.0	303.0	0.0	131.0	0.0	165.0	0.0	0.0	0.0	0.0
o78	272.0	281.0	261.0	272.0	263.0	259.0	285.0	273.0	289.0	290.0	277.0	295.0	265.0	295.0	269.0	289.0	305.0	264.0	296.0	311.0	285.0	307.0	305.0	310.0	315.0	314.0	318.0	332.0	332.0	352.0	330.0	346.0	337.0	343.0	345.0	332.0	366.0	286.0	301.0	297.0	315.0	310.0	313.0	300.0	299.0	289.0	292.0	293.0	287.0	276.0
o79	303.0	276.0	143.0	275.0	275.0	139.0	0.0	0.0	290.0	275.0	285.0	158.0	153.0	144.0	259.0	131.0	124.0	139.0	275.0	292.0	293.0	149.0	145.0	304.0	322.0	170.0	167.0	0.0	152.0	169.0	177.0	339.0	341.0	360.0	340.0	170.0	362.0	300.0	121.0	171.0	123.0	174.0	158.0	316.0	290.0	283.0	314.0	161.0	131.0	141.0
o80	0.0	0.0	0.0	0.0	0.0	296.0	0.0	141.0	128.0	119.0	0.0	0.0	0.0	0.0	160.0	159.0	127.0	153.0	0.0	0.0	0.0	150.0	153.0	0.0	0.0	0.0	0.0	316.0	169.0	0.0	166.0	175.0	329.0	165.0	0.0	0.0	0.0	169.0	162.0	0.0	0.0	173.0	0.0	0.0	0.0	130.0	0.0	0.0	295.0	127.0
o81	300.0	305.0	301.0	291.0	278.0	262.0	245.0	228.0	213.0	202.0	196.0	195.0	201.0	213.0	231.0	255.0	283.0	315.0	348.0	381.0	413.0	442.0	466.0	485.0	498.0	304.0	304.0	299.0	288.0	274.0	258.0	240.0	224.0	210.0	200.0	195.0	196.0	203.0	217.0	237.0	262.0	291.0	323.0	356.0	389.0	420.0	448.0	471.0	489.0	300.0
o82	300.0	305.0	0.0	78.0	278.0	262.0	142.0	228.0	213.0	127.0	61.0	143.0	151.0	213.0	231.0	80.0	283.0	315.0	0.0	0.0	413.0	442.0	0.0	240.0	498.0	56.0	304.0	299.0	208.0	274.0	258.0	136.0	224.0	121.0	200.0	195.0	145.0	0.0	217.0	237.0	262.0	291.0	130.0	356.0	389.0	0.0	448.0	237.0	0.0	250.0
o83	0.0	243.0	0.0	0.0	86.0	0.0	0.0	0.0	95.0	127.0	135.0	143.0	151.0	54.0	64.0	80.0	0.0	191.0	0.0	208.0	0.0	218.0	232.0	0.0	250.0	0.0	0.0	0.0	0.0	186.0	0.0	0.0	0.0	121.0	0.0	0.0	0.0	0.0	56.0	68.0	0.0	0.0	193.0	356.0	210.0	420.0	0.0	0.0	0.0	250.0
o84	286.0	320.0	310.0	332.0	268.0	309.0	206.0	255.0	257.0	177.0	220.0	198.0	172.0	195.0	223.0	260.0	295.0	311.0	373.0	384.0	418.0	414.0	478.0	497.0	513.0	324.0	283.0	283.0	295.0	235.0	246.0	257.0	191.0	206.0	194.0	168.0	169.0	231.0	218.0	261.0	264.0	292.0	317.0	363.0	413.0	403.0	477.0	470.0	469.0	323.0
o85	57.0	323.0	75.0	218.0	210.0	289.0	273.0	193.0	210.0	91.0	180.0	186.0	65.0	72.0	78.0	190.0	284.0	205.0	371.0	194.0	428.0	217.0	0.0	0.0	485.0	313.0	220.0	260.0	0.0	178.0	283.0	104.0	0.0	184.0	0.0	158.0	204.0	211.0	254.0	72.0	170.0	202.0	339.0	347.0	407.0	442.0	230.0	489.0	476.0	296.0
o86	0.0	259.0	74.0	266.0	0.0	156.0	0.0	0.0	143.0	0.0	145.0	0.0	0.0	135.0	180.0	61.0	0.0	0.0	165.0	0.0	197.0	0.0	219.0	0.0	0.0	0.0	239.0	0.0	0.0	178.0	115.0	106.0	0.0	91.0	136.0	0.0	0.0	68.0	0.0	163.0	198.0	0.0	0.0	0.0	189.0	0.0	0.0	442.0	0.0	45.0
o87	287.0	226.0	206.0	232.0	301.0	271.0	335.0	252.0	187.0	160.0	268.0	252.0	225.0	236.0	238.0	258.0	287.0	322.0	342.0	357.0	366.0	521.0	493.0	474.0	508.0	335.0	298.0	203.0	222.0	282.0	273.0	221.0	240.0	167.0	263.0	238.0	165.0	212.0	269.0	239.0	262.0	328.0	321.0	438.0	432.0	351.0	390.0	513.0	541.0	332.0
o88	255.0	280.0	272.0	178.0	216.0	208.0	0.0	194.0	148.0	253.0	99.0	95.0	0.0	207.0	289.0	237.0	259.0	190.0	144.0	250.0	471.0	495.0	435.0	525.0	270.0	292.0	0.0	306.0	173.0	266.0	102.0	209.0	96.0	77.0	104.0	195.0	0.0	237.0	252.0	183.0	313.0	223.0	280.0	201.0	208.0	248.0	253.0	465.0	269.0	231.0
o89	0.0	0.0	0.0	241.0	0.0	0.0	149.0	150.0	100.0	82.0	275.0	0.0	0.0	0.0	0.0	0.0	115.0	0.0	0.0	208.0	0.0	0.0	0.0	0.0	222.0	0.0	214.0	0.0	76.0	0.0	73.0	117.0	0.0	60.0	218.0	28.0	0.0	37.0	0.0	0.0	92.0	205.0	293.0	173.0	0.0	325.0	0.0	0.0	0.0	0.0
o90	250.0	225.0	211.0	201.0	195.0	196.0	203.0	216.0	235.0	260.0	289.0	321.0	354.0	387.0	419.0	447.0	470.0	488.0	499.0	305.0	304.0	297.0	286.0	271.0	254.0	237.0	221.0	208.0	199.0	195.0	197.0	206.0	220.0	241.0	267.0	297.0	329.0	363.0	395.0	426.0	453.0	475.0	491.0	301.0	305.0	303.0	295.0	282.0	267.0	250.0
o91	100.0	225.0	0.0	201.0	195.0	196.0	153.0	216.0	67.0	260.0	104.0	321.0	354.0	387.0	419.0	447.0	233.0	488.0	499.0	58.0	0.0	297.0	204.0	181.0	98.0	131.0	221.0	208.0	199.0	0.0	197.0	0.0	0.0	241.0	267.0	297.0	0.0	363.0	211.0	426.0	453.0	0.0	248.0	301.0	245.0	68.0	219.0	282.0	267.0	100.0
o92	0.0	0.0	91.0	0.0	136.0	0.0	0.0	161.0	0.0	177.0	104.0	128.0	153.0	0.0	217.0	0.0	233.0	0.0	250.0	0.0	0.0	0.0	204.0	90.0	156.0	106.0	0.0	208.0	0.0	57.0	0.0	51.0	0.0	0.0	0.0	110.0	195.0	203.0	0.0	0.0	0.0	235.0	0.0	301.0	245.0	0.0	76.0	0.0	0.0	0.0
o93	268.0	234.0	212.0	217.0	199.0	175.0	238.0	219.0	253.0	242.0	284.0	290.0	333.0	388.0	418.0	433.0	428.0	487.0	490.0	301.0	311.0	286.0	261.0	312.0	267.0	231.0	225.0	233.0	219.0	219.0	208.0	175.0	180.0	265.0	283.0	300.0	351.0	402.0	414.0	417.0	468.0	481.0	497.0	282.0	310.0	329.0	291.0	283.0	251.0	274.0
o94	216.0	219.0	74.0	0.0	216.0	217.0	142.0	258.0	245.0	0.0	172.0	342.0	345.0	421.0	418.0	458.0	484.0	223.0	267.0	299.0	311.0	68.0	206.0	0.0	0.0	85.0	139.0	123.0	78.0	196.0	191.0	205.0	166.0	157.0	102.0	289.0	112.0	370.0	181.0	231.0	429.0	250.0	232.0	285.0	305.0	303.0	329.0	0.0	247.0	158.0
o95	0.0	115.0	0.0	61.0	0.0	0.0	0.0	0.0	47.0	85.0	0.0	322.0	0.0	403.0	0.0	0.0	0.0	0.0	0.0	50.0	59.0	0.0	0.0	278.0	0.0	120.0	0.0	70.0	129.0	153.0	140.0	225.0	0.0	0.0	0.0	0.0	0.0	225.0	0.0	220.0	229.0	228.0	0.0	0.0	0.0	279.0	0.0	182.0	0.0	0.0
o96	194.0	269.0	284.0	178.0	188.0	165.0	201.0	192.0	224.0	215.0	370.0	333.0	346.0	431.0	372.0	489.0	439.0	445.0	548.0	342.0	343.0	264.0	326.0	271.0	251.0	188.0	232.0	187.0	214.0	140.0	156.0	149.0	262.0	237.0	313.0	303.0	356.0	328.0	341.0	397.0	372.0	515.0	494.0	355.0	354.0	315.0	250.0	355.0	297.0	225.0
o97	170.0	153.0	102.0	0.0	93.0	178.0	177.0	192.0	0.0	267.0	135.0	0.0	156.0	221.0	411.0	232.0	221.0	473.0	529.0	278.0	218.0	330.0	253.0	194.0	110.0	98.0	78.0	280.0	189.0	195.0	207.0	180.0	152.0	148.0	290.0	280.0	142.0	225.0	383.0	375.0	436.0	422.0	488.0	0.0	306.0	259.0	117.0	330.0	225.0	191.0
o98	0.0	145.0	123.0	0.0	175.0	23.0	0.0	0.0	0.0	101.0	171.0	171.0	0.0	0.0	487.0	239.0	268.0	0.0	0.0	0.0	0.0	0.0	0.0	0.0	0.0	118.0	0.0	220.0	25.0	81.0	0.0	0.0	226.0	136.0	0.0	0.0	139.0	241.0	0.0	263.0	0.0	0.0	200.0	0.0	0.0	0.0	0.0	323.0	0.0	142.0
o99	200.0	219.0	240.0	265.0	295.0	327.0	360.0	393.0	424.0	451.0	474.0	490.0	301.0	305.0	303.0	295.0	283.0	268.0	251.0	234.0	218.0	206.0	198.0	195.0	198.0	208.0	224.0	246.0	272.0	303.0	335.0	369.0	401.0	431.0	457.0	478.0	494.0	303.0	305.0	302.0	293.0	280.0	264.0	247.0	230.0	215.0	203.0	196.0	195.0	200.0
o100	0.0	219.0	240.0	87.0	186.0	327.0	360.0	0.0	219.0	225.0	474.0	490.0	301.0	305.0	236.0	295.0	83.0	0.0	251.0	108.0	218.0	206.0	132.0	195.0	198.0	0.0	60.0	246.0	180.0	114.0	335.0	205.0	401.0	431.0	457.0	242.0	245.0	250.0	305.0	302.0	293.0	280.0	93.0	0.0	120.0	97.0	203.0	196.0	142.0	50.0
o101	0.0	0.0	170.0	87.0	0.0	0.0	0.0	183.0	205.0	0.0	235.0	243.0	0.0	59.0	0.0	0.0	0.0	268.0	0.0	108.0	103.0	124.0	0.0	0.0	0.0	208.0	0.0	0.0	180.0	114.0	0.0	0.0	0.0	0.0	229.0	0.0	245.0	0.0	305.0	0.0	215.0	194.0	0.0	145.0	110.0	118.0	0.0	0.0	0.0	50.0
o102	219.0	206.0	226.0	260.0	297.0	347.0	334.0	402.0	427.0	474.0	476.0	510.0	305.0	275.0	327.0	325.0	314.0	313.0	214.0	241.0	246.0	193.0	210.0	190.0	171.0	193.0	231.0	277.0	264.0	294.0	325.0	366.0	415.0	435.0	427.0	468.0	486.0	287.0	299.0	272.0	272.0	304.0	253.0	232.0	225.0	254.0	210.0	195.0	167.0	174.0
o103	193.0	188.0	163.0	256.0	164.0	0.0	162.0	385.0	415.0	222.0	477.0	0.0	323.0	75.0	267.0	263.0	0.0	273.0	256.0	130.0	219.0	102.0	87.0	174.0	200.0	244.0	65.0	244.0	116.0	280.0	343.0	189.0	195.0	233.0	250.0	497.0	241.0	71.0	47.0	284.0	93.0	192.0	174.0	145.0	115.0	212.0	235.0	201.0	154.0	37.0
o104	40.0	140.0	0.0	238.0	0.0	216.0	0.0	191.0	201.0	0.0	249.0	227.0	28.0	0.0	0.0	0.0	0.0	182.0	0.0	108.0	0.0	64.0	126.0	0.0	0.0	171.0	0.0	0.0	0.0	0.0	156.0	0.0	0.0	0.0	221.0	0.0	0.0	0.0	0.0	228.0	221.0	0.0	80.0	0.0	214.0	212.0	0.0	144.0	0.0	0.0
o105	187.0	260.0	219.0	335.0	348.0	298.0	279.0	393.0	426.0	474.0	515.0	466.0	306.0	292.0	316.0	351.0	320.0	277.0	287.0	265.0	199.0	297.0	221.0	157.0	237.0	151.0	246.0	244.0	273.0	320.0	381.0	455.0	414.0	493.0	402.0	468.0	487.0	303.0	337.0	357.0	320.0	229.0	275.0	257.0	151.0	242.0	268.0	216.0	129.0	142.0
o106	161.0	0.0	248.0	273.0	280.0	179.0	361.0	208.0	0.0	479.0	510.0	555.0	225.0	282.0	323.0	121.0	269.0	128.0	296.0	282.0	100.0	205.0	90.0	150.0	103.0	0.0	21.0	257.0	242.0	383.0	300.0	419.0	229.0	437.0	518.0	0.0	264.0	100.0	16.0	25.0	242.0	283.0	213.0	0.0	119.0	0.0	195.0	80.0	151.0	73.0
o107	0.0	134.0	112.0	0.0	0.0	256.0	208.0	0.0	193.0	0.0	246.0	0.0	13.0	0.0	0.0	76.0	0.0	0.0	0.0	97.0	225.0	97.0	161.0	128.0	0.0	83.0	91.0	0.0	0.0	0.0	165.0	232.0	0.0	239.0	0.0	0.0	263.0	0.0	0.0	0.0	28.0	187.0	0.0	0.0	0.0	0.0	144.0	141.0	125.0	0.0
o108	300.0	302.0	300.0	296.0	289.0	281.0	272.0	264.0	257.0	251.0	248.0	248.0	251.0	257.0	266.0	278.0	292.0	307.0	324.0	341.0	356.0	371.0	383.0	392.0	399.0	302.0	302.0	299.0	294.0	287.0	279.0	270.0	262.0	255.0	250.0	248.0	248.0	252.0	259.0	268.0	281.0	295.0	311.0	328.0	345.0	360.0	374.0	386.0	394.0	300.0
o109	300.0	302.0	300.0	114.0	118.0	159.0	146.0	134.0	257.0	251.0	248.0	248.0	251.0	257.0	0.0	278.0	167.0	307.0	149.0	341.0	174.0	371.0	192.0	195.0	399.0	199.0	0.0	299.0	179.0	287.0	279.0	270.0	131.0	255.0	250.0	248.0	147.0	252.0	259.0	160.0	164.0	168.0	0.0	152.0	165.0	184.0	188.0	386.0	198.0	0.0
o110	200.0	0.0	0.0	296.0	171.0	0.0	126.0	0.0	134.0	0.0	0.0	0.0	100.0	0.0	107.0	163.0	292.0	0.0	149.0	162.0	0.0	0.0	0.0	0.0	200.0	0.0	0.0	111.0	0.0	287.0	123.0	127.0	0.0	0.0	0.0	104.0	0.0	0.0	0.0	160.0	0.0	168.0	172.0	0.0	165.0	0.0	374.0	0.0	0.0	0.0
o111	293.0	313.0	303.0	293.0	286.0	292.0	284.0	259.0	254.0	242.0	250.0	244.0	253.0	254.0	255.0	272.0	302.0	311.0	321.0	329.0	363.0	381.0	371.0	377.0	392.0	305.0	297.0	309.0	293.0	295.0	284.0	256.0	267.0	250.0	250.0	235.0	259.0	257.0	256.0	270.0	270.0	289.0	324.0	326.0	327.0	352.0	358.0	393.0	381.0	290.0
o112	110.0	103.0	110.0	179.0	115.0	125.0	270.0	144.0	272.0	0.0	253.0	0.0	111.0	165.0	0.0	169.0	278.0	302.0	334.0	348.0	358.0	0.0	361.0	384.0	0.0	306.0	307.0	305.0	174.0	296.0	278.0	269.0	140.0	0.0	144.0	245.0	248.0	100.0	264.0	289.0	153.0	311.0	301.0	322.0	332.0	348.0	182.0	396.0	198.0	209.0
o113	108.0	204.0	180.0	111.0	0.0	116.0	0.0	0.0	0.0	0.0	0.0	0.0	154.0	0.0	0.0	0.0	135.0	172.0	141.0	174.0	166.0	184.0	378.0	208.0	0.0	0.0	188.0	298.0	182.0	174.0	0.0	137.0	129.0	131.0	0.0	0.0	250.0	0.0	0.0	0.0	0.0	0.0	0.0	0.0	188.0	0.0	0.0	0.0	0.0	0.0
o114	327.0	265.0	304.0	284.0	305.0	299.0	272.0	274.0	263.0	276.0	244.0	243.0	224.0	271.0	236.0	283.0	292.0	302.0	351.0	366.0	365.0	360.0	367.0	383.0	408.0	289.0	302.0	272.0	284.0	295.0	286.0	263.0	245.0	247.0	283.0	263.0	251.0	231.0	254.0	301.0	275.0	319.0	325.0	320.0	344.0	355.0	373.0	391.0	371.0	326.0
o115	291.0	117.0	296.0	294.0	148.0	303.0	279.0	288.0	133.0	0.0	242.0	77.0	0.0	289.0	120.0	124.0	128.0	151.0	157.0	363.0	183.0	387.0	409.0	209.0	201.0	335.0	266.0	305.0	261.0	115.0	134.0	0.0	138.0	292.0	282.0	263.0	144.0	154.0	247.0	158.0	179.0	151.0	144.0	176.0	166.0	186.0	371.0	409.0	420.0	304.0
o116	90.0	0.0	180.0	0.0	292.0	172.0	0.0	111.0	123.0	0.0	0.0	137.0	0.0	164.0	0.0	0.0	0.0	0.0	0.0	0.0	156.0	208.0	0.0	0.0	201.0	0.0	0.0	298.0	121.0	139.0	0.0	0.0	139.0	120.0	0.0	116.0	0.0	0.0	0.0	0.0	0.0	306.0	0.0	149.0	160.0	359.0	0.0	0.0	0.0	223.0
o117	275.0	262.0	255.0	250.0	248.0	248.0	251.0	258.0	268.0	280.0	295.0	310.0	327.0	344.0	359.0	373.0	385.0	394.0	400.0	302.0	302.0	299.0	293.0	286.0	277.0	269.0	261.0	254.0	249.0	247.0	249.0	253.0	260.0	271.0	283.0	298.0	315.0	331.0	348.0	363.0	376.0	387.0	396.0	301.0	303.0	301.0	297.0	291.0	284.0	275.0
o118	150.0	262.0	0.0	250.0	0.0	101.0	251.0	0.0	268.0	280.0	0.0	310.0	176.0	344.0	359.0	0.0	385.0	394.0	200.0	0.0	302.0	112.0	293.0	0.0	277.0	269.0	261.0	118.0	109.0	247.0	100.0	253.0	156.0	271.0	283.0	168.0	315.0	155.0	167.0	363.0	189.0	387.0	396.0	200.0	303.0	109.0	113.0	291.0	284.0	275.0
o119	125.0	0.0	0.0	139.0	0.0	101.0	151.0	0.0	108.0	0.0	167.0	139.0	176.0	344.0	184.0	0.0	0.0	196.0	0.0	0.0	194.0	0.0	116.0	0.0	124.0	0.0	0.0	118.0	0.0	144.0	100.0	101.0	260.0	0.0	119.0	0.0	142.0	155.0	0.0	0.0	0.0	0.0	0.0	0.0	105.0	0.0	0.0	0.0	0.0	150.0
o120	273.0	267.0	264.0	235.0	258.0	271.0	241.0	262.0	268.0	278.0	296.0	292.0	316.0	356.0	361.0	383.0	368.0	406.0	393.0	305.0	304.0	310.0	300.0	306.0	267.0	255.0	279.0	259.0	260.0	249.0	244.0	255.0	272.0	279.0	275.0	313.0	316.0	337.0	332.0	373.0	383.0	369.0	393.0	300.0	318.0	307.0	287.0	291.0	295.0	299.0
o121	147.0	255.0	0.0	243.0	132.0	236.0	157.0	111.0	268.0	0.0	285.0	165.0	157.0	341.0	362.0	196.0	368.0	204.0	208.0	293.0	288.0	299.0	169.0	164.0	118.0	272.0	272.0	275.0	139.0	0.0	257.0	155.0	272.0	294.0	287.0	304.0	136.0	180.0	0.0	366.0	183.0	370.0	392.0	285.0	292.0	0.0	296.0	0.0	156.0	267.0
o122	149.0	134.0	133.0	106.0	99.0	111.0	0.0	0.0	0.0	0.0	177.0	0.0	170.0	171.0	178.0	0.0	0.0	0.0	0.0	0.0	0.0	190.0	0.0	286.0	0.0	0.0	132.0	115.0	151.0	0.0	0.0	0.0	0.0	0.0	161.0	0.0	141.0	0.0	0.0	193.0	0.0	183.0	0.0	97.0	0.0	195.0	195.0	178.0	160.0	136.0
o123	273.0	277.0	269.0	251.0	238.0	223.0	243.0	290.0	237.0	289.0	303.0	297.0	311.0	314.0	320.0	363.0	380.0	401.0	374.0	329.0	288.0	290.0	292.0	309.0	291.0	301.0	273.0	264.0	254.0	218.0	249.0	247.0	283.0	297.0	278.0	309.0	309.0	335.0	338.0	382.0	365.0	403.0	388.0	303.0	330.0	318.0	271.0	317.0	265.0	271.0
o124	140.0	114.0	223.0	89.0	149.0	0.0	248.0	115.0	182.0	181.0	268.0	315.0	168.0	181.0	0.0	377.0	342.0	387.0	406.0	101.0	334.0	316.0	264.0	294.0	0.0	110.0	276.0	215.0	147.0	117.0	241.0	238.0	261.0	318.0	279.0	0.0	295.0	318.0	155.0	198.0	403.0	371.0	218.0	86.0	210.0	187.0	299.0	295.0	134.0	0.0
o125	164.0	285.0	120.0	0.0	99.0	0.0	265.0	0.0	0.0	112.0	0.0	195.0	0.0	159.0	0.0	185.0	0.0	181.0	201.0	190.0	0.0	0.0	198.0	110.0	0.0	0.0	0.0	148.0	0.0	0.0	79.0	171.0	0.0	0.0	0.0	0.0	149.0	0.0	0.0	0.0	0.0	189.0	382.0	184.0	0.0	0.0	0.0	0.0	169.0	149.0
o126	250.0	260.0	270.0	283.0	297.0	314.0	330.0	347.0	362.0	376.0	387.0	395.0	300.0	303.0	301.0	298.0	292.0	284.0	276.0	267.0	259.0	253.0	249.0	247.0	249.0	254.0	262.0	273.0	286.0	301.0	318.0	334.0	351.0	366.0	379.0	389.0	397.0	301.0	303.0	301.0	296.0	290.0	282.0	273.0	265.0	257.0	252.0	248.0	248.0	250.0
o127	100.0	104.0	270.0	283.0	168.0	172.0	0.0	166.0	362.0	187.0	387.0	395.0	300.0	303.0	109.0	298.0	292.0	284.0	0.0	267.0	126.0	137.0	141.0	145.0	100.0	153.0	0.0	273.0	165.0	301.0	318.0	334.0	351.0	180.0	379.0	193.0	397.0	301.0	106.0	301.0	296.0	172.0	160.0	126.0	265.0	0.0	252.0	106.0	248.0	100.0
o128	0.0	104.0	110.0	164.0	168.0	0.0	176.0	347.0	0.0	0.0	194.0	0.0	0.0	0.0	0.0	0.0	0.0	0.0	125.0	0.0	0.0	0.0	108.0	0.0	149.0	0.0	0.0	161.0	286.0	0.0	318.0	334.0	351.0	0.0	189.0	0.0	0.0	200.0	0.0	301.0	0.0	0.0	160.0	0.0	0.0	0.0	0.0	0.0	102.0	0.0
o129	251.0	257.0	259.0	270.0	311.0	312.0	343.0	337.0	385.0	370.0	380.0	394.0	286.0	296.0	325.0	285.0	291.0	285.0	283.0	264.0	252.0	247.0	256.0	252.0	250.0	246.0	256.0	270.0	285.0	321.0	326.0	351.0	335.0	383.0	386.0	384.0	401.0	305.0	302.0	292.0	299.0	291.0	284.0	263.0	274.0	242.0	257.0	264.0	253.0	255.0
o130	153.0	164.0	122.0	0.0	118.0	178.0	333.0	352.0	345.0	377.0	385.0	186.0	296.0	0.0	115.0	311.0	273.0	158.0	263.0	136.0	269.0	0.0	134.0	97.0	150.0	241.0	0.0	262.0	310.0	309.0	305.0	335.0	340.0	385.0	395.0	400.0	389.0	110.0	194.0	192.0	298.0	177.0	280.0	141.0	268.0	265.0	0.0	0.0	247.0	158.0
o131	0.0	148.0	110.0	0.0	176.0	162.0	185.0	0.0	0.0	190.0	182.0	196.0	92.0	0.0	203.0	174.0	0.0	0.0	0.0	139.0	121.0	0.0	0.0	108.0	138.0	0.0	116.0	0.0	0.0	163.0	0.0	0.0	0.0	0.0	0.0	0.0	0.0	0.0	109.0	98.0	181.0	166.0	162.0	0.0	268.0	0.0	0.0	139.0	0.0	102.0
o132	225.0	245.0	267.0	298.0	282.0	324.0	323.0	338.0	358.0	338.0	405.0	396.0	315.0	308.0	280.0	307.0	276.0	255.0	266.0	290.0	244.0	253.0	254.0	255.0	252.0	255.0	298.0	284.0	302.0	310.0	316.0	327.0	388.0	373.0	360.0	401.0	436.0	311.0	331.0	288.0	294.0	289.0	290.0	301.0	243.0	252.0	266.0	259.0	233.0	223.0
o133	168.0	270.0	263.0	277.0	189.0	132.0	316.0	146.0	356.0	188.0	208.0	401.0	84.0	96.0	174.0	95.0	302.0	158.0	145.0	0.0	257.0	124.0	93.0	122.0	265.0	156.0	108.0	175.0	247.0	279.0	152.0	170.0	146.0	391.0	382.0	360.0	384.0	294.0	107.0	127.0	117.0	301.0	157.0	143.0	0.0	281.0	271.0	228.0	208.0	267.0
o134	159.0	0.0	0.0	0.0	0.0	0.0	158.0	0.0	174.0	0.0	0.0	0.0	0.0	83.0	0.0	190.0	0.0	119.0	0.0	162.0	158.0	115.0	147.0	0.0	105.0	114.0	125.0	0.0	322.0	167.0	0.0	0.0	151.0	344.0	0.0	0.0	0.0	223.0	0.0	115.0	119.0	0.0	143.0	0.0	146.0	0.0	103.0	0.0	78.0	0.0
o135	300.0	301.0	300.0	298.0	294.0	290.0	286.0	282.0	278.0	276.0	274.0	274.0	275.0	278.0	283.0	289.0	296.0	304.0	312.0	320.0	328.0	335.0	341.0	346.0	349.0	301.0	301.0	300.0	297.0	294.0	289.0	285.0	281.0	278.0	275.0	274.0	274.0	276.0	279.0	284.0	290.0	298.0	306.0	314.0	322.0	330.0	337.0	343.0	347.0	300.0
o136	300.0	173.0	300.0	132.0	0.0	0.0	286.0	140.0	136.0	276.0	274.0	274.0	275.0	126.0	283.0	289.0	0.0	0.0	162.0	320.0	162.0	335.0	171.0	174.0	349.0	301.0	129.0	131.0	165.0	135.0	289.0	285.0	281.0	135.0	145.0	274.0	125.0	125.0	279.0	155.0	290.0	0.0	306.0	163.0	322.0	330.0	337.0	343.0	347.0	125.0
o137	300.0	0.0	0.0	0.0	0.0	0.0	148.0	0.0	136.0	131.0	0.0	0.0	150.0	0.0	0.0	132.0	0.0	0.0	162.0	164.0	166.0	0.0	171.0	172.0	0.0	0.0	301.0	0.0	165.0	0.0	0.0	139.0	0.0	0.0	145.0	147.0	0.0	0.0	127.0	0.0	157.0	0.0	306.0	151.0	157.0	0.0	168.0	0.0	0.0	125.0
o138	291.0	292.0	301.0	297.0	289.0	285.0	283.0	283.0	280.0	271.0	277.0	268.0	270.0	268.0	288.0	285.0	300.0	304.0	303.0	319.0	331.0	333.0	337.0	345.0	348.0	299.0	301.0	295.0	292.0	290.0	281.0	279.0	279.0	270.0	277.0	274.0	270.0	284.0	283.0	284.0	293.0	302.0	314.0	313.0	330.0	338.0	332.0	349.0	351.0	298.0
o139	297.0	302.0	134.0	306.0	165.0	284.0	139.0	139.0	144.0	271.0	274.0	0.0	269.0	276.0	0.0	132.0	159.0	138.0	147.0	323.0	334.0	0.0	336.0	171.0	0.0	307.0	291.0	303.0	301.0	294.0	134.0	285.0	137.0	146.0	283.0	275.0	268.0	276.0	0.0	281.0	288.0	156.0	164.0	157.0	163.0	323.0	167.0	171.0	354.0	174.0
o140	0.0	130.0	0.0	132.0	301.0	149.0	0.0	148.0	142.0	0.0	0.0	0.0	153.0	0.0	132.0	0.0	158.0	0.0	0.0	314.0	0.0	0.0	0.0	170.0	179.0	0.0	0.0	165.0	160.0	0.0	0.0	0.0	0.0	146.0	0.0	147.0	0.0	119.0	149.0	152.0	0.0	137.0	144.0	158.0	0.0	157.0	165.0	0.0	0.0	0.0
o141	283.0	317.0	302.0	287.0	306.0	303.0	277.0	275.0	288.0	279.0	260.0	269.0	271.0	275.0	291.0	282.0	309.0	320.0	319.0	340.0	322.0	334.0	321.0	361.0	351.0	296.0	283.0	303.0	302.0	280.0	292.0	285.0	280.0	290.0	279.0	279.0	282.0	256.0	282.0	305.0	296.0	310.0	314.0	295.0	339.0	314.0	351.0	337.0	351.0	310.0
o142	134.0	300.0	308.0	312.0	158.0	289.0	132.0	299.0	149.0	272.0	257.0	264.0	271.0	141.0	138.0	132.0	149.0	143.0	0.0	320.0	163.0	157.0	165.0	346.0	176.0	303.0	128.0	131.0	281.0	291.0	148.0	287.0	0.0	131.0	0.0	280.0	265.0	273.0	290.0	140.0	131.0	155.0	309.0	0.0	320.0	337.0	333.0	330.0	0.0	302.0
o143	0.0	0.0	0.0	0.0	0.0	0.0	0.0	0.0	138.0	136.0	0.0	0.0	262.0	115.0	152.0	159.0	134.0	135.0	0.0	160.0	0.0	0.0	0.0	181.0	180.0	0.0	0.0	0.0	298.0	0.0	125.0	0.0	297.0	151.0	136.0	117.0	0.0	153.0	139.0	0.0	0.0	134.0	0.0	0.0	0.0	158.0	0.0	0.0	164.0	172.0
o144	288.0	281.0	278.0	275.0	274.0	274.0	276.0	279.0	284.0	290.0	297.0	305.0	314.0	322.0	330.0	337.0	342.0	347.0	350.0	301.0	301.0	299.0	296.0	293.0	289.0	284.0	280.0	277.0	275.0	274.0	274.0	276.0	280.0	285.0	292.0	299.0	307.0	316.0	324.0	331.0	338.0	344.0	348.0	300.0	301.0	301.0	299.0	296.0	292.0	288.0
o145	138.0	281.0	278.0	275.0	0.0	274.0	276.0	153.0	129.0	290.0	139.0	0.0	163.0	322.0	163.0	337.0	342.0	347.0	350.0	174.0	129.0	168.0	296.0	158.0	0.0	284.0	280.0	0.0	275.0	274.0	149.0	0.0	127.0	285.0	292.0	299.0	307.0	316.0	159.0	164.0	338.0	171.0	173.0	300.0	174.0	129.0	299.0	133.0	292.0	138.0
o146	288.0	141.0	0.0	0.0	0.0	125.0	125.0	0.0	0.0	157.0	0.0	0.0	151.0	0.0	167.0	0.0	171.0	173.0	0.0	0.0	172.0	131.0	133.0	0.0	152.0	0.0	0.0	0.0	0.0	0.0	274.0	0.0	153.0	130.0	135.0	140.0	161.0	0.0	165.0	0.0	169.0	0.0	0.0	125.0	174.0	129.0	0.0	0.0	0.0	0.0
o147	293.0	291.0	274.0	280.0	274.0	266.0	273.0	275.0	288.0	287.0	299.0	303.0	311.0	324.0	335.0	326.0	337.0	343.0	346.0	304.0	303.0	297.0	295.0	286.0	286.0	282.0	277.0	286.0	283.0	284.0	282.0	287.0	275.0	282.0	301.0	309.0	307.0	316.0	331.0	335.0	332.0	354.0	344.0	297.0	308.0	307.0	298.0	298.0	290.0	294.0
o148	287.0	136.0	279.0	131.0	128.0	284.0	284.0	154.0	0.0	293.0	154.0	147.0	315.0	327.0	330.0	328.0	0.0	340.0	176.0	289.0	301.0	307.0	307.0	141.0	294.0	0.0	143.0	274.0	134.0	275.0	279.0	280.0	157.0	282.0	294.0	134.0	309.0	159.0	326.0	334.0	0.0	171.0	0.0	0.0	133.0	304.0	132.0	301.0	140.0	155.0
o149	295.0	144.0	0.0	0.0	0.0	124.0	0.0	148.0	130.0	298.0	0.0	0.0	0.0	162.0	166.0	0.0	172.0	0.0	171.0	0.0	0.0	163.0	134.0	0.0	0.0	0.0	0.0	0.0	0.0	123.0	0.0	0.0	0.0	0.0	296.0	302.0	165.0	150.0	320.0	164.0	0.0	0.0	0.0	0.0	132.0	0.0	0.0	0.0	133.0	0.0
o150	267.0	290.0	285.0	262.0	253.0	279.0	289.0	271.0	300.0	307.0	305.0	320.0	309.0	345.0	324.0	329.0	327.0	345.0	353.0	306.0	286.0	278.0	302.0	277.0	276.0	293.0	293.0	259.0	259.0	278.0	272.0	277.0	285.0	283.0	279.0	302.0	299.0	325.0	328.0	323.0	343.0	347.0	351.0	308.0	311.0	306.0	301.0	303.0	309.0	280.0
o151	144.0	146.0	263.0	145.0	273.0	150.0	271.0	0.0	119.0	276.0	0.0	153.0	319.0	325.0	157.0	170.0	169.0	355.0	348.0	303.0	316.0	162.0	286.0	303.0	286.0	292.0	132.0	132.0	271.0	274.0	274.0	156.0	116.0	128.0	285.0	314.0	152.0	305.0	150.0	0.0	180.0	183.0	350.0	0.0	294.0	315.0	135.0	144.0	148.0	297.0
o152	0.0	0.0	133.0	150.0	0.0	0.0	0.0	0.0	277.0	130.0	0.0	0.0	313.0	168.0	0.0	340.0	177.0	0.0	0.0	137.0	0.0	160.0	0.0	165.0	155.0	0.0	0.0	144.0	0.0	0.0	0.0	0.0	145.0	151.0	0.0	0.0	0.0	0.0	0.0	0.0	355.0	0.0	178.0	179.0	173.0	0.0	125.0	0.0	0.0	283.0
o153	275.0	280.0	285.0	291.0	299.0	307.0	315.0	323.0	331.0	338.0	343.0	348.0	300.0	301.0	301.0	299.0	296.0	292.0	288.0	283.0	280.0	276.0	274.0	274.0	275.0	277.0	281.0	286.0	293.0	301.0	309.0	317.0	325.0	333.0	339.0	345.0	348.0	301.0	301.0	300.0	298.0	295.0	291.0	287.0	282.0	279.0	276.0	274.0	274.0	275.0
o154	150.0	280.0	130.0	291.0	299.0	307.0	163.0	323.0	331.0	169.0	171.0	173.0	175.0	301.0	171.0	299.0	162.0	292.0	288.0	139.0	0.0	276.0	274.0	126.0	275.0	0.0	281.0	131.0	0.0	301.0	309.0	317.0	325.0	168.0	339.0	173.0	348.0	301.0	0.0	300.0	0.0	295.0	0.0	287.0	143.0	279.0	276.0	0.0	274.0	150.0
o155	0.0	153.0	0.0	134.0	0.0	0.0	163.0	0.0	0.0	0.0	0.0	173.0	300.0	0.0	0.0	168.0	162.0	0.0	0.0	139.0	0.0	0.0	0.0	0.0	125.0	152.0	0.0	0.0	293.0	0.0	147.0	0.0	0.0	168.0	0.0	0.0	0.0	0.0	301.0	0.0	132.0	161.0	291.0	149.0	143.0	142.0	0.0	146.0	126.0	0.0
o156	271.0	277.0	280.0	290.0	308.0	307.0	308.0	328.0	328.0	345.0	346.0	338.0	300.0	312.0	304.0	295.0	287.0	296.0	292.0	279.0	279.0	272.0	269.0	270.0	276.0	280.0	276.0	287.0	299.0	305.0	309.0	319.0	314.0	326.0	340.0	344.0	351.0	300.0	294.0	301.0	296.0	300.0	290.0	286.0	289.0	279.0	283.0	273.0	273.0	264.0
o157	122.0	158.0	289.0	301.0	305.0	312.0	320.0	0.0	320.0	0.0	174.0	177.0	131.0	300.0	172.0	135.0	288.0	0.0	291.0	285.0	138.0	270.0	151.0	277.0	131.0	280.0	279.0	285.0	294.0	163.0	309.0	163.0	325.0	0.0	174.0	173.0	352.0	302.0	179.0	309.0	307.0	133.0	288.0	278.0	141.0	148.0	278.0	0.0	149.0	123.0
o158	121.0	156.0	0.0	0.0	0.0	141.0	0.0	161.0	331.0	0.0	170.0	176.0	131.0	0.0	0.0	173.0	159.0	131.0	142.0	0.0	0.0	0.0	0.0	271.0	0.0	154.0	0.0	0.0	0.0	0.0	0.0	0.0	0.0	0.0	0.0	347.0	0.0	0.0	0.0	171.0	0.0	0.0	279.0	295.0	138.0	145.0	131.0	0.0	0.0	0.0
o159	275.0	276.0	265.0	291.0	282.0	298.0	317.0	322.0	328.0	341.0	347.0	356.0	302.0	311.0	285.0	292.0	291.0	306.0	274.0	293.0	288.0	267.0	276.0	267.0	266.0	289.0	293.0	287.0	288.0	294.0	315.0	318.0	328.0	335.0	336.0	339.0	361.0	300.0	306.0	323.0	291.0	289.0	280.0	303.0	295.0	283.0	283.0	276.0	277.0	284.0
o160	278.0	283.0	130.0	155.0	280.0	0.0	324.0	312.0	341.0	162.0	162.0	0.0	135.0	317.0	288.0	301.0	296.0	281.0	282.0	0.0	0.0	152.0	154.0	115.0	271.0	260.0	139.0	0.0	147.0	295.0	143.0	313.0	166.0	157.0	339.0	328.0	185.0	175.0	286.0	0.0	291.0	141.0	288.0	286.0	134.0	281.0	148.0	261.0	272.0	270.0
o161	0.0	0.0	278.0	129.0	0.0	0.0	0.0	0.0	0.0	156.0	0.0	174.0	119.0	288.0	0.0	0.0	124.0	0.0	151.0	0.0	287.0	0.0	0.0	0.0	0.0	0.0	116.0	154.0	136.0	0.0	0.0	173.0	154.0	0.0	329.0	0.0	0.0	0.0	0.0	123.0	0.0	0.0	291.0	136.0	0.0	0.0	0.0	289.0	0.0	161.0
o162	300.0	302.0	288.0	266.0	240.0	217.0	200.0	195.0	203.0	226.0	262.0	307.0	356.0	405.0	448.0	481.0	300.0	305.0	297.0	278.0	253.0	228.0	207.0	196.0	197.0	213.0	243.0	283.0	331.0	381.0	428.0	466.0	492.0	304.0	302.0	288.0	266.0	240.0	217.0	200.0	195.0	203.0	226.0	262.0	307.0	356.0	405.0	448.0	481.0	300.0
o163	50.0	68.0	80.0	266.0	136.0	217.0	200.0	195.0	50.0	0.0	0.0	117.0	356.0	405.0	222.0	238.0	300.0	62.0	74.0	278.0	253.0	228.0	0.0	196.0	197.0	213.0	243.0	100.0	331.0	174.0	428.0	234.0	244.0	304.0	234.0	288.0	266.0	0.0	117.0	200.0	195.0	153.0	226.0	177.0	307.0	356.0	192.0	0.0	243.0	300.0
o164	300.0	0.0	208.0	0.0	0.0	100.0	0.0	54.0	153.0	0.0	262.0	0.0	202.0	192.0	226.0	0.0	0.0	0.0	74.0	86.0	0.0	0.0	0.0	0.0	50.0	0.0	0.0	183.0	136.0	174.0	220.0	234.0	244.0	0.0	0.0	80.0	0.0	0.0	117.0	71.0	54.0	0.0	0.0	0.0	189.0	0.0	0.0	0.0	243.0	0.0
o165	277.0	313.0	274.0	260.0	267.0	239.0	217.0	178.0	172.0	193.0	295.0	268.0	359.0	385.0	433.0	505.0	323.0	317.0	313.0	308.0	275.0	251.0	192.0	234.0	170.0	204.0	234.0	268.0	302.0	388.0	432.0	426.0	488.0	296.0	264.0	278.0	275.0	260.0	233.0	236.0	231.0	224.0	240.0	219.0	329.0	344.0	417.0	429.0	468.0	289.0
o166	32.0	0.0	293.0	180.0	99.0	108.0	165.0	213.0	237.0	239.0	260.0	99.0	365.0	394.0	444.0	496.0	233.0	305.0	0.0	290.0	165.0	103.0	62.0	206.0	159.0	221.0	180.0	282.0	138.0	403.0	210.0	455.0	233.0	240.0	255.0	0.0	250.0	215.0	208.0	0.0	122.0	193.0	172.0	248.0	171.0	376.0	209.0	475.0	256.0	58.0
o167	0.0	0.0	0.0	0.0	124.0	0.0	0.0	197.0	0.0	0.0	180.0	109.0	0.0	179.0	206.0	483.0	0.0	232.0	0.0	292.0	267.0	130.0	62.0	175.0	0.0	0.0	78.0	0.0	157.0	0.0	0.0	0.0	268.0	78.0	0.0	0.0	151.0	115.0	0.0	0.0	0.0	0.0	0.0	265.0	0.0	0.0	0.0	0.0	0.0	0.0
o168	379.0	328.0	311.0	308.0	205.0	257.0	242.0	123.0	250.0	231.0	294.0	302.0	371.0	393.0	494.0	511.0	318.0	376.0	293.0	259.0	289.0	186.0	268.0	202.0	227.0	272.0	324.0	313.0	266.0	466.0	432.0	394.0	541.0	304.0	379.0	286.0	313.0	301.0	275.0	270.0	227.0	293.0	186.0	211.0	308.0	396.0	370.0	521.0	544.0	285.0
o169	0.0	353.0	320.0	165.0	185.0	237.0	96.0	182.0	206.0	264.0	0.0	313.0	187.0	443.0	435.0	258.0	223.0	244.0	311.0	70.0	284.0	0.0	224.0	83.0	0.0	207.0	198.0	237.0	267.0	414.0	171.0	452.0	518.0	269.0	200.0	123.0	187.0	138.0	0.0	200.0	152.0	202.0	14.0	141.0	332.0	359.0	333.0	0.0	401.0	48.0
o170	0.0	278.0	111.0	0.0	129.0	0.0	152.0	0.0	0.0	0.0	0.0	277.0	202.0	0.0	257.0	0.0	284.0	0.0	0.0	0.0	131.0	226.0	148.0	0.0	144.0	0.0	164.0	0.0	185.0	0.0	216.0	0.0	255.0	264.0	0.0	0.0	0.0	0.0	0.0	0.0	196.0	78.0	0.0	0.0	189.0	157.0	226.0	0.0	252.0	0.0
o171	204.0	195.0	207.0	232.0	270.0	316.0	366.0	414.0	455.0	485.0	302.0	304.0	294.0	274.0	248.0	224.0	204.0	195.0	199.0	218.0	249.0	292.0	341.0	390.0	436.0	472.0	496.0	305.0	301.0	285.0	261.0	236.0	213.0	198.0	195.0	207.0	232.0	270.0	316.0	366.0	414.0	455.0	485.0	302.0	304.0	294.0	274.0	248.0	224.0	204.0
o172	79.0	195.0	51.0	167.0	270.0	316.0	162.0	414.0	227.0	485.0	52.0	304.0	77.0	89.0	101.0	224.0	0.0	137.0	199.0	56.0	249.0	106.0	341.0	180.0	214.0	234.0	496.0	305.0	301.0	202.0	0.0	236.0	94.0	198.0	195.0	207.0	65.0	180.0	192.0	204.0	414.0	455.0	240.0	302.0	240.0	294.0	0.0	248.0	224.0	125.0
o173	0.0	0.0	0.0	0.0	0.0	316.0	162.0	216.0	0.0	240.0	250.0	64.0	0.0	0.0	0.0	224.0	125.0	0.0	0.0	56.0	0.0	0.0	0.0	0.0	436.0	234.0	0.0	0.0	230.0	285.0	0.0	129.0	0.0	0.0	143.0	0.0	167.0	0.0	192.0	162.0	0.0	0.0	0.0	302.0	0.0	0.0	185.0	0.0	111.0	0.0
o174	178.0	160.0	203.0	246.0	292.0	308.0	352.0	455.0	476.0	491.0	277.0	326.0	314.0	282.0	280.0	241.0	221.0	155.0	196.0	224.0	231.0	312.0	324.0	401.0	398.0	450.0	472.0	290.0	315.0	296.0	297.0	229.0	215.0	194.0	195.0	228.0	237.0	281.0	362.0	362.0	382.0	486.0	484.0	314.0	316.0	291.0	267.0	224.0	215.0	189.0
o175	239.0	0.0	241.0	75.0	232.0	314.0	153.0	405.0	0.0	482.0	231.0	258.0	295.0	87.0	247.0	101.0	217.0	175.0	204.0	146.0	53.0	92.0	383.0	391.0	438.0	252.0	264.0	233.0	298.0	0.0	284.0	242.0	212.0	108.0	154.0	226.0	166.0	0.0	146.0	188.0	240.0	491.0	474.0	52.0	61.0	293.0	185.0	206.0	191.0	98.0
o176	0.0	56.0	0.0	174.0	178.0	128.0	0.0	0.0	239.0	0.0	250.0	0.0	94.0	0.0	170.0	0.0	0.0	143.0	132.0	0.0	0.0	0.0	0.0	0.0	0.0	216.0	242.0	0.0	90.0	0.0	0.0	0.0	108.0	131.0	0.0	214.0	0.0	73.0	103.0	0.0	0.0	0.0	232.0	71.0	222.0	271.0	0.0	0.0	107.0	69.0
o177	155.0	235.0	216.0	194.0	291.0	370.0	411.0	405.0	392.0	491.0	322.0	277.0	371.0	277.0	230.0	177.0	210.0	207.0	206.0	213.0	205.0	249.0	333.0	357.0	470.0	477.0	484.0	386.0	300.0	274.0	254.0	242.0	163.0	235.0	225.0	138.0	255.0	278.0	307.0	336.0	443.0	484.0	459.0	330.0	315.0	277.0	277.0	272.0	292.0	214.0
o178	175.0	4.0	113.0	256.0	82.0	316.0	157.0	179.0	388.0	0.0	256.0	341.0	382.0	328.0	236.0	144.0	259.0	49.0	132.0	177.0	212.0	131.0	345.0	165.0	491.0	397.0	205.0	380.0	24.0	298.0	199.0	77.0	181.0	102.0	98.0	144.0	17.0	343.0	174.0	370.0	254.0	503.0	264.0	256.0	0.0	320.0	196.0	187.0	297.0	0.0
o179	143.0	0.0	54.0	0.0	79.0	98.0	0.0	0.0	0.0	253.0	235.0	0.0	107.0	0.0	0.0	108.0	33.0	0.0	129.0	0.0	159.0	0.0	153.0	0.0	0.0	266.0	0.0	92.0	0.0	120.0	0.0	0.0	0.0	0.0	107.0	0.0	0.0	91.0	120.0	0.0	260.0	226.0	287.0	249.0	0.0	0.0	0.0	88.0	0.0	239.0
o180	350.0	422.0	462.0	490.0	304.0	303.0	291.0	269.0	244.0	219.0	202.0	195.0	202.0	223.0	257.0	301.0	350.0	399.0	443.0	477.0	498.0	305.0	298.0	281.0	256.0	231.0	209.0	197.0	196.0	210.0	238.0	278.0	325.0	375.0	422.0	462.0	490.0	304.0	303.0	291.0	269.0	244.0	219.0	202.0	195.0	202.0	223.0	257.0	301.0	350.0
o181	200.0	204.0	231.0	490.0	55.0	237.0	291.0	178.0	244.0	219.0	127.0	195.0	202.0	223.0	257.0	301.0	200.0	399.0	443.0	477.0	498.0	0.0	73.0	196.0	0.0	122.0	209.0	63.0	196.0	53.0	69.0	182.0	131.0	206.0	218.0	0.0	490.0	304.0	67.0	291.0	269.0	140.0	115.0	202.0	139.0	50.0	223.0	257.0	301.0	200.0
o182	0.0	0.0	0.0	242.0	55.0	237.0	212.0	269.0	0.0	0.0	0.0	0.0	202.0	0.0	176.0	0.0	200.0	0.0	224.0	241.0	0.0	61.0	0.0	196.0	0.0	0.0	0.0	0.0	0.0	0.0	0.0	96.0	194.0	0.0	218.0	0.0	247.0	249.0	67.0	0.0	0.0	140.0	104.0	74.0	0.0	202.0	0.0	0.0	188.0	0.0
o183	372.0	462.0	479.0	463.0	304.0	299.0	278.0	275.0	210.0	213.0	217.0	181.0	199.0	220.0	239.0	310.0	346.0	383.0	463.0	453.0	516.0	279.0	262.0	310.0	300.0	227.0	222.0	199.0	211.0	236.0	276.0	261.0	351.0	405.0	417.0	479.0	519.0	306.0	330.0	299.0	279.0	239.0	223.0	211.0	205.0	208.0	259.0	263.0	285.0	376.0
o184	177.0	197.0	220.0	253.0	291.0	83.0	285.0	260.0	81.0	120.0	196.0	208.0	155.0	228.0	81.0	129.0	0.0	429.0	0.0	259.0	229.0	55.0	0.0	312.0	100.0	254.0	182.0	202.0	42.0	0.0	254.0	310.0	322.0	157.0	417.0	465.0	483.0	270.0	258.0	203.0	260.0	217.0	235.0	0.0	183.0	176.0	234.0	100.0	282.0	331.0
o185	0.0	234.0	0.0	0.0	68.0	0.0	87.0	177.0	144.0	0.0	0.0	0.0	0.0	0.0	0.0	0.0	0.0	0.0	0.0	466.0	482.0	222.0	0.0	193.0	0.0	0.0	87.0	0.0	0.0	247.0	0.0	0.0	179.0	189.0	232.0	215.0	249.0	30.0	60.0	214.0	0.0	0.0	128.0	0.0	59.0	0.0	50.0	171.0	0.0	0.0
o186	402.0	365.0	450.0	552.0	320.0	291.0	222.0	306.0	171.0	247.0	224.0	258.0	136.0	279.0	215.0	369.0	356.0	362.0	366.0	487.0	403.0	354.0	338.0	294.0	226.0	255.0	226.0	233.0	196.0	239.0	255.0	268.0	301.0	403.0	342.0	450.0	557.0	312.0	318.0	332.0	262.0	275.0	262.0	153.0	159.0	273.0	187.0	270.0	299.0	361.0
o187	179.0	249.0	440.0	239.0	271.0	227.0	119.0	212.0	232.0	69.0	208.0	24.0	85.0	150.0	146.0	275.0	224.0	338.0	463.0	203.0	213.0	0.0	76.0	92.0	205.0	114.0	137.0	202.0	147.0	218.0	290.0	158.0	192.0	426.0	235.0	481.0	493.0	278.0	33.0	0.0	304.0	0.0	223.0	165.0	253.0	22.0	281.0	0.0	307.0	321.0
o188	112.0	268.0	455.0	0.0	0.0	0.0	0.0	0.0	0.0	81.0	80.0	0.0	0.0	211.0	183.0	141.0	128.0	0.0	239.0	0.0	0.0	269.0	177.0	0.0	0.0	82.0	0.0	91.0	185.0	35.0	174.0	65.0	0.0	205.0	0.0	0.0	0.0	257.0	0.0	0.0	0.0	0.0	114.0	0.0	0.0	0.0	128.0	214.0	0.0	154.0
o189	300.0	301.0	294.0	283.0	270.0	258.0	250.0	247.0	252.0	263.0	281.0	303.0	328.0	353.0	374.0	390.0	300.0	302.0	298.0	289.0	277.0	264.0	254.0	248.0	249.0	257.0	271.0	292.0	316.0	341.0	364.0	383.0	396.0	302.0	301.0	294.0	283.0	270.0	258.0	250.0	247.0	252.0	263.0	281.0	303.0	328.0	353.0	374.0	390.0	300.0
o190	300.0	301.0	179.0	283.0	0.0	133.0	111.0	247.0	0.0	158.0	117.0	170.0	328.0	353.0	374.0	194.0	300.0	106.0	112.0	118.0	152.0	134.0	254.0	0.0	100.0	257.0	271.0	292.0	143.0	341.0	364.0	383.0	199.0	302.0	109.0	179.0	0.0	143.0	258.0	111.0	247.0	252.0	263.0	164.0	170.0	328.0	182.0	374.0	390.0	300.0
o191	0.0	192.0	115.0	121.0	0.0	0.0	0.0	102.0	152.0	158.0	117.0	0.0	0.0	0.0	0.0	194.0	0.0	0.0	0.0	0.0	0.0	0.0	0.0	0.0	0.0	0.0	0.0	0.0	143.0	179.0	179.0	0.0	396.0	199.0	0.0	115.0	0.0	127.0	0.0	250.0	102.0	100.0	106.0	164.0	0.0	176.0	171.0	186.0	0.0	100.0
o192	291.0	285.0	314.0	275.0	255.0	260.0	262.0	257.0	247.0	268.0	264.0	285.0	329.0	352.0	378.0	390.0	309.0	315.0	282.0	293.0	276.0	267.0	250.0	250.0	268.0	245.0	271.0	283.0	318.0	334.0	378.0	392.0	403.0	313.0	279.0	309.0	276.0	274.0	248.0	232.0	254.0	247.0	267.0	278.0	319.0	328.0	345.0	361.0	393.0	307.0
o193	300.0	296.0	287.0	274.0	0.0	129.0	0.0	255.0	252.0	0.0	278.0	162.0	333.0	184.0	377.0	193.0	200.0	198.0	311.0	301.0	291.0	252.0	234.0	136.0	264.0	143.0	274.0	0.0	148.0	0.0	195.0	387.0	397.0	284.0	186.0	294.0	295.0	280.0	135.0	139.0	0.0	160.0	112.0	117.0	302.0	176.0	333.0	387.0	186.0	315.0
o194	107.0	304.0	0.0	112.0	0.0	132.0	0.0	0.0	0.0	158.0	0.0	171.0	181.0	0.0	186.0	185.0	0.0	0.0	120.0	302.0	0.0	0.0	107.0	0.0	0.0	103.0	0.0	0.0	149.0	183.0	0.0	191.0	197.0	0.0	0.0	0.0	0.0	122.0	0.0	110.0	0.0	255.0	0.0	0.0	0.0	142.0	0.0	370.0	0.0	0.0
o195	282.0	265.0	276.0	279.0	241.0	290.0	276.0	257.0	254.0	276.0	251.0	306.0	346.0	378.0	360.0	395.0	295.0	313.0	288.0	292.0	297.0	265.0	258.0	247.0	254.0	233.0	287.0	267.0	303.0	332.0	371.0	366.0	426.0	339.0	272.0	319.0	245.0	280.0	280.0	279.0	228.0	262.0	257.0	274.0	267.0	298.0	386.0	358.0	396.0	296.0
o196	102.0	0.0	125.0	156.0	253.0	243.0	279.0	270.0	240.0	180.0	115.0	332.0	187.0	153.0	379.0	182.0	205.0	0.0	252.0	264.0	284.0	284.0	137.0	226.0	118.0	236.0	279.0	142.0	328.0	0.0	172.0	376.0	384.0	301.0	0.0	122.0	278.0	0.0	103.0	288.0	122.0	237.0	120.0	260.0	322.0	143.0	198.0	366.0	174.0	328.0
o197	0.0	85.0	0.0	0.0	0.0	145.0	100.0	81.0	0.0	0.0	0.0	0.0	0.0	0.0	0.0	0.0	94.0	208.0	0.0	323.0	135.0	157.0	249.0	150.0	146.0	170.0	146.0	0.0	139.0	153.0	192.0	206.0	0.0	0.0	0.0	0.0	0.0	0.0	260.0	0.0	88.0	0.0	137.0	290.0	0.0	0.0	0.0	0.0	0.0	0.0
o198	252.0	248.0	253.0	266.0	285.0	308.0	333.0	357.0	378.0	393.0	301.0	302.0	297.0	287.0	274.0	262.0	252.0	248.0	250.0	259.0	275.0	296.0	320.0	345.0	368.0	386.0	398.0	302.0	300.0	292.0	281.0	268.0	256.0	249.0	248.0	253.0	266.0	285.0	308.0	333.0	357.0	378.0	393.0	301.0	302.0	297.0	287.0	274.0	262.0	252.0
o199	0.0	147.0	253.0	266.0	165.0	308.0	156.0	357.0	378.0	0.0	301.0	302.0	297.0	287.0	149.0	262.0	115.0	248.0	100.0	259.0	275.0	168.0	146.0	345.0	368.0	194.0	398.0	302.0	300.0	116.0	281.0	268.0	122.0	249.0	248.0	153.0	266.0	0.0	308.0	0.0	0.0	189.0	198.0	101.0	302.0	184.0	167.0	125.0	131.0	137.0
o200	115.0	248.0	0.0	0.0	120.0	171.0	177.0	0.0	189.0	195.0	0.0	0.0	0.0	0.0	149.0	0.0	0.0	104.0	250.0	0.0	0.0	0.0	0.0	180.0	0.0	0.0	0.0	198.0	0.0	116.0	122.0	139.0	134.0	249.0	0.0	0.0	0.0	165.0	171.0	0.0	0.0	189.0	198.0	101.0	0.0	0.0	0.0	149.0	0.0	0.0
o201	264.0	232.0	239.0	269.0	280.0	291.0	336.0	373.0	372.0	388.0	302.0	305.0	285.0	275.0	287.0	263.0	243.0	265.0	256.0	275.0	268.0	301.0	313.0	355.0	348.0	388.0	381.0	307.0	284.0	298.0	261.0	257.0	251.0	243.0	259.0	261.0	265.0	280.0	303.0	330.0	339.0	365.0	395.0	297.0	289.0	301.0	285.0	280.0	271.0	241.0
o202	142.0	265.0	255.0	118.0	298.0	298.0	167.0	174.0	389.0	0.0	292.0	117.0	301.0	127.0	256.0	253.0	260.0	0.0	148.0	97.0	280.0	307.0	304.0	155.0	382.0	386.0	0.0	287.0	115.0	298.0	0.0	135.0	249.0	0.0	240.0	275.0	166.0	297.0	314.0	146.0	348.0	199.0	379.0	301.0	106.0	177.0	160.0	121.0	122.0	125.0
o203	0.0	106.0	155.0	0.0	177.0	0.0	0.0	0.0	188.0	0.0	198.0	0.0	0.0	0.0	0.0	260.0	0.0	94.0	0.0	0.0	276.0	0.0	322.0	187.0	193.0	206.0	0.0	0.0	0.0	0.0	114.0	129.0	0.0	0.0	91.0	101.0	168.0	166.0	173.0	0.0	0.0	0.0	199.0	90.0	117.0	0.0	0.0	0.0	122.0	0.0
o204	263.0	246.0	290.0	230.0	311.0	339.0	330.0	342.0	382.0	422.0	288.0	320.0	331.0	305.0	264.0	287.0	224.0	264.0	255.0	249.0	288.0	308.0	309.0	352.0	367.0	397.0	376.0	286.0	278.0	288.0	282.0	264.0	213.0	230.0	281.0	299.0	274.0	277.0	272.0	362.0	342.0	383.0	404.0	315.0	304.0	331.0	293.0	275.0	229.0	248.0
o205	294.0	113.0	261.0	249.0	185.0	304.0	337.0	342.0	366.0	213.0	125.0	125.0	324.0	170.0	296.0	0.0	159.0	282.0	227.0	254.0	89.0	155.0	129.0	153.0	368.0	0.0	197.0	116.0	181.0	287.0	143.0	147.0	100.0	137.0	271.0	88.0	104.0	164.0	281.0	327.0	163.0	362.0	213.0	291.0	328.0	317.0	0.0	139.0	259.0	250.0
o206	134.0	162.0	112.0	0.0	103.0	0.0	147.0	193.0	0.0	171.0	0.0	0.0	0.0	119.0	153.0	0.0	0.0	129.0	109.0	0.0	127.0	115.0	160.0	182.0	197.0	180.0	214.0	216.0	0.0	137.0	0.0	0.0	134.0	0.0	146.0	0.0	0.0	0.0	306.0	194.0	0.0	0.0	0.0	0.0	0.0	0.0	0.0	143.0	0.0	0.0
o207	325.0	361.0	381.0	395.0	302.0	302.0	295.0	285.0	272.0	260.0	251.0	247.0	251.0	261.0	278.0	300.0	325.0	350.0	372.0	389.0	399.0	303.0	299.0	290.0	278.0	265.0	255.0	248.0	248.0	255.0	269.0	289.0	313.0	337.0	361.0	381.0	395.0	302.0	302.0	295.0	285.0	272.0	260.0	251.0	247.0	251.0	261.0	278.0	300.0	325.0
o208	325.0	361.0	191.0	395.0	302.0	193.0	0.0	285.0	127.0	133.0	112.0	103.0	251.0	261.0	278.0	169.0	175.0	350.0	372.0	195.0	399.0	303.0	111.0	117.0	278.0	0.0	255.0	248.0	248.0	255.0	160.0	166.0	313.0	337.0	361.0	191.0	199.0	302.0	108.0	181.0	120.0	145.0	260.0	112.0	0.0	251.0	105.0	115.0	169.0	175.0
o209	175.0	184.0	191.0	0.0	0.0	0.0	181.0	0.0	0.0	127.0	112.0	247.0	0.0	157.0	0.0	0.0	0.0	0.0	0.0	0.0	199.0	303.0	111.0	0.0	155.0	136.0	0.0	0.0	0.0	0.0	109.0	289.0	141.0	0.0	0.0	0.0	0.0	102.0	108.0	114.0	0.0	0.0	127.0	0.0	0.0	0.0	0.0	163.0	169.0	150.0
o210	334.0	356.0	368.0	385.0	299.0	292.0	304.0	293.0	266.0	268.0	234.0	237.0	231.0	261.0	289.0	303.0	336.0	354.0	371.0	388.0	413.0	320.0	315.0	291.0	275.0	245.0	259.0	236.0	234.0	257.0	263.0	287.0	311.0	343.0	353.0	376.0	409.0	299.0	298.0	307.0	283.0	258.0	261.0	267.0	240.0	249.0	245.0	271.0	302.0	323.0
o211	332.0	378.0	0.0	209.0	309.0	99.0	117.0	299.0	118.0	137.0	237.0	137.0	149.0	257.0	0.0	307.0	170.0	346.0	364.0	369.0	391.0	207.0	112.0	268.0	152.0	118.0	256.0	108.0	156.0	109.0	252.0	121.0	314.0	170.0	0.0	383.0	388.0	282.0	304.0	297.0	108.0	154.0	256.0	254.0	109.0	250.0	0.0	105.0	126.0	325.0
o212	0.0	172.0	0.0	187.0	200.0	97.0	0.0	0.0	0.0	246.0	0.0	0.0	143.0	96.0	0.0	128.0	0.0	0.0	0.0	0.0	405.0	97.0	0.0	126.0	133.0	118.0	0.0	139.0	0.0	0.0	0.0	163.0	148.0	0.0	0.0	0.0	0.0	195.0	202.0	0.0	0.0	0.0	0.0	116.0	104.0	139.0	0.0	169.0	143.0	169.0
o213	317.0	361.0	381.0	392.0	295.0	296.0	270.0	312.0	281.0	271.0	288.0	232.0	250.0	279.0	282.0	311.0	330.0	362.0	343.0	407.0	403.0	285.0	284.0	273.0	235.0	276.0	285.0	251.0	212.0	260.0	238.0	284.0	294.0	348.0	359.0	406.0	442.0	323.0	331.0	288.0	331.0	273.0	252.0	246.0	253.0	236.0	264.0	297.0	321.0	341.0
o214	131.0	375.0	399.0	179.0	0.0	292.0	300.0	261.0	152.0	142.0	116.0	89.0	169.0	248.0	182.0	330.0	152.0	0.0	327.0	212.0	177.0	298.0	103.0	296.0	293.0	114.0	0.0	97.0	123.0	246.0	269.0	299.0	351.0	158.0	352.0	339.0	409.0	287.0	121.0	0.0	278.0	281.0	145.0	248.0	279.0	108.0	143.0	149.0	186.0	336.0
o215	0.0	0.0	354.0	195.0	203.0	0.0	180.0	0.0	0.0	0.0	0.0	0.0	0.0	0.0	0.0	150.0	0.0	197.0	0.0	0.0	185.0	126.0	0.0	124.0	0.0	0.0	0.0	136.0	0.0	90.0	0.0	171.0	0.0	166.0	196.0	0.0	0.0	203.0	115.0	177.0	268.0	169.0	0.0	148.0	134.0	89.0	0.0	166.0	0.0	161.0
o216	300.0	301.0	297.0	292.0	285.0	279.0	275.0	274.0	276.0	282.0	290.0	302.0	314.0	326.0	337.0	345.0	300.0	301.0	299.0	294.0	288.0	282.0	277.0	274.0	274.0	278.0	286.0	296.0	308.0	320.0	332.0	341.0	348.0	301.0	301.0	297.0	292.0	285.0	279.0	275.0	274.0	276.0	282.0	290.0	302.0	314.0	326.0	337.0	345.0	300.0
o217	125.0	301.0	0.0	292.0	146.0	138.0	0.0	148.0	276.0	282.0	157.0	0.0	314.0	326.0	337.0	345.0	0.0	301.0	299.0	134.0	288.0	140.0	277.0	128.0	274.0	0.0	155.0	296.0	146.0	156.0	167.0	341.0	348.0	175.0	301.0	297.0	156.0	139.0	142.0	130.0	126.0	276.0	282.0	290.0	160.0	314.0	160.0	337.0	345.0	300.0
o218	0.0	171.0	0.0	136.0	0.0	138.0	0.0	126.0	276.0	0.0	134.0	0.0	0.0	0.0	169.0	173.0	125.0	173.0	168.0	0.0	151.0	0.0	0.0	0.0	0.0	0.0	0.0	0.0	0.0	320.0	167.0	0.0	0.0	0.0	0.0	133.0	156.0	139.0	142.0	145.0	126.0	151.0	0.0	0.0	160.0	0.0	160.0	169.0	0.0	0.0
o219	307.0	298.0	294.0	287.0	287.0	283.0	271.0	275.0	277.0	285.0	301.0	302.0	314.0	322.0	338.0	342.0	298.0	297.0	297.0	296.0	287.0	280.0	276.0	276.0	275.0	279.0	280.0	294.0	303.0	331.0	331.0	346.0	353.0	306.0	290.0	289.0	290.0	287.0	287.0	273.0	278.0	282.0	271.0	295.0	290.0	311.0	325.0	333.0	352.0	307.0
o220	307.0	308.0	294.0	159.0	292.0	138.0	274.0	120.0	130.0	158.0	288.0	160.0	320.0	166.0	332.0	169.0	180.0	305.0	165.0	299.0	292.0	140.0	281.0	272.0	0.0	0.0	287.0	0.0	165.0	161.0	164.0	336.0	174.0	310.0	124.0	166.0	155.0	286.0	280.0	270.0	123.0	127.0	280.0	161.0	302.0	163.0	335.0	165.0	177.0	304.0
o221	0.0	130.0	0.0	0.0	134.0	0.0	136.0	268.0	126.0	0.0	156.0	164.0	161.0	0.0	0.0	175.0	0.0	302.0	0.0	135.0	0.0	0.0	0.0	146.0	0.0	0.0	0.0	0.0	0.0	0.0	160.0	0.0	175.0	0.0	170.0	0.0	134.0	0.0	133.0	0.0	0.0	283.0	149.0	129.0	161.0	153.0	0.0	167.0	0.0	0.0
o222	294.0	314.0	288.0	278.0	296.0	266.0	260.0	280.0	297.0	287.0	289.0	299.0	321.0	326.0	344.0	350.0	324.0	304.0	312.0	301.0	290.0	267.0	289.0	277.0	277.0	301.0	276.0	291.0	296.0	328.0	328.0	347.0	355.0	314.0	306.0	301.0	310.0	307.0	292.0	265.0	280.0	282.0	263.0	295.0	296.0	316.0	323.0	338.0	325.0	298.0
o223	300.0	183.0	134.0	148.0	272.0	295.0	151.0	142.0	129.0	278.0	151.0	298.0	149.0	166.0	159.0	164.0	311.0	177.0	0.0	298.0	268.0	281.0	127.0	270.0	149.0	0.0	0.0	284.0	173.0	153.0	338.0	364.0	357.0	307.0	175.0	292.0	167.0	281.0	133.0	265.0	281.0	282.0	147.0	288.0	307.0	151.0	320.0	0.0	339.0	122.0
o224	0.0	0.0	0.0	0.0	0.0	0.0	275.0	0.0	0.0	0.0	137.0	0.0	0.0	0.0	0.0	162.0	0.0	0.0	130.0	0.0	0.0	0.0	0.0	156.0	131.0	164.0	153.0	155.0	0.0	307.0	0.0	161.0	186.0	173.0	136.0	157.0	145.0	0.0	127.0	0.0	269.0	155.0	289.0	0.0	0.0	142.0	0.0	0.0	0.0	174.0
o225	276.0	274.0	277.0	283.0	292.0	304.0	316.0	328.0	339.0	346.0	301.0	301.0	298.0	293.0	287.0	281.0	276.0	274.0	275.0	279.0	287.0	298.0	310.0	323.0	334.0	343.0	349.0	301.0	300.0	296.0	290.0	284.0	278.0	275.0	274.0	277.0	283.0	292.0	304.0	316.0	328.0	339.0	346.0	301.0	301.0	298.0	293.0	287.0	281.0	276.0
o226	276.0	126.0	125.0	154.0	135.0	304.0	153.0	328.0	170.0	173.0	126.0	301.0	132.0	293.0	149.0	281.0	144.0	274.0	275.0	153.0	287.0	159.0	148.0	165.0	334.0	172.0	0.0	174.0	300.0	296.0	290.0	284.0	278.0	129.0	274.0	277.0	154.0	292.0	144.0	316.0	328.0	339.0	173.0	175.0	129.0	0.0	293.0	149.0	141.0	132.0
o227	0.0	148.0	125.0	0.0	0.0	160.0	0.0	0.0	0.0	346.0	126.0	172.0	298.0	0.0	149.0	0.0	0.0	0.0	125.0	279.0	156.0	0.0	0.0	0.0	0.0	0.0	174.0	301.0	0.0	296.0	0.0	139.0	0.0	129.0	0.0	0.0	0.0	157.0	304.0	0.0	0.0	0.0	0.0	0.0	0.0	0.0	159.0	149.0	0.0	0.0
o228	272.0	280.0	279.0	290.0	301.0	299.0	309.0	329.0	334.0	338.0	311.0	304.0	296.0	299.0	287.0	271.0	276.0	277.0	264.0	277.0	289.0	303.0	306.0	319.0	325.0	347.0	341.0	298.0	310.0	300.0	295.0	291.0	281.0	274.0	271.0	277.0	288.0	283.0	308.0	318.0	336.0	344.0	348.0	300.0	306.0	303.0	295.0	290.0	282.0	282.0
o229	276.0	284.0	279.0	132.0	292.0	302.0	158.0	330.0	171.0	352.0	291.0	295.0	0.0	129.0	284.0	283.0	276.0	277.0	281.0	276.0	285.0	302.0	309.0	164.0	329.0	0.0	0.0	126.0	170.0	0.0	0.0	138.0	279.0	135.0	0.0	119.0	287.0	153.0	166.0	317.0	157.0	174.0	347.0	130.0	124.0	299.0	162.0	284.0	142.0	269.0
o230	133.0	124.0	0.0	0.0	0.0	158.0	149.0	156.0	0.0	172.0	126.0	0.0	0.0	133.0	154.0	143.0	137.0	0.0	0.0	127.0	135.0	289.0	0.0	159.0	171.0	0.0	0.0	305.0	0.0	128.0	0.0	148.0	0.0	0.0	146.0	0.0	0.0	0.0	159.0	0.0	0.0	0.0	172.0	0.0	0.0	0.0	0.0	140.0	138.0	0.0
o231	282.0	268.0	267.0	274.0	295.0	308.0	308.0	331.0	348.0	368.0	307.0	306.0	283.0	272.0	283.0	285.0	273.0	274.0	264.0	286.0	303.0	297.0	319.0	311.0	336.0	343.0	342.0	315.0	293.0	297.0	304.0	273.0	262.0	288.0	262.0	276.0	280.0	297.0	307.0	332.0	316.0	347.0	352.0	309.0	291.0	298.0	297.0	310.0	269.0	285.0
o232	285.0	280.0	285.0	271.0	277.0	300.0	151.0	176.0	344.0	348.0	137.0	121.0	290.0	162.0	138.0	135.0	276.0	125.0	293.0	284.0	285.0	146.0	312.0	340.0	348.0	173.0	361.0	134.0	312.0	0.0	306.0	274.0	131.0	270.0	277.0	149.0	129.0	153.0	171.0	315.0	170.0	0.0	361.0	0.0	0.0	177.0	145.0	151.0	288.0	0.0
o233	132.0	0.0	155.0	0.0	0.0	0.0	0.0	0.0	0.0	0.0	163.0	0.0	0.0	166.0	0.0	0.0	0.0	0.0	283.0	150.0	123.0	0.0	0.0	0.0	163.0	0.0	186.0	186.0	134.0	0.0	141.0	0.0	0.0	142.0	123.0	267.0	0.0	303.0	0.0	0.0	174.0	0.0	342.0	0.0	126.0	0.0	0.0	0.0	133.0	275.0
o234	312.0	331.0	340.0	347.0	301.0	301.0	298.0	292.0	286.0	280.0	275.0	274.0	275.0	281.0	289.0	300.0	313.0	325.0	336.0	344.0	350.0	301.0	300.0	295.0	289.0	283.0	277.0	274.0	274.0	278.0	285.0	294.0	306.0	319.0	331.0	340.0	347.0	301.0	301.0	298.0	292.0	286.0	280.0	275.0	274.0	275.0	281.0	289.0	300.0	312.0
o235	312.0	331.0	170.0	347.0	301.0	172.0	132.0	135.0	138.0	141.0	275.0	147.0	275.0	127.0	133.0	159.0	313.0	325.0	0.0	173.0	175.0	301.0	300.0	0.0	289.0	143.0	143.0	274.0	274.0	278.0	285.0	294.0	306.0	0.0	164.0	170.0	347.0	301.0	301.0	132.0	135.0	148.0	280.0	275.0	274.0	0.0	281.0	0.0	141.0	312.0
o236	0.0	331.0	170.0	174.0	0.0	0.0	165.0	0.0	286.0	0.0	0.0	0.0	0.0	153.0	156.0	141.0	0.0	0.0	0.0	172.0	0.0	0.0	131.0	134.0	0.0	143.0	0.0	0.0	0.0	0.0	0.0	0.0	0.0	164.0	331.0	170.0	0.0	0.0	129.0	165.0	157.0	138.0	0.0	131.0	126.0	0.0	0.0	133.0	0.0	162.0
o237	315.0	340.0	343.0	354.0	297.0	307.0	287.0	287.0	291.0	284.0	282.0	269.0	278.0	284.0	281.0	299.0	322.0	324.0	332.0	345.0	347.0	294.0	289.0	289.0	287.0	284.0	288.0	274.0	272.0	285.0	286.0	301.0	297.0	319.0	334.0	330.0	347.0	303.0	295.0	300.0	297.0	290.0	278.0	273.0	272.0	280.0	275.0	292.0	296.0	319.0
o238	313.0	161.0	168.0	338.0	132.0	132.0	0.0	157.0	281.0	284.0	137.0	130.0	146.0	133.0	160.0	303.0	146.0	314.0	336.0	348.0	177.0	301.0	134.0	297.0	288.0	145.0	285.0	285.0	0.0	126.0	150.0	296.0	313.0	312.0	329.0	174.0	340.0	175.0	178.0	290.0	139.0	290.0	143.0	0.0	148.0	268.0	152.0	290.0	302.0	149.0
o239	0.0	158.0	172.0	0.0	0.0	0.0	162.0	290.0	144.0	138.0	0.0	0.0	148.0	125.0	0.0	135.0	0.0	0.0	0.0	0.0	0.0	173.0	169.0	0.0	0.0	0.0	0.0	145.0	0.0	0.0	284.0	156.0	0.0	0.0	165.0	0.0	0.0	126.0	124.0	0.0	136.0	149.0	138.0	0.0	0.0	151.0	152.0	127.0	0.0	162.0
o240	313.0	325.0	332.0	359.0	298.0	309.0	284.0	285.0	295.0	284.0	273.0	278.0	275.0	268.0	293.0	277.0	292.0	329.0	337.0	342.0	344.0	314.0	305.0	316.0	302.0	279.0	281.0	286.0	287.0	279.0	267.0	316.0	299.0	319.0	339.0	330.0	347.0	303.0	316.0	304.0	277.0	285.0	274.0	272.0	260.0	274.0	263.0	288.0	297.0	314.0
o241	170.0	0.0	160.0	180.0	285.0	290.0	311.0	130.0	294.0	130.0	0.0	125.0	273.0	296.0	164.0	299.0	335.0	328.0	179.0	343.0	185.0	0.0	281.0	0.0	292.0	289.0	274.0	120.0	151.0	273.0	162.0	283.0	297.0	311.0	337.0	176.0	177.0	165.0	126.0	153.0	282.0	282.0	264.0	287.0	116.0	299.0	154.0	0.0	304.0	152.0
o242	0.0	171.0	0.0	162.0	175.0	285.0	0.0	303.0	0.0	145.0	136.0	0.0	0.0	0.0	0.0	0.0	158.0	149.0	162.0	0.0	186.0	163.0	165.0	311.0	132.0	0.0	0.0	0.0	0.0	288.0	0.0	0.0	0.0	172.0	0.0	0.0	175.0	0.0	0.0	0.0	153.0	144.0	0.0	0.0	0.0	0.0	138.0	0.0	168.0	0.0