# Constructed from biom file
#OTU ID	s0	s1	s2	s3	s4	s5	s6	s7	s8	s9	s10	s11	s12	s13	s14	s15	s16	s17	s18	s19	s20	s21	s22	s23	s24	s25	s26	s27	s28	s29	s30	s31	s32	s33	s34	s35	s36	s37	s38	s39	s40	s41	s42	s43	s44	s45	s46	s47	s48	s49
o0	10.0	0.0	0.0	0.0	0.0	0.0	0.0	0.0	0.0	0.0	0.0	0.0	0.0	1.0	2.0	0.0	0.0	0.0	1.0	0.0	0.0	0.0	0.0	0.0	0.0	1.0	0.0	0.0	0.0	0.0	1.0	1.0	0.0	0.0	1.0	0.0	1.0	1.0	0.0	0.0	1.0	0.0	1.0	1.0	1.0	0.0	0.0	0.0	0.0	0.0
o1	10.0	0.0	2.0	0.0	0.0	0.0	1.0	1.0	0.0	0.0	0.0	0.0	0.0	0.0	0.0	0.0	0.0	0.0	2.0	0.0	0.0	0.0	0.0	0.0	1.0	0.0	1.0	0.0	1.0	0.0	1.0	1.0	0.0	0.0	0.0	0.0	0.0	0.0	0.0	0.0	1.0	1.0	0.0	0.0	1.0	0.0	0.0	0.0	0.0	1.0
o2	0.0	0.0	0.0	0.0	0.0	0.0	0.0	0.0	3.0	0.0	0.0	0.0	1.0	0.0	0.0	0.0	1.0	4.0	0.0	0.0	0.0	1.0	1.0	0.0	0.0	0.0	1.0	0.0	1.0	1.0	1.0	1.0	1.0	0.0	0.0	1.0	1.0	0.0	0.0	1.0	0.0	1.0	0.0	0.0	1.0	0.0	0.0	1.0	0.0	1.0
o3	0.0	0.0	0.0	0.0	0.0	0.0	0.0	0.0	0.0	0.0	0.0	0.0	0.0	0.0	0.0	0.0	0.0	2.0	0.0	0.0	0.0	0.0	2.0	0.0	0.0	1.0	0.0	0.0	0.0	0.0	1.0	1.0	0.0	0.0	0.0	1.0	1.0	0.0	1.0	0.0	1.0	0.0	0.0	1.0	1.0	1.0	0.0	0.0	0.0	0.0
o4	0.0	10.0	3.0	0.0	0.0	0.0	0.0	0.0	0.0	0.0	0.0	0.0	0.0	0.0	0.0	0.0	0.0	0.0	0.0	1.0	0.0	0.0	0.0	1.0	1.0	0.0	0.0	0.0	1.0	0.0	1.0	0.0	1.0	0.0	0.0	0.0	0.0	1.0	1.0	1.0	0.0	0.0	0.0	1.0	1.0	0.0	0.0	0.0	1.0	0.0
o5	0.0	2.0	1.0	0.0	0.0	0.0	0.0	0.0	0.0	4.0	3.0	1.0	1.0	0.0	0.0	2.0	0.0	0.0	2.0	1.0	0.0	1.0	0.0	0.0	0.0	0.0	1.0	0.0	0.0	0.0	1.0	0.0	0.0	0.0	0.0	1.0	0.0	0.0	0.0	1.0	0.0	0.0	1.0	1.0	0.0	0.0	1.0	0.0	0.0	0.0
o6	0.0	0.0	0.0	0.0	0.0	0.0	0.0	0.0	0.0	0.0	0.0	0.0	0.0	0.0	0.0	0.0	0.0	0.0	0.0	0.0	0.0	0.0	0.0	0.0	0.0	0.0	0.0	0.0	0.0	0.0	0.0	0.0	0.0	0.0	0.0	0.0	0.0	0.0	0.0	0.0	0.0	0.0	0.0	0.0	0.0	0.0	0.0	0.0	0.0	0.0
o7	0.0	3.0	0.0	0.0	0.0	0.0	0.0	0.0	0.0	0.0	0.0	0.0	0.0	0.0	0.0	0.0	0.0	0.0	0.0	0.0	0.0	0.0	0.0	0.0	0.0	0.0	0.0	0.0	0.0	0.0	0.0	0.0	0.0	0.0	0.0	0.0	0.0	0.0	0.0	0.0	0.0	0.0	0.0	0.0	0.0	0.0	0.0	0.0	0.0	0.0
o8	10.0	0.0	0.0	0.0	0.0	0.0	0.0	0.0	2.0	0.0	0.0	0.0	3.0	0.0	0.0	0.0	0.0	0.0	0.0	0.0	3.0	0.0	1.0	0.0	0.0	0.0	0.0	0.0	0.0	0.0	9.0	0.0	1.0	0.0	1.0	0.0	0.0	0.0	0.0	1.0	5.0	0.0	0.0	0.0	9.0	0.0	1.0	0.0	0.0	0.0
o9	0.0	0.0	0.0	0.0	0.0	0.0	0.0	0.0	0.0	0.0	0.0	0.0	0.0	0.0	0.0	0.0	0.0	0.0	0.0	0.0	0.0	0.0	0.0	0.0	0.0	0.0	0.0	0.0	0.0	0.0	0.0	0.0	0.0	0.0	0.0	0.0	0.0	0.0	0.0	0.0	0.0	0.0	0.0	0.0	0.0	0.0	0.0	0.0	0.0	0.0
o10	10.0	0.0	2.0	0.0	0.0	6.0	0.0	0.0	0.0	2.0	0.0	1.0	0.0	10.0	2.0	0.0	2.0	0.0	1.0	0.0	0.0	2.0	0.0	0.0	0.0	0.0	0.0	0.0	2.0	0.0	0.0	0.0	0.0	0.0	9.0	0.0	0.0	0.0	0.0	0.0	1.0	0.0	2.0	0.0	4.0	0.0	0.0	0.0	8.0	2.0
o11	10.0	0.0	0.0	0.0	0.0	0.0	0.0	0.0	0.0	0.0	0.0	0.0	0.0	0.0	0.0	0.0	0.0	0.0	0.0	0.0	0.0	0.0	0.0	0.0	0.0	0.0	0.0	0.0	0.0	0.0	0.0	0.0	0.0	0.0	0.0	0.0	0.0	0.0	0.0	0.0	0.0	0.0	0.0	0.0	0.0	0.0	0.0	0.0	0.0	0.0
o12	0.0	0.0	1.0	0.0	1.0	0.0	1.0	1.0	0.0	0.0	0.0	1.0	1.0	0.0	0.0	1.0	1.0	0.0	0.0	0.0	0.0	1.0	0.0	0.0	1.0	0.0	1.0	1.0	1.0	0.0	0.0	1.0	0.0	0.0	0.0	1.0	1.0	0.0	1.0	0.0	1.0	1.0	1.0	1.0	0.0	1.0	1.0	1.0	0.0	1.0
o13	10.0	0.0	1.0	0.0	0.0	0.0	0.0	0.0	0.0	0.0	0.0	0.0	0.0	0.0	0.0	0.0	0.0	0.0	0.0	0.0	0.0	0.0	0.0	0.0	0.0	0.0	0.0	0.0	0.0	0.0	0.0	0.0	0.0	0.0	0.0	0.0	0.0	0.0	0.0	0.0	0.0	0.0	0.0	0.0	0.0	0.0	0.0	0.0	0.0	0.0
o14	0.0	1.0	0.0	7.0	6.0	0.0	0.0	0.0	0.0	7.0	0.0	0.0	0.0	0.0	0.0	0.0	0.0	7.0	0.0	6.0	6.0	0.0	0.0	7.0	7.0	0.0	6.0	0.0	0.0	7.0	0.0	0.0	6.0	0.0	6.0	0.0	7.0	0.0	0.0	0.0	6.0	6.0	7.0	0.0	0.0	0.0	6.0	6.0	6.0	0.0
o15	0.0	0.0	0.0	0.0	0.0	0.0	0.0	0.0	0.0	0.0	0.0	0.0	0.0	0.0	0.0	0.0	0.0	0.0	0.0	0.0	0.0	0.0	0.0	0.0	0.0	0.0	0.0	0.0	0.0	0.0	0.0	0.0	0.0	0.0	0.0	0.0	0.0	0.0	0.0	0.0	0.0	0.0	0.0	0.0	0.0	0.0	0.0	0.0	0.0	0.0
o16	0.0	0.0	0.0	0.0	4.0	0.0	0.0	6.0	0.0	5.0	4.0	0.0	0.0	0.0	5.0	0.0	0.0	5.0	5.0	5.0	0.0	5.0	0.0	0.0	0.0	0.0	0.0	0.0	0.0	5.0	0.0	5.0	5.0	0.0	0.0	5.0	0.0	0.0	5.0	5.0	0.0	0.0	5.0	5.0	0.0	0.0	0.0	0.0	0.0	5.0
o17	0.0	1.0	0.0	2.0	2.0	2.0	0.0	0.0	2.0	0.0	0.0	2.0	2.0	2.0	0.0	0.0	2.0	0.0	2.0	0.0	0.0	0.0	2.0	2.0	0.0	2.0	2.0	0.0	2.0	0.0	0.0	2.0	0.0	2.0	0.0	0.0	0.0	0.0	0.0	0.0	0.0	2.0	2.0	2.0	0.0	0.0	2.0	0.0	0.0	0.0
o18	0.0	37.0	0.0	0.0	1.0	0.0	0.0	48.0	3.0	0.0	0.0	0.0	0.0	0.0	0.0	0.0	5.0	25.0	0.0	1.0	0.0	8.0	6.0	0.0	0.0	0.0	2.0	0.0	1.0	0.0	0.0	0.0	0.0	8.0	0.0	0.0	0.0	3.0	11.0	20.0	0.0	1.0	3.0	0.0	17.0	0.0	0.0	25.0	0.0	0.0
o19	9.0	8.0	0.0	5.0	0.0	0.0	9.0	0.0	0.0	15.0	0.0	0.0	0.0	15.0	8.0	21.0	0.0	0.0	7.0	0.0	0.0	0.0	0.0	0.0	0.0	20.0	3.0	0.0	0.0	20.0	10.0	0.0	25.0	8.0	0.0	20.0	7.0	0.0	0.0	6.0	0.0	21.0	1.0	25.0	0.0	32.0	0.0	0.0	0.0	0.0
o20	0.0	0.0	0.0	0.0	0.0	0.0	23.0	5.0	7.0	14.0	0.0	0.0	0.0	23.0	0.0	0.0	0.0	0.0	0.0	0.0	0.0	3.0	2.0	0.0	0.0	0.0	0.0	6.0	18.0	8.0	13.0	0.0	3.0	0.0	3.0	0.0	15.0	8.0	0.0	0.0	1.0	1.0	9.0	0.0	0.0	0.0	9.0	9.0	0.0	0.0
o21	7.0	0.0	0.0	0.0	0.0	13.0	0.0	0.0	0.0	22.0	0.0	0.0	7.0	4.0	3.0	0.0	0.0	0.0	0.0	0.0	2.0	0.0	0.0	0.0	0.0	31.0	2.0	0.0	3.0	0.0	0.0	0.0	0.0	0.0	0.0	0.0	10.0	18.0	22.0	0.0	23.0	0.0	0.0	0.0	0.0	0.0	12.0	0.0	5.0	0.0
o22	1.0	0.0	17.0	0.0	0.0	0.0	0.0	16.0	0.0	0.0	11.0	0.0	0.0	5.0	0.0	0.0	0.0	3.0	0.0	0.0	6.0	0.0	5.0	1.0	5.0	0.0	0.0	1.0	0.0	0.0	14.0	0.0	5.0	0.0	1.0	0.0	0.0	33.0	12.0	0.0	0.0	9.0	0.0	0.0	0.0	0.0	0.0	0.0	0.0	0.0
o23	15.0	0.0	0.0	2.0	0.0	4.0	0.0	5.0	0.0	0.0	7.0	0.0	1.0	18.0	0.0	0.0	7.0	0.0	0.0	0.0	0.0	0.0	0.0	0.0	24.0	0.0	0.0	0.0	8.0	0.0	1.0	0.0	6.0	51.0	9.0	0.0	10.0	0.0	0.0	0.0	17.0	0.0	0.0	0.0	0.0	0.0	7.0	0.0	0.0	2.0
o24	26.0	0.0	0.0	0.0	0.0	0.0	2.0	0.0	0.0	0.0	0.0	0.0	5.0	0.0	0.0	0.0	0.0	0.0	0.0	0.0	2.0	15.0	0.0	0.0	7.0	0.0	0.0	2.0	0.0	0.0	2.0	5.0	6.0	3.0	10.0	0.0	0.0	0.0	0.0	0.0	4.0	0.0	31.0	30.0	0.0	0.0	0.0	18.0	0.0	0.0
o25	13.0	0.0	0.0	0.0	0.0	0.0	2.0	15.0	0.0	4.0	3.0	0.0	1.0	0.0	0.0	0.0	0.0	0.0	38.0	0.0	8.0	0.0	0.0	0.0	2.0	21.0	9.0	0.0	0.0	8.0	0.0	4.0	0.0	0.0	1.0	4.0	0.0	5.0	0.0	0.0	0.0	0.0	2.0	0.0	0.0	0.0	0.0	11.0	0.0	0.0
o26	12.0	0.0	0.0	0.0	0.0	2.0	9.0	0.0	0.0	2.0	0.0	38.0	17.0	0.0	1.0	0.0	11.0	0.0	0.0	0.0	13.0	0.0	0.0	0.0	30.0	17.0	0.0	0.0	21.0	0.0	12.0	0.0	17.0	14.0	0.0	0.0	0.0	0.0	3.0	0.0	0.0	8.0	1.0	7.0	0.0	0.0	0.0	0.0	13.0	0.0
o27	14.0	0.0	7.0	0.0	3.0	0.0	0.0	12.0	0.0	3.0	0.0	13.0	0.0	4.0	25.0	0.0	35.0	0.0	24.0	0.0	3.0	1.0	9.0	0.0	0.0	0.0	0.0	0.0	0.0	0.0	0.0	0.0	0.0	0.0	0.0	34.0	0.0	2.0	1.0	0.0	10.0	4.0	15.0	0.0	0.0	0.0	0.0	29.0	3.0	0.0
o28	10.0	3.0	10.0	1.0	14.0	2.0	0.0	0.0	0.0	0.0	0.0	0.0	0.0	0.0	0.0	0.0	5.0	36.0	0.0	0.0	0.0	0.0	12.0	0.0	0.0	0.0	0.0	1.0	0.0	5.0	6.0	0.0	0.0	8.0	5.0	0.0	0.0	0.0	0.0	5.0	4.0	0.0	0.0	0.0	2.0	0.0	0.0	0.0	0.0	0.0
o29	0.0	0.0	3.0	0.0	4.0	1.0	0.0	7.0	0.0	0.0	0.0	2.0	0.0	0.0	0.0	2.0	0.0	0.0	0.0	5.0	6.0	0.0	0.0	34.0	0.0	43.0	0.0	0.0	10.0	0.0	0.0	0.0	3.0	0.0	0.0	0.0	12.0	8.0	7.0	0.0	7.0	0.0	0.0	0.0	11.0	0.0	0.0	9.0	6.0	0.0
o30	6.0	0.0	0.0	12.0	3.0	0.0	0.0	0.0	0.0	18.0	0.0	0.0	11.0	0.0	0.0	12.0	1.0	0.0	27.0	0.0	5.0	15.0	0.0	0.0	0.0	0.0	0.0	5.0	0.0	0.0	0.0	0.0	0.0	0.0	0.0	0.0	9.0	2.0	0.0	18.0	14.0	1.0	14.0	0.0	3.0	0.0	0.0	10.0	11.0	0.0
o31	0.0	0.0	21.0	0.0	0.0	19.0	6.0	30.0	0.0	10.0	0.0	0.0	0.0	0.0	0.0	1.0	30.0	0.0	5.0	8.0	0.0	0.0	5.0	0.0	1.0	0.0	12.0	8.0	0.0	5.0	0.0	0.0	21.0	0.0	0.0	0.0	0.0	27.0	4.0	2.0	0.0	0.0	11.0	13.0	0.0	2.0	0.0	1.0	13.0	0.0
o32	0.0	9.0	1.0	12.0	0.0	3.0	0.0	7.0	17.0	32.0	8.0	0.0	0.0	0.0	0.0	0.0	0.0	6.0	8.0	0.0	0.0	0.0	0.0	0.0	0.0	27.0	0.0	7.0	5.0	0.0	0.0	0.0	0.0	0.0	0.0	0.0	3.0	7.0	15.0	0.0	0.0	0.0	0.0	7.0	16.0	0.0	0.0	12.0	3.0	4.0
o33	5.0	1.0	0.0	0.0	0.0	0.0	5.0	0.0	17.0	0.0	0.0	0.0	0.0	0.0	6.0	0.0	0.0	0.0	0.0	0.0	4.0	0.0	0.0	3.0	0.0	2.0	0.0	0.0	0.0	0.0	0.0	2.0	0.0	0.0	17.0	0.0	14.0	3.0	5.0	0.0	0.0	0.0	0.0	5.0	0.0	13.0	23.0	0.0	26.0	0.0
o34	0.0	6.0	40.0	0.0	35.0	0.0	0.0	0.0	1.0	0.0	0.0	8.0	5.0	4.0	0.0	7.0	0.0	0.0	0.0	0.0	28.0	0.0	2.0	27.0	8.0	0.0	0.0	0.0	7.0	0.0	0.0	0.0	0.0	0.0	0.0	0.0	0.0	0.0	0.0	0.0	0.0	15.0	0.0	0.0	0.0	0.0	8.0	0.0	2.0	0.0
o35	0.0	5.0	0.0	0.0	0.0	0.0	0.0	0.0	16.0	0.0	0.0	0.0	1.0	0.0	0.0	0.0	0.0	0.0	0.0	0.0	8.0	0.0	0.0	8.0	0.0	0.0	13.0	15.0	0.0	0.0	12.0	0.0	0.0	11.0	0.0	7.0	0.0	0.0	0.0	18.0	12.0	0.0	0.0	0.0	0.0	0.0	0.0	13.0	3.0	0.0
o36	7.0	0.0	0.0	12.0	1.0	0.0	0.0	0.0	30.0	4.0	16.0	0.0	5.0	0.0	0.0	0.0	0.0	0.0	12.0	0.0	4.0	0.0	0.0	0.0	0.0	0.0	13.0	0.0	0.0	0.0	43.0	5.0	8.0	0.0	0.0	3.0	0.0	0.0	0.0	0.0	0.0	5.0	0.0	0.0	0.0	0.0	0.0	5.0	8.0	5.0
o37	0.0	0.0	0.0	0.0	0.0	0.0	0.0	0.0	0.0	0.0	0.0	5.0	18.0	0.0	0.0	0.0	0.0	0.0	0.0	0.0	0.0	0.0	2.0	0.0	0.0	0.0	0.0	0.0	0.0	0.0	0.0	15.0	13.0	0.0	0.0	3.0	2.0	0.0	9.0	8.0	0.0	0.0	0.0	0.0	18.0	0.0	1.0	0.0	0.0	0.0
o38	0.0	0.0	0.0	0.0	0.0	17.0	0.0	0.0	0.0	0.0	2.0	0.0	0.0	0.0	17.0	0.0	0.0	0.0	6.0	0.0	0.0	4.0	0.0	0.0	0.0	0.0	3.0	0.0	2.0	0.0	2.0	0.0	1.0	0.0	0.0	0.0	0.0	1.0	19.0	2.0	0.0	0.0	25.0	0.0	40.0	0.0	9.0	4.0	0.0	0.0
o39	0.0	0.0	6.0	0.0	0.0	0.0	0.0	8.0	0.0	0.0	18.0	8.0	0.0	0.0	8.0	1.0	18.0	1.0	0.0	5.0	0.0	0.0	13.0	0.0	0.0	26.0	10.0	5.0	0.0	9.0	6.0	0.0	3.0	0.0	5.0	0.0	23.0	0.0	0.0	31.0	0.0	0.0	0.0	0.0	0.0	0.0	0.0	0.0	0.0	0.0
o40	0.0	0.0	1.0	0.0	0.0	0.0	0.0	0.0	0.0	3.0	17.0	0.0	0.0	14.0	2.0	0.0	0.0	0.0	0.0	0.0	16.0	0.0	6.0	2.0	11.0	0.0	0.0	13.0	2.0	0.0	0.0	0.0	2.0	0.0	1.0	0.0	0.0	7.0	27.0	0.0	0.0	15.0	7.0	0.0	0.0	5.0	17.0	12.0	0.0	0.0
o41	15.0	0.0	36.0	0.0	33.0	2.0	0.0	12.0	7.0	0.0	0.0	0.0	18.0	3.0	0.0	0.0	4.0	1.0	0.0	0.0	14.0	0.0	0.0	4.0	0.0	0.0	0.0	0.0	2.0	0.0	0.0	0.0	0.0	3.0	0.0	7.0	10.0	0.0	0.0	0.0	0.0	0.0	0.0	0.0	0.0	22.0	8.0	0.0	0.0	0.0
o42	0.0	6.0	0.0	3.0	2.0	0.0	0.0	0.0	0.0	0.0	0.0	10.0	0.0	0.0	0.0	0.0	15.0	0.0	0.0	6.0	2.0	12.0	2.0	0.0	1.0	6.0	0.0	0.0	3.0	0.0	0.0	0.0	0.0	10.0	12.0	0.0	0.0	0.0	0.0	24.0	0.0	17.0	33.0	0.0	29.0	12.0	0.0	9.0	0.0	5.0
o43	0.0	0.0	5.0	2.0	13.0	34.0	0.0	0.0	2.0	8.0	0.0	0.0	5.0	0.0	0.0	0.0	0.0	0.0	0.0	0.0	0.0	0.0	0.0	0.0	0.0	8.0	0.0	0.0	0.0	0.0	26.0	46.0	0.0	0.0	0.0	20.0	22.0	0.0	0.0	0.0	0.0	11.0	0.0	1.0	0.0	0.0	18.0	0.0	10.0	0.0
o44	0.0	0.0	15.0	0.0	2.0	0.0	3.0	0.0	0.0	4.0	9.0	0.0	0.0	4.0	0.0	7.0	0.0	0.0	0.0	11.0	8.0	1.0	4.0	2.0	7.0	0.0	16.0	2.0	5.0	0.0	0.0	0.0	7.0	0.0	0.0	0.0	4.0	32.0	0.0	0.0	11.0	0.0	0.0	0.0	7.0	0.0	0.0	0.0	0.0	0.0
o45	7.0	0.0	0.0	14.0	0.0	0.0	0.0	18.0	0.0	4.0	0.0	0.0	5.0	0.0	0.0	0.0	0.0	9.0	6.0	7.0	0.0	0.0	0.0	0.0	25.0	0.0	17.0	0.0	6.0	0.0	0.0	18.0	0.0	0.0	0.0	13.0	25.0	4.0	0.0	13.0	4.0	3.0	0.0	5.0	4.0	0.0	0.0	0.0	9.0	0.0
o46	0.0	0.0	0.0	0.0	0.0	0.0	0.0	0.0	0.0	0.0	16.0	0.0	0.0	5.0	0.0	0.0	0.0	30.0	13.0	0.0	0.0	0.0	1.0	3.0	0.0	0.0	2.0	0.0	8.0	3.0	0.0	4.0	0.0	4.0	24.0	0.0	8.0	16.0	17.0	0.0	0.0	0.0	0.0	0.0	0.0	10.0	0.0	0.0	3.0	15.0
o47	3.0	0.0	13.0	0.0	0.0	0.0	0.0	0.0	6.0	12.0	15.0	0.0	0.0	0.0	0.0	0.0	0.0	2.0	0.0	16.0	0.0	0.0	2.0	0.0	20.0	0.0	0.0	0.0	11.0	23.0	14.0	32.0	0.0	0.0	0.0	8.0	5.0	8.0	0.0	6.0	0.0	0.0	4.0	5.0	17.0	0.0	0.0	1.0	0.0	0.0
o48	0.0	0.0	11.0	0.0	0.0	2.0	0.0	0.0	0.0	0.0	0.0	0.0	0.0	4.0	0.0	0.0	24.0	1.0	2.0	32.0	0.0	0.0	6.0	0.0	0.0	0.0	0.0	0.0	0.0	0.0	0.0	2.0	15.0	0.0	0.0	0.0	28.0	0.0	0.0	4.0	0.0	3.0	1.0	0.0	0.0	22.0	3.0	0.0	0.0	0.0
o49	2.0	8.0	1.0	0.0	16.0	0.0	4.0	27.0	0.0	9.0	0.0	4.0	8.0	1.0	9.0	0.0	0.0	38.0	1.0	33.0	8.0	0.0	0.0	0.0	0.0	11.0	0.0	17.0	25.0	0.0	0.0	0.0	3.0	0.0	0.0	0.0	5.0	0.0	21.0	0.0	0.0	0.0	0.0	0.0	0.0	0.0	0.0	0.0	10.0	0.0
o50	1.0	39.0	0.0	0.0	0.0	0.0	0.0	0.0	1.0	0.0	0.0	40.0	23.0	0.0	0.0	0.0	7.0	0.0	7.0	0.0	9.0	30.0	10.0	19.0	0.0	0.0	21.0	0.0	0.0	0.0	18.0	0.0	3.0	0.0	0.0	0.0	0.0	0.0	9.0	0.0	0.0	0.0	0.0	0.0	0.0	5.0	0.0	0.0	0.0	0.0
o51	0.0	20.0	0.0	0.0	0.0	4.0	1.0	1.0	4.0	9.0	0.0	9.0	12.0	1.0	0.0	0.0	0.0	14.0	10.0	0.0	15.0	8.0	12.0	6.0	0.0	4.0	0.0	0.0	0.0	0.0	0.0	0.0	0.0	0.0	3.0	0.0	0.0	0.0	7.0	72.0	14.0	0.0	14.0	0.0	0.0	0.0	0.0	0.0	0.0	0.0
o52	0.0	0.0	0.0	6.0	0.0	11.0	0.0	0.0	4.0	0.0	0.0	0.0	4.0	0.0	30.0	8.0	0.0	8.0	11.0	0.0	0.0	12.0	0.0	0.0	6.0	0.0	2.0	0.0	0.0	39.0	0.0	0.0	8.0	3.0	12.0	0.0	0.0	21.0	9.0	1.0	0.0	15.0	18.0	0.0	0.0	0.0	6.0	0.0	0.0	0.0
o53	19.0	18.0	0.0	0.0	8.0	14.0	0.0	0.0	14.0	1.0	0.0	0.0	0.0	0.0	0.0	0.0	0.0	5.0	0.0	2.0	0.0	0.0	0.0	0.0	3.0	24.0	0.0	0.0	20.0	0.0	4.0	0.0	5.0	0.0	0.0	0.0	0.0	20.0	8.0	0.0	0.0	6.0	26.0	0.0	4.0	0.0	13.0	0.0	0.0	6.0
o54	12.0	0.0	12.0	0.0	0.0	0.0	5.0	18.0	8.0	0.0	14.0	0.0	0.0	2.0	0.0	5.0	0.0	0.0	0.0	0.0	0.0	1.0	0.0	2.0	0.0	0.0	6.0	0.0	0.0	0.0	0.0	14.0	1.0	0.0	33.0	0.0	0.0	0.0	0.0	0.0	0.0	0.0	0.0	13.0	0.0	0.0	0.0	0.0	0.0	3.0
o55	0.0	25.0	0.0	8.0	9.0	2.0	0.0	5.0	9.0	0.0	0.0	0.0	0.0	0.0	8.0	3.0	0.0	24.0	16.0	6.0	0.0	0.0	0.0	0.0	0.0	0.0	1.0	0.0	0.0	22.0	0.0	0.0	0.0	0.0	0.0	0.0	3.0	0.0	18.0	0.0	0.0	0.0	5.0	1.0	0.0	0.0	0.0	0.0	18.0	0.0
o56	0.0	0.0	0.0	0.0	13.0	0.0	0.0	0.0	0.0	12.0	3.0	0.0	0.0	0.0	0.0	0.0	0.0	0.0	12.0	0.0	0.0	0.0	1.0	16.0	17.0	0.0	0.0	0.0	10.0	0.0	0.0	8.0	0.0	0.0	1.0	0.0	0.0	0.0	0.0	1.0	15.0	0.0	0.0	0.0	0.0	8.0	0.0	0.0	0.0	22.0
o57	0.0	0.0	0.0	0.0	0.0	0.0	0.0	0.0	0.0	5.0	0.0	0.0	0.0	3.0	3.0	2.0	15.0	0.0	0.0	0.0	0.0	9.0	48.0	10.0	0.0	0.0	7.0	0.0	5.0	0.0	4.0	23.0	0.0	9.0	6.0	0.0	3.0	31.0	5.0	0.0	0.0	0.0	0.0	0.0	0.0	0.0	4.0	0.0	3.0	0.0
o58	0.0	0.0	0.0	0.0	8.0	6.0	0.0	10.0	0.0	0.0	2.0	0.0	0.0	0.0	10.0	0.0	0.0	34.0	0.0	2.0	0.0	0.0	8.0	0.0	0.0	4.0	0.0	0.0	7.0	3.0	0.0	0.0	10.0	7.0	0.0	18.0	40.0	0.0	8.0	0.0	0.0	0.0	0.0	0.0	0.0	0.0	0.0	22.0	0.0	0.0
o59	6.0	0.0	0.0	0.0	0.0	0.0	0.0	0.0	3.0	0.0	0.0	0.0	1.0	0.0	0.0	5.0	0.0	0.0	0.0	15.0	4.0	0.0	16.0	0.0	12.0	17.0	0.0	0.0	0.0	12.0	0.0	9.0	11.0	0.0	7.0	0.0	15.0	9.0	1.0	0.0	0.0	1.0	0.0	20.0	0.0	0.0	29.0	9.0	0.0	0.0
o60	0.0	0.0	0.0	0.0	0.0	0.0	0.0	0.0	1.0	0.0	1.0	0.0	0.0	0.0	0.0	0.0	1.0	0.0	0.0	0.0	0.0	0.0	1.0	1.0	0.0	0.0	0.0	0.0	0.0	0.0	1.0	0.0	6.0	2.0	0.0	0.0	0.0	0.0	0.0	0.0	0.0	14.0	0.0	0.0	0.0	3.0	0.0	0.0	0.0	0.0
o61	0.0	0.0	0.0	1.0	1.0	0.0	0.0	1.0	0.0	0.0	0.0	0.0	0.0	2.0	0.0	0.0	21.0	0.0	0.0	0.0	0.0	0.0	3.0	0.0	0.0	0.0	0.0	0.0	4.0	0.0	0.0	0.0	0.0	0.0	0.0	0.0	0.0	0.0	2.0	0.0	0.0	0.0	0.0	0.0	0.0	1.0	3.0	0.0	0.0	1.0
o62	1.0	0.0	0.0	1.0	0.0	1.0	18.0	0.0	0.0	0.0	0.0	0.0	1.0	1.0	0.0	1.0	0.0	0.0	0.0	0.0	0.0	2.0	0.0	0.0	0.0	1.0	0.0	0.0	1.0	0.0	2.0	0.0	0.0	1.0	1.0	0.0	0.0	0.0	0.0	1.0	0.0	1.0	1.0	0.0	1.0	1.0	1.0	5.0	0.0	0.0
o63	0.0	0.0	0.0	1.0	4.0	1.0	0.0	2.0	0.0	0.0	0.0	1.0	0.0	0.0	0.0	0.0	0.0	1.0	0.0	0.0	0.0	3.0	0.0	0.0	0.0	0.0	1.0	0.0	0.0	1.0	0.0	2.0	0.0	0.0	0.0	0.0	1.0	0.0	0.0	0.0	0.0	0.0	1.0	0.0	0.0	5.0	1.0	0.0	1.0	0.0
o64	2.0	4.0	0.0	0.0	0.0	0.0	1.0	0.0	0.0	0.0	0.0	0.0	0.0	0.0	0.0	0.0	1.0	0.0	0.0	0.0	1.0	0.0	0.0	0.0	2.0	1.0	0.0	0.0	3.0	0.0	1.0	1.0	0.0	0.0	0.0	0.0	0.0	0.0	0.0	0.0	0.0	0.0	1.0	1.0	0.0	0.0	2.0	0.0	1.0	1.0
o65	0.0	0.0	0.0	1.0	0.0	0.0	1.0	0.0	2.0	1.0	3.0	0.0	0.0	0.0	1.0	0.0	0.0	1.0	0.0	0.0	0.0	4.0	0.0	0.0	0.0	0.0	0.0	0.0	1.0	2.0	2.0	2.0	2.0	0.0	0.0	0.0	0.0	1.0	0.0	0.0	0.0	0.0	0.0	0.0	2.0	0.0	0.0	0.0	0.0	0.0
o66	0.0	0.0	0.0	1.0	1.0	0.0	1.0	0.0	0.0	0.0	0.0	2.0	1.0	0.0	1.0	0.0	0.0	1.0	1.0	0.0	0.0	0.0	0.0	0.0	0.0	0.0	3.0	0.0	0.0	0.0	0.0	0.0	0.0	0.0	0.0	0.0	0.0	0.0	4.0	0.0	0.0	0.0	0.0	1.0	0.0	0.0	0.0	4.0	0.0	0.0
o67	0.0	5.0	0.0	6.0	1.0	1.0	0.0	28.0	0.0	0.0	0.0	3.0	0.0	0.0	2.0	2.0	0.0	0.0	2.0	0.0	2.0	0.0	0.0	0.0	0.0	0.0	0.0	0.0	0.0	1.0	3.0	3.0	0.0	0.0	0.0	0.0	0.0	0.0	0.0	0.0	4.0	0.0	0.0	0.0	0.0	6.0	0.0	0.0	3.0	3.0
o68	1.0	0.0	0.0	1.0	0.0	1.0	0.0	0.0	4.0	0.0	0.0	0.0	0.0	0.0	1.0	0.0	1.0	0.0	0.0	0.0	1.0	0.0	0.0	0.0	0.0	0.0	1.0	1.0	0.0	1.0	1.0	2.0	0.0	0.0	0.0	0.0	5.0	1.0	0.0	0.0	0.0	0.0	7.0	2.0	3.0	0.0	0.0	0.0	0.0	0.0
o69	0.0	0.0	0.0	0.0	0.0	0.0	0.0	0.0	0.0	0.0	0.0	6.0	1.0	0.0	1.0	0.0	1.0	0.0	1.0	0.0	6.0	0.0	0.0	0.0	0.0	0.0	1.0	3.0	0.0	0.0	1.0	0.0	0.0	0.0	3.0	0.0	3.0	1.0	1.0	0.0	2.0	1.0	0.0	0.0	5.0	0.0	0.0	1.0	0.0	2.0
o70	0.0	0.0	0.0	0.0	0.0	0.0	0.0	2.0	0.0	3.0	0.0	0.0	1.0	1.0	1.0	2.0	1.0	0.0	0.0	0.0	2.0	4.0	0.0	0.0	8.0	0.0	0.0	0.0	0.0	0.0	0.0	1.0	0.0	1.0	0.0	0.0	0.0	0.0	1.0	0.0	7.0	0.0	0.0	0.0	1.0	2.0	1.0	0.0	0.0	0.0
o71	0.0	5.0	0.0	0.0	0.0	0.0	0.0	0.0	0.0	1.0	3.0	0.0	0.0	0.0	1.0	0.0	0.0	0.0	0.0	1.0	0.0	0.0	1.0	0.0	0.0	9.0	1.0	1.0	0.0	1.0	0.0	1.0	1.0	0.0	1.0	1.0	0.0	0.0	0.0	0.0	0.0	2.0	0.0	0.0	0.0	0.0	0.0	0.0	1.0	0.0
o72	3.0	0.0	2.0	0.0	1.0	0.0	2.0	0.0	0.0	0.0	0.0	0.0	6.0	0.0	0.0	0.0	0.0	1.0	1.0	1.0	2.0	0.0	0.0	0.0	5.0	0.0	0.0	1.0	12.0	1.0	0.0	0.0	0.0	0.0	0.0	11.0	3.0	0.0	0.0	0.0	0.0	0.0	0.0	2.0	1.0	6.0	0.0	0.0	0.0	1.0
o73	0.0	7.0	0.0	0.0	0.0	0.0	1.0	0.0	0.0	0.0	5.0	0.0	0.0	0.0	0.0	0.0	0.0	0.0	1.0	0.0	1.0	1.0	0.0	0.0	0.0	1.0	1.0	0.0	1.0	0.0	3.0	0.0	0.0	1.0	0.0	0.0	0.0	1.0	1.0	0.0	1.0	0.0	0.0	0.0	0.0	0.0	3.0	1.0	0.0	0.0
o74	0.0	0.0	0.0	0.0	0.0	5.0	0.0	0.0	0.0	0.0	0.0	1.0	0.0	0.0	0.0	1.0	2.0	0.0	0.0	0.0	0.0	1.0	3.0	0.0	0.0	0.0	1.0	1.0	0.0	2.0	0.0	1.0	0.0	0.0	1.0	0.0	0.0	0.0	1.0	0.0	0.0	0.0	0.0	0.0	1.0	0.0	0.0	2.0	0.0	0.0
o75	0.0	0.0	0.0	0.0	0.0	0.0	1.0	1.0	0.0	0.0	0.0	3.0	1.0	0.0	0.0	2.0	2.0	0.0	0.0	1.0	0.0	3.0	0.0	0.0	0.0	0.0	0.0	1.0	0.0	0.0	0.0	9.0	1.0	0.0	0.0	0.0	1.0	0.0	0.0	0.0	0.0	0.0	0.0	0.0	0.0	0.0	0.0	1.0	0.0	0.0
o76	0.0	0.0	0.0	0.0	0.0	1.0	0.0	0.0	0.0	0.0	0.0	1.0	0.0	1.0	0.0	0.0	0.0	3.0	1.0	0.0	0.0	0.0	0.0	1.0	0.0	6.0	0.0	0.0	0.0	0.0	0.0	0.0	2.0	1.0	0.0	0.0	1.0	1.0	0.0	0.0	1.0	8.0	1.0	0.0	0.0	2.0	4.0	0.0	0.0	0.0
o77	1.0	1.0	0.0	0.0	1.0	2.0	0.0	1.0	0.0	0.0	0.0	0.0	0.0	0.0	0.0	0.0	0.0	0.0	4.0	1.0	0.0	0.0	0.0	0.0	1.0	0.0	1.0	0.0	2.0	0.0	9.0	0.0	0.0	2.0	0.0	0.0	0.0	1.0	1.0	0.0	0.0	0.0	0.0	0.0	0.0	1.0	0.0	0.0	4.0	5.0
o78	0.0	0.0	2.0	1.0	0.0	2.0	0.0	0.0	0.0	1.0	2.0	0.0	0.0	0.0	0.0	0.0	0.0	0.0	0.0	0.0	0.0	2.0	1.0	0.0	0.0	0.0	0.0	0.0	1.0	2.0	0.0	0.0	0.0	0.0	0.0	0.0	0.0	0.0	0.0	0.0	0.0	1.0	0.0	0.0	0.0	0.0	3.0	0.0	0.0	0.0
o79	0.0	0.0	1.0	0.0	0.0	2.0	0.0	0.0	1.0	0.0	2.0	1.0	2.0	0.0	2.0	0.0	0.0	2.0	0.0	0.0	0.0	3.0	0.0	0.0	0.0	0.0	0.0	0.0	0.0	0.0	0.0	6.0	6.0	0.0	0.0	0.0	0.0	0.0	0.0	0.0	0.0	5.0	0.0	2.0	0.0	0.0	0.0	0.0	0.0	0.0
o80	1.0	0.0	0.0	0.0	0.0	0.0	0.0	0.0	0.0	0.0	0.0	0.0	0.0	0.0	0.0	0.0	1.0	0.0	0.0	1.0	11.0	0.0	0.0	2.0	0.0	0.0	0.0	2.0	0.0	1.0	0.0	0.0	2.0	0.0	0.0	0.0	4.0	1.0	0.0	2.0	0.0	2.0	0.0	0.0	0.0	0.0	0.0	0.0	0.0	4.0
o81	17.0	0.0	0.0	0.0	5.0	0.0	2.0	0.0	0.0	0.0	0.0	1.0	0.0	1.0	0.0	0.0	0.0	0.0	1.0	0.0	0.0	1.0	0.0	1.0	0.0	1.0	0.0	4.0	0.0	0.0	0.0	0.0	0.0	0.0	0.0	0.0	0.0	0.0	2.0	2.0	0.0	0.0	6.0	0.0	0.0	0.0	0.0	1.0	3.0	0.0
o82	3.0	2.0	1.0	0.0	0.0	0.0	0.0	4.0	1.0	0.0	0.0	0.0	2.0	2.0	1.0	0.0	0.0	0.0	6.0	3.0	0.0	0.0	0.0	1.0	0.0	1.0	1.0	3.0	0.0	1.0	0.0	0.0	0.0	0.0	1.0	4.0	0.0	0.0	0.0	7.0	1.0	0.0	0.0	0.0	7.0	0.0	3.0	1.0	0.0	0.0
o83	7.0	0.0	0.0	0.0	2.0	10.0	1.0	0.0	0.0	0.0	0.0	1.0	1.0	0.0	0.0	0.0	0.0	0.0	0.0	0.0	0.0	3.0	0.0	1.0	0.0	1.0	0.0	0.0	0.0	0.0	0.0	0.0	0.0	2.0	1.0	0.0	1.0	1.0	0.0	0.0	0.0	0.0	0.0	0.0	0.0	1.0	0.0	0.0	0.0	2.0
o84	0.0	1.0	0.0	1.0	0.0	0.0	0.0	0.0	0.0	0.0	0.0	0.0	0.0	0.0	0.0	0.0	0.0	0.0	0.0	0.0	1.0	2.0	0.0	3.0	0.0	4.0	0.0	1.0	0.0	0.0	0.0	0.0	0.0	2.0	0.0	2.0	0.0	0.0	2.0	1.0	4.0	0.0	0.0	1.0	0.0	1.0	1.0	10.0	0.0	3.0
o85	1.0	0.0	0.0	0.0	0.0	0.0	1.0	0.0	0.0	0.0	0.0	0.0	0.0	0.0	0.0	0.0	2.0	3.0	0.0	0.0	0.0	0.0	0.0	0.0	0.0	4.0	0.0	3.0	0.0	0.0	0.0	0.0	0.0	0.0	0.0	0.0	0.0	0.0	1.0	1.0	0.0	0.0	0.0	0.0	0.0	0.0	0.0	0.0	0.0	2.0
o86	0.0	0.0	0.0	1.0	0.0	0.0	0.0	1.0	1.0	0.0	0.0	0.0	1.0	1.0	0.0	2.0	0.0	0.0	0.0	3.0	2.0	0.0	0.0	5.0	0.0	0.0	8.0	0.0	0.0	0.0	1.0	0.0	2.0	1.0	0.0	0.0	0.0	2.0	1.0	0.0	1.0	0.0	0.0	0.0	0.0	1.0	0.0	0.0	0.0	0.0
o87	2.0	0.0	0.0	1.0	0.0	1.0	1.0	0.0	0.0	1.0	1.0	2.0	0.0	0.0	0.0	3.0	1.0	1.0	1.0	0.0	0.0	0.0	0.0	0.0	0.0	0.0	0.0	0.0	0.0	0.0	0.0	3.0	0.0	0.0	0.0	0.0	2.0	0.0	2.0	0.0	1.0	0.0	11.0	0.0	0.0	0.0	1.0	0.0	0.0	0.0
o88	4.0	0.0	0.0	4.0	0.0	0.0	1.0	0.0	0.0	3.0	1.0	0.0	0.0	0.0	2.0	3.0	0.0	4.0	0.0	0.0	0.0	0.0	0.0	0.0	0.0	0.0	1.0	0.0	5.0	0.0	0.0	0.0	0.0	0.0	0.0	1.0	0.0	0.0	2.0	0.0	0.0	0.0	0.0	0.0	0.0	1.0	0.0	5.0	7.0	1.0
o89	0.0	0.0	0.0	0.0	4.0	0.0	2.0	0.0	0.0	0.0	1.0	0.0	0.0	0.0	0.0	0.0	0.0	0.0	0.0	0.0	1.0	1.0	0.0	0.0	0.0	0.0	0.0	0.0	1.0	6.0	0.0	0.0	0.0	0.0	0.0	0.0	2.0	0.0	0.0	3.0	1.0	0.0	0.0	0.0	2.0	0.0	0.0	0.0	2.0	0.0
o90	0.0	0.0	0.0	4.0	0.0	0.0	0.0	1.0	7.0	1.0	0.0	0.0	0.0	0.0	0.0	0.0	0.0	0.0	0.0	0.0	0.0	0.0	0.0	1.0	0.0	0.0	0.0	1.0	0.0	0.0	0.0	0.0	0.0	2.0	0.0	0.0	1.0	6.0	1.0	1.0	2.0	0.0	0.0	0.0	1.0	0.0	0.0	3.0	1.0	0.0
o91	0.0	0.0	0.0	0.0	8.0	0.0	0.0	0.0	5.0	3.0	0.0	0.0	0.0	0.0	0.0	0.0	0.0	0.0	0.0	1.0	1.0	6.0	0.0	0.0	0.0	0.0	0.0	1.0	1.0	0.0	0.0	0.0	0.0	0.0	0.0	10.0	4.0	1.0	0.0	0.0	0.0	1.0	0.0	1.0	1.0	0.0	0.0	0.0	19.0	0.0
o92	0.0	0.0	0.0	0.0	0.0	1.0	0.0	0.0	3.0	0.0	3.0	0.0	2.0	0.0	0.0	1.0	0.0	0.0	4.0	1.0	0.0	0.0	0.0	1.0	0.0	0.0	1.0	1.0	0.0	0.0	0.0	0.0	0.0	0.0	1.0	2.0	0.0	0.0	0.0	1.0	4.0	0.0	2.0	0.0	0.0	0.0	0.0	0.0	2.0	0.0
o93	2.0	1.0	0.0	0.0	0.0	0.0	0.0	1.0	0.0	0.0	0.0	0.0	0.0	0.0	0.0	1.0	2.0	0.0	0.0	0.0	0.0	1.0	0.0	0.0	0.0	0.0	0.0	2.0	0.0	0.0	0.0	0.0	0.0	0.0	0.0	1.0	2.0	0.0	4.0	0.0	0.0	0.0	0.0	0.0	0.0	0.0	0.0	0.0	1.0	0.0
o94	0.0	0.0	1.0	7.0	0.0	1.0	4.0	2.0	1.0	0.0	1.0	0.0	0.0	0.0	0.0	0.0	3.0	0.0	0.0	0.0	0.0	3.0	4.0	0.0	0.0	0.0	0.0	0.0	0.0	1.0	0.0	3.0	0.0	1.0	0.0	1.0	0.0	0.0	0.0	0.0	0.0	2.0	5.0	0.0	3.0	0.0	0.0	1.0	1.0	0.0
o95	7.0	2.0	0.0	0.0	0.0	0.0	0.0	0.0	0.0	0.0	0.0	1.0	0.0	0.0	0.0	0.0	0.0	0.0	0.0	0.0	0.0	0.0	1.0	0.0	0.0	0.0	0.0	0.0	0.0	0.0	0.0	1.0	0.0	0.0	0.0	0.0	0.0	2.0	0.0	0.0	0.0	0.0	0.0	3.0	0.0	0.0	0.0	4.0	0.0	1.0
o96	0.0	0.0	0.0	1.0	0.0	5.0	0.0	3.0	0.0	0.0	0.0	0.0	0.0	0.0	0.0	0.0	1.0	1.0	1.0	0.0	0.0	0.0	0.0	0.0	0.0	0.0	0.0	0.0	1.0	0.0	0.0	0.0	0.0	0.0	1.0	6.0	0.0	0.0	0.0	0.0	1.0	0.0	1.0	0.0	0.0	0.0	3.0	0.0	0.0	0.0
o97	0.0	2.0	0.0	0.0	0.0	1.0	0.0	0.0	2.0	0.0	1.0	1.0	0.0	1.0	0.0	0.0	0.0	0.0	2.0	0.0	0.0	0.0	0.0	2.0	1.0	0.0	0.0	0.0	1.0	0.0	0.0	0.0	0.0	1.0	1.0	1.0	6.0	0.0	2.0	0.0	0.0	0.0	0.0	0.0	0.0	0.0	0.0	0.0	0.0	1.0
o98	1.0	0.0	1.0	1.0	0.0	0.0	1.0	7.0	0.0	0.0	0.0	0.0	1.0	2.0	0.0	0.0	1.0	0.0	0.0	0.0	0.0	0.0	1.0	0.0	0.0	0.0	0.0	0.0	0.0	0.0	2.0	0.0	0.0	0.0	2.0	1.0	3.0	1.0	8.0	0.0	4.0	0.0	0.0	0.0	1.0	0.0	0.0	1.0	3.0	0.0
o99	0.0	0.0	0.0	1.0	0.0	1.0	2.0	3.0	0.0	0.0	0.0	1.0	0.0	0.0	0.0	0.0	1.0	2.0	0.0	0.0	0.0	0.0	0.0	0.0	3.0	2.0	0.0	0.0	1.0	0.0	0.0	1.0	0.0	0.0	0.0	0.0	0.0	0.0	0.0	1.0	0.0	0.0	0.0	0.0	0.0	0.0	0.0	1.0	0.0	1.0
o100	0.0	0.0	0.0	0.0	0.0	0.0	2.0	0.0	1.0	0.0	0.0	0.0	0.0	0.0	0.0	0.0	1.0	1.0	0.0	0.0	6.0	0.0	0.0	2.0	0.0	0.0	0.0	0.0	0.0	0.0	0.0	3.0	4.0	1.0	0.0	0.0	0.0	0.0	1.0	1.0	0.0	0.0	0.0	0.0	1.0	1.0	0.0	0.0	0.0	0.0
o101	1.0	0.0	0.0	0.0	0.0	0.0	0.0	0.0	0.0	0.0	0.0	0.0	0.0	0.0	1.0	0.0	0.0	5.0	0.0	0.0	1.0	1.0	3.0	1.0	1.0	0.0	1.0	1.0	0.0	0.0	2.0	1.0	0.0	0.0	1.0	3.0	0.0	1.0	1.0	0.0	0.0	1.0	0.0	0.0	3.0	0.0	0.0	0.0	0.0	0.0